{
  "minPB": 0.4233,
  "maxPB": 2.0409,
  "medianPB": 0.79,
  "hienTaiPB": 0.6218376845243998,
  "minPE": 1.7673,
  "maxPE": 37.0536,
  "medianPE": 8.76,
  "hienTaiPE": 9.149223669222357,
  "minPS": 0.162,
  "maxPS": 0.9448,
  "medianPS": 0.33,
  "hienTaiPS": 0.25898960046292907
}