{
  "minPB": 0.4233,
  "maxPB": 2.0405,
  "medianPB": 0.79,
  "hienTaiPB": 0.6462516351870206,
  "minPE": 1.7722,
  "maxPE": 36.9751,
  "medianPE": 8.77,
  "hienTaiPE": 9.508431065011688,
  "minPS": 0.1614,
  "maxPS": 0.9448,
  "medianPS": 0.34,
  "hienTaiPS": 0.26915778339103485
}