{
  "minPB": 0.4233,
  "maxPB": 2.0409,
  "medianPB": 0.8,
  "hienTaiPB": 0.6225557418968297,
  "minPE": 1.7673,
  "maxPE": 37.0536,
  "medianPE": 8.76,
  "hienTaiPE": 8.582608512796215,
  "minPS": 0.1619,
  "maxPS": 0.9448,
  "medianPS": 0.33,
  "hienTaiPS": 0.285120206548646
}