{
  "minPB": 0.4233,
  "maxPB": 2.0407,
  "medianPB": 0.79,
  "hienTaiPB": 0.6405071762075804,
  "minPE": 1.7698,
  "maxPE": 37.0143,
  "medianPE": 8.76,
  "hienTaiPE": 9.423911677767139,
  "minPS": 0.1614,
  "maxPS": 0.9448,
  "medianPS": 0.34,
  "hienTaiPS": 0.2667652697608923
}