{
  "minPB": 0.3395,
  "maxPB": 0.6878,
  "medianPB": 0.39,
  "hienTaiPB": 0.5409179512095381,
  "minPE": 0,
  "maxPE": 69.6651,
  "medianPE": 39.26,
  "hienTaiPE": 36.323347854407665,
  "minPS": 0.4703,
  "maxPS": 4.0165,
  "medianPS": 1.99,
  "hienTaiPS": 0.5525266192902853
}