{
  "minPB": 0.3395,
  "maxPB": 0.6878,
  "medianPB": 0.39,
  "hienTaiPB": 0.5220074911526861,
  "minPE": 0,
  "maxPE": 69.6651,
  "medianPE": 39.21,
  "hienTaiPE": 35.05348572985445,
  "minPS": 0.4703,
  "maxPS": 4.0165,
  "medianPS": 1.99,
  "hienTaiPS": 0.5332103208737277
}