{
  "minPB": 0.3395,
  "maxPB": 0.6878,
  "medianPB": 0.39,
  "hienTaiPB": 0.5515550849915174,
  "minPE": 0,
  "maxPE": 69.6651,
  "medianPE": 39.26,
  "hienTaiPE": 37.037645299468856,
  "minPS": 0.4703,
  "maxPS": 4.0165,
  "medianPS": 2,
  "hienTaiPS": 0.5633920371495991
}