{
  "minPB": 0.3395,
  "maxPB": 0.6878,
  "medianPB": 0.39,
  "hienTaiPB": 0.5559872240673421,
  "minPE": 0,
  "maxPE": 69.6651,
  "medianPE": 39.24,
  "hienTaiPE": 37.33526923491101,
  "minPS": 0.4703,
  "maxPS": 4.0165,
  "medianPS": 1.99,
  "hienTaiPS": 0.5679192945909798
}