{
  "minPB": 0.3395,
  "maxPB": 0.6878,
  "medianPB": 0.39,
  "hienTaiPB": 0.4924598973138548,
  "minPE": 0,
  "maxPE": 69.6651,
  "medianPE": 39.09,
  "hienTaiPE": 33.069326160240045,
  "minPS": 0.4702,
  "maxPS": 4.0165,
  "medianPS": 1.98,
  "hienTaiPS": 0.5030286045978563
}