{
  "minPB": 0.3433,
  "maxPB": 0.4009,
  "medianPB": 0.35,
  "hienTaiPB": 0.46045000398845426,
  "minPE": 0,
  "maxPE": 37.3373,
  "medianPE": 34.92,
  "hienTaiPE": 30.919819959824444,
  "minPS": 0.3746,
  "maxPS": 3.4903,
  "medianPS": 1.75,
  "hienTaiPS": 0.47033174529899563
}