{
  "minPB": 0.3433,
  "maxPB": 0.3706,
  "medianPB": 0.35,
  "hienTaiPB": 0.36442032401225255,
  "minPE": 0,
  "maxPE": 37.3373,
  "medianPE": 34.92,
  "hienTaiPE": 24.471301358577634,
  "minPS": 0.3722,
  "maxPS": 3.4903,
  "medianPS": 1.77,
  "hienTaiPS": 0.37224116740241364
}