{
  "minPB": 0.3395,
  "maxPB": 0.6878,
  "medianPB": 0.39,
  "hienTaiPB": 0.5274245500231385,
  "minPE": 0,
  "maxPE": 69.6651,
  "medianPE": 39.31,
  "hienTaiPE": 35.41724831761709,
  "minPS": 0.4703,
  "maxPS": 4.0165,
  "medianPS": 1.99,
  "hienTaiPS": 0.538743635524304
}