{
  "minPB": 0.3824,
  "maxPB": 1.2222,
  "medianPB": 0.58,
  "hienTaiPB": 0.36997989595853653,
  "minPE": -34.8689,
  "maxPE": 147.4739,
  "medianPE": 14.08,
  "hienTaiPE": -11.5069,
  "minPS": 0.2757,
  "maxPS": 1.1342,
  "medianPS": 0.47,
  "hienTaiPS": 0.4732481898687663
}