{
  "minPB": 0.3839,
  "maxPB": 1.2222,
  "medianPB": 0.58,
  "hienTaiPB": 0.3731739670027829,
  "minPE": -34.8689,
  "maxPE": 150.0995,
  "medianPE": 14.13,
  "hienTaiPE": -11.4241,
  "minPS": 0.2741,
  "maxPS": 1.0819,
  "medianPS": 0.48,
  "hienTaiPS": 0.47733378575252544
}