{
  "minPB": 0.5548,
  "maxPB": 0.8262,
  "medianPB": 0.63,
  "hienTaiPB": 0.7860568400005091,
  "minPE": 18.0624,
  "maxPE": 26.8968,
  "medianPE": 20.42,
  "hienTaiPE": 24.594196958809817,
  "minPS": 0.4638,
  "maxPS": 4.7498,
  "medianPS": 1.75,
  "hienTaiPS": 4.798367593070339
}