{
  "minPB": 0.5009,
  "maxPB": 2.5909,
  "medianPB": 0.81,
  "hienTaiPB": 0.8270893014518467,
  "minPE": -334.9928,
  "maxPE": 87.6723,
  "medianPE": 9.58,
  "hienTaiPE": 25.878023251369413,
  "minPS": 0.4656,
  "maxPS": 4.868,
  "medianPS": 1.7,
  "hienTaiPS": 5.0488441785700315
}