{
  "minPB": 0.5009,
  "maxPB": 2.5909,
  "medianPB": 0.81,
  "hienTaiPB": 0.8096091048694383,
  "minPE": -334.9928,
  "maxPE": 87.6723,
  "medianPE": 9.58,
  "hienTaiPE": 25.331101736601873,
  "minPS": 0.4656,
  "maxPS": 4.8927,
  "medianPS": 1.7,
  "hienTaiPS": 4.942138906720387
}