{
  "minPB": 0.5009,
  "maxPB": 2.5909,
  "medianPB": 0.81,
  "hienTaiPB": 0.7955329465688674,
  "minPE": -334.9928,
  "maxPE": 87.6723,
  "medianPE": 9.58,
  "hienTaiPE": 24.89068599049959,
  "minPS": 0.4656,
  "maxPS": 4.868,
  "medianPS": 1.7,
  "hienTaiPS": 4.856213082546725
}