{
  "minPB": 0.5548,
  "maxPB": 0.8262,
  "medianPB": 0.62,
  "hienTaiPB": 0.7728086910117365,
  "minPE": 18.0624,
  "maxPE": 26.8968,
  "medianPE": 20.34,
  "hienTaiPE": 24.17968802130179,
  "minPS": 0.4638,
  "maxPS": 4.6625,
  "medianPS": 1.75,
  "hienTaiPS": 4.717496229142188
}