{
  "minPB": 0.5548,
  "maxPB": 0.8262,
  "medianPB": 0.63,
  "hienTaiPB": 0.8043650458947158,
  "minPE": 18.0624,
  "maxPE": 26.8968,
  "medianPE": 20.38,
  "hienTaiPE": 25.16702528217161,
  "minPS": 0.4638,
  "maxPS": 4.7439,
  "medianPS": 1.75,
  "hienTaiPS": 4.910127325165494
}