{
  "minPB": 0.5009,
  "maxPB": 2.5909,
  "medianPB": 0.81,
  "hienTaiPB": 0.8361054028469835,
  "minPE": -334.9928,
  "maxPE": 87.6723,
  "medianPE": 9.58,
  "hienTaiPE": 26.160119611617933,
  "minPS": 0.4656,
  "maxPS": 4.8141,
  "medianPS": 1.69,
  "hienTaiPS": 5.10388163457669
}