{
  "minPB": 0.5009,
  "maxPB": 2.5909,
  "medianPB": 0.81,
  "hienTaiPB": 0.8188092083338637,
  "minPE": -334.9928,
  "maxPE": 87.6723,
  "medianPE": 9.6,
  "hienTaiPE": 25.618955165426893,
  "minPS": 0.4656,
  "maxPS": 4.9438,
  "medianPS": 1.7,
  "hienTaiPS": 4.9982995761149365
}