{
  "minPB": 0.5009,
  "maxPB": 2.5909,
  "medianPB": 0.81,
  "hienTaiPB": 0.8004090014050128,
  "minPE": -334.9928,
  "maxPE": 87.6723,
  "medianPE": 9.58,
  "hienTaiPE": 25.043248307776853,
  "minPS": 0.4656,
  "maxPS": 4.7984,
  "medianPS": 1.69,
  "hienTaiPS": 4.885978237325837
}