{
  "minPB": 0.3301,
  "maxPB": 1.7772,
  "medianPB": 0.52,
  "hienTaiPB": 0.33665754343547344,
  "minPE": 3.2968,
  "maxPE": 115.6786,
  "medianPE": 20.46,
  "hienTaiPE": -465.7857,
  "minPS": 0.3344,
  "maxPS": 2.0364,
  "medianPS": 0.61,
  "hienTaiPS": 0.4070537188735581
}