{
  "minPB": 0.3301,
  "maxPB": 1.7772,
  "medianPB": 0.52,
  "hienTaiPB": 0.3396723871080299,
  "minPE": 3.2968,
  "maxPE": 115.6786,
  "medianPE": 20.48,
  "hienTaiPE": -467.1638,
  "minPS": 0.3344,
  "maxPS": 2.0364,
  "medianPS": 0.61,
  "hienTaiPS": 0.41069897605750044
}