{
  "minPB": 0.3301,
  "maxPB": 1.7772,
  "medianPB": 0.52,
  "hienTaiPB": 0.3396723871080299,
  "minPE": 3.3616,
  "maxPE": 115.6786,
  "medianPE": 20.54,
  "hienTaiPE": -471.298,
  "minPS": 0.3351,
  "maxPS": 2.0303,
  "medianPS": 0.56,
  "hienTaiPS": 0.41069897605750044
}