{
  "minPB": 0.3301,
  "maxPB": 1.7772,
  "medianPB": 0.52,
  "hienTaiPB": 0.33565259554462124,
  "minPE": 3.2961,
  "maxPE": 115.6786,
  "medianPE": 20.44,
  "hienTaiPE": -461.6515,
  "minPS": 0.3344,
  "maxPS": 2.0364,
  "medianPS": 0.6,
  "hienTaiPS": 0.40583863314557733
}