{
  "minPB": 0.3301,
  "maxPB": 1.7772,
  "medianPB": 0.52,
  "hienTaiPB": 0.34369217867143853,
  "minPE": 3.3681,
  "maxPE": 115.6786,
  "medianPE": 20.54,
  "hienTaiPE": 15.487952121836951,
  "minPS": 0.3351,
  "maxPS": 2.0303,
  "medianPS": 0.57,
  "hienTaiPS": 0.35543955340000827
}