{
  "minPB": 0.3301,
  "maxPB": 1.7772,
  "medianPB": 0.52,
  "hienTaiPB": 0.34067733499888203,
  "minPE": 3.3033,
  "maxPE": 115.6786,
  "medianPE": 20.49,
  "hienTaiPE": -464.4077,
  "minPS": 0.3344,
  "maxPS": 2.0364,
  "medianPS": 0.61,
  "hienTaiPS": 0.4119140617854812
}