{
  "minPB": 0.3301,
  "maxPB": 1.7772,
  "medianPB": 0.52,
  "hienTaiPB": 0.33163280398121264,
  "minPE": 3.232,
  "maxPE": 115.6786,
  "medianPE": 20.35,
  "hienTaiPE": -460.2735,
  "minPS": 0.3344,
  "maxPS": 2.0364,
  "medianPS": 0.6,
  "hienTaiPS": 0.4009782902336543
}