{
  "minPB": 0.3448,
  "maxPB": 2.5648,
  "medianPB": 0.76,
  "hienTaiPB": 0.6508491578609978,
  "minPE": -203.4319,
  "maxPE": 182.9944,
  "medianPE": 7.01,
  "hienTaiPE": -40.4183,
  "minPS": 0.2909,
  "maxPS": 70.0349,
  "medianPS": 1.08,
  "hienTaiPS": 12.368520569658036
}