{
  "minPB": 0.5378,
  "maxPB": 0.5938,
  "medianPB": 0.57,
  "hienTaiPB": 0.5461970408406314,
  "minPE": 12.3708,
  "maxPE": 335.2905,
  "medianPE": 322.77,
  "hienTaiPE": 12.564017324714747,
  "minPS": 0.6758,
  "maxPS": 3.5283,
  "medianPS": 1.91,
  "hienTaiPS": 2.5282068362100234
}