{
  "minPB": 0.5378,
  "maxPB": 0.5938,
  "medianPB": 0.57,
  "hienTaiPB": 0.5377985430451321,
  "minPE": 12.3708,
  "maxPE": 335.2905,
  "medianPE": 322.99,
  "hienTaiPE": 12.370829035664642,
  "minPS": 0.6758,
  "maxPS": 3.5283,
  "medianPS": 1.9,
  "hienTaiPS": 2.4893323313101123
}