{
  "minPB": 0.5569,
  "maxPB": 1.4009,
  "medianPB": 0.67,
  "hienTaiPB": 0.562478339198573,
  "minPE": 4.3707,
  "maxPE": 323.3411,
  "medianPE": 8.25,
  "hienTaiPE": 12.938531464013636,
  "minPS": 0.6758,
  "maxPS": 3.523,
  "medianPS": 0.91,
  "hienTaiPS": 2.60356881500722
}