{
  "minPB": 0.5378,
  "maxPB": 0.5938,
  "medianPB": 0.57,
  "hienTaiPB": 0.5440605808751097,
  "minPE": 12.3708,
  "maxPE": 335.2905,
  "medianPE": 322.94,
  "hienTaiPE": 12.514872935394983,
  "minPS": 0.6758,
  "maxPS": 3.5283,
  "medianPS": 1.9,
  "hienTaiPS": 2.5183177077705725
}