{
  "minPB": 0.5569,
  "maxPB": 1.4009,
  "medianPB": 0.67,
  "hienTaiPB": 0.5746340596920589,
  "minPE": 4.3707,
  "maxPE": 323.3411,
  "medianPE": 8.29,
  "hienTaiPE": 13.218146092901945,
  "minPS": 0.6758,
  "maxPS": 3.523,
  "medianPS": 0.91,
  "hienTaiPS": 2.6598345457834074
}