{
  "minPB": 0.5569,
  "maxPB": 1.4009,
  "medianPB": 0.67,
  "hienTaiPB": 0.5738236783258265,
  "minPE": 4.3707,
  "maxPE": 323.3411,
  "medianPE": 8.28,
  "hienTaiPE": 13.199505117642724,
  "minPS": 0.6758,
  "maxPS": 3.523,
  "medianPS": 0.91,
  "hienTaiPS": 2.656083497064995
}