{
  "minPB": 0.4231,
  "maxPB": 0.6603,
  "medianPB": 0.48,
  "hienTaiPB": 0.5441615889321539,
  "minPE": 6.6035,
  "maxPE": 20.199,
  "medianPE": 7.53,
  "hienTaiPE": 18.724941289335305,
  "minPS": 0.048,
  "maxPS": 0.2946,
  "medianPS": 0.13,
  "hienTaiPS": 0.2364203920402208
}