{
  "minPB": 0,
  "maxPB": 1.3011,
  "medianPB": 0.5,
  "hienTaiPB": 0.5205130627364558,
  "minPE": -0.3472,
  "maxPE": 17.0291,
  "medianPE": 6.98,
  "hienTaiPE": 17.9111806829266,
  "minPS": 0.0479,
  "maxPS": 0.2946,
  "medianPS": 0.12,
  "hienTaiPS": 0.22614588176960068
}