{
  "minPB": 0,
  "maxPB": 1.3011,
  "medianPB": 0.5,
  "hienTaiPB": 0.5318872673772933,
  "minPE": -0.3472,
  "maxPE": 17.0821,
  "medianPE": 6.99,
  "hienTaiPE": 18.302574192583382,
  "minPS": 0.0479,
  "maxPS": 0.2946,
  "medianPS": 0.12,
  "hienTaiPS": 0.23108760124232108
}