{
  "minPB": 0.4231,
  "maxPB": 0.6603,
  "medianPB": 0.49,
  "hienTaiPB": 0.5284913717471151,
  "minPE": 6.6035,
  "maxPE": 20.199,
  "medianPE": 7.61,
  "hienTaiPE": 18.18571929581535,
  "minPS": 0.048,
  "maxPS": 0.2946,
  "medianPS": 0.13,
  "hienTaiPS": 0.2296121957882355
}