{
  "minPB": 0,
  "maxPB": 1.3011,
  "medianPB": 0.5,
  "hienTaiPB": 0.5355286494385686,
  "minPE": -0.3472,
  "maxPE": 17.0784,
  "medianPE": 6.99,
  "hienTaiPE": 18.427876431286453,
  "minPS": 0.0479,
  "maxPS": 0.2946,
  "medianPS": 0.12,
  "hienTaiPS": 0.23266966251236468
}