{
  "minPB": 1.171,
  "maxPB": 1.2971,
  "medianPB": 1.21,
  "hienTaiPB": 1.306498925133027,
  "minPE": 9.367,
  "maxPE": 11.7111,
  "medianPE": 11.14,
  "hienTaiPE": 9.833449247982808,
  "minPS": 0.5189,
  "maxPS": 1.5357,
  "medianPS": 0.85,
  "hienTaiPS": 0.9804207736908955
}