{
  "minPB": 1.171,
  "maxPB": 1.3057,
  "medianPB": 1.21,
  "hienTaiPB": 1.3472860421147785,
  "minPE": 9.367,
  "maxPE": 11.7111,
  "medianPE": 11.1,
  "hienTaiPE": 10.140436140276465,
  "minPS": 0.5189,
  "maxPS": 1.5357,
  "medianPS": 0.85,
  "hienTaiPS": 1.0110281749054033
}