{
  "minPB": 1.171,
  "maxPB": 1.3373,
  "medianPB": 1.21,
  "hienTaiPB": 1.3373116954820425,
  "minPE": 9.367,
  "maxPE": 11.7111,
  "medianPE": 11.1,
  "hienTaiPE": 10.065363570748854,
  "minPS": 0.5189,
  "maxPS": 1.5357,
  "medianPS": 0.85,
  "hienTaiPS": 1.0035432421170105
}