{
  "minPB": 0.2394,
  "maxPB": 2.0382,
  "medianPB": 1.15,
  "hienTaiPB": 1.386106386521061,
  "minPE": 3.2882,
  "maxPE": 36.5524,
  "medianPE": 6.88,
  "hienTaiPE": 10.432619990691437,
  "minPS": 0.5107,
  "maxPS": 1.5357,
  "medianPS": 0.83,
  "hienTaiPS": 1.0401596738799466
}