{
  "minPB": 1.171,
  "maxPB": 1.3373,
  "medianPB": 1.21,
  "hienTaiPB": 1.3295382610170932,
  "minPE": 9.367,
  "maxPE": 11.7111,
  "medianPE": 11.1,
  "hienTaiPE": 10.006856309990246,
  "minPS": 0.5189,
  "maxPS": 1.5357,
  "medianPS": 0.85,
  "hienTaiPS": 0.9977099142161973
}