{
  "minPB": 0.2394,
  "maxPB": 2.0382,
  "medianPB": 1.15,
  "hienTaiPB": 1.4001547620601258,
  "minPE": 3.2882,
  "maxPE": 36.5524,
  "medianPE": 6.88,
  "hienTaiPE": 10.538356004110607,
  "minPS": 0.5107,
  "maxPS": 1.5357,
  "medianPS": 0.83,
  "hienTaiPS": 1.0507018327368378
}