{
  "minPB": 0.4121,
  "maxPB": 3.0891,
  "medianPB": 0.95,
  "hienTaiPB": 0.9044619656820063,
  "minPE": 6.3194,
  "maxPE": 89.0645,
  "medianPE": 20.26,
  "hienTaiPE": 14.811366270093856,
  "minPS": 0.495,
  "maxPS": 27.655,
  "medianPS": 3.68,
  "hienTaiPS": 9.961167016143582
}