{
  "minPB": 0.4121,
  "maxPB": 3.0891,
  "medianPB": 0.95,
  "hienTaiPB": 0.9588656929410744,
  "minPE": 6.3194,
  "maxPE": 89.0645,
  "medianPE": 20.23,
  "hienTaiPE": 15.70227551942281,
  "minPS": 0.495,
  "maxPS": 27.655,
  "medianPS": 3.7,
  "hienTaiPS": 10.56033495696425
}