{
  "minPB": 0.4121,
  "maxPB": 3.0891,
  "medianPB": 0.96,
  "hienTaiPB": 0.9384642952189238,
  "minPE": 6.3194,
  "maxPE": 89.0645,
  "medianPE": 20.48,
  "hienTaiPE": 15.368184550924452,
  "minPS": 0.5055,
  "maxPS": 27.655,
  "medianPS": 4.17,
  "hienTaiPS": 10.335646979156499
}