{
  "minPB": 0.4121,
  "maxPB": 3.0891,
  "medianPB": 0.96,
  "hienTaiPB": 0.9656661588484579,
  "minPE": 6.3194,
  "maxPE": 89.0645,
  "medianPE": 20.29,
  "hienTaiPE": 15.81363917558893,
  "minPS": 0.495,
  "maxPS": 27.655,
  "medianPS": 3.68,
  "hienTaiPS": 10.635230949566832
}