{
  "minPB": 0.4121,
  "maxPB": 3.0891,
  "medianPB": 0.95,
  "hienTaiPB": 0.9520652270336909,
  "minPE": 6.3194,
  "maxPE": 89.0645,
  "medianPE": 20.31,
  "hienTaiPE": 15.590911863256691,
  "minPS": 0.495,
  "maxPS": 27.655,
  "medianPS": 3.68,
  "hienTaiPS": 10.485438964361666
}