{
  "minPB": 0.4121,
  "maxPB": 3.0891,
  "medianPB": 0.96,
  "hienTaiPB": 0.9010617327283146,
  "minPE": 6.3194,
  "maxPE": 89.0645,
  "medianPE": 20.36,
  "hienTaiPE": 14.755684442010796,
  "minPS": 0.495,
  "maxPS": 27.655,
  "medianPS": 3.68,
  "hienTaiPS": 9.923719019842292
}