{
  "minPB": 0.3405,
  "maxPB": 3.9315,
  "medianPB": 0.84,
  "hienTaiPB": 0.427703570290976,
  "minPE": 6.7452,
  "maxPE": 126.1049,
  "medianPE": 20.46,
  "hienTaiPE": 153.16082880499116,
  "minPS": 0.286,
  "maxPS": 3.5577,
  "medianPS": 0.61,
  "hienTaiPS": 0.9895470074936692
}