{
  "minPB": 0.3405,
  "maxPB": 3.9315,
  "medianPB": 0.85,
  "hienTaiPB": 0.3866789421202089,
  "minPE": 6.7452,
  "maxPE": 124.4777,
  "medianPE": 20.1,
  "hienTaiPE": 138.4698921645124,
  "minPS": 0.2861,
  "maxPS": 3.4598,
  "medianPS": 0.62,
  "hienTaiPS": 0.8946312741218274
}