{
  "minPB": 0.3405,
  "maxPB": 3.9315,
  "medianPB": 0.85,
  "hienTaiPB": 0.38406034883271317,
  "minPE": 6.7452,
  "maxPE": 123.3929,
  "medianPE": 20.09,
  "hienTaiPE": 137.53217280448183,
  "minPS": 0.2861,
  "maxPS": 3.4598,
  "medianPS": 0.62,
  "hienTaiPS": 0.8885728230555396
}