{
  "minPB": 0.3405,
  "maxPB": 3.9315,
  "medianPB": 0.84,
  "hienTaiPB": 0.41286487499516666,
  "minPE": 6.7452,
  "maxPE": 131.2575,
  "medianPE": 20.7,
  "hienTaiPE": 147.847085764818,
  "minPS": 0.286,
  "maxPS": 3.5577,
  "medianPS": 0.61,
  "hienTaiPS": 0.9552157847847051
}