{
  "minPB": 0.3405,
  "maxPB": 3.9315,
  "medianPB": 0.84,
  "hienTaiPB": 0.41024628170767086,
  "minPE": 6.7452,
  "maxPE": 133.9695,
  "medianPE": 20.87,
  "hienTaiPE": 146.90936640478742,
  "minPS": 0.286,
  "maxPS": 3.5577,
  "medianPS": 0.61,
  "hienTaiPS": 0.9491573337184174
}