{
  "minPB": 0.3405,
  "maxPB": 3.9315,
  "medianPB": 0.85,
  "hienTaiPB": 0.3954075864118615,
  "minPE": 6.7452,
  "maxPE": 123.1217,
  "medianPE": 19.97,
  "hienTaiPE": 141.59562336461426,
  "minPS": 0.2861,
  "maxPS": 3.4598,
  "medianPS": 0.61,
  "hienTaiPS": 0.9148261110094533
}