{
  "minPB": 0.3405,
  "maxPB": 3.9315,
  "medianPB": 0.84,
  "hienTaiPB": 0.41897492599932346,
  "minPE": 6.7452,
  "maxPE": 127.4608,
  "medianPE": 20.64,
  "hienTaiPE": 150.03509760488927,
  "minPS": 0.286,
  "maxPS": 3.5577,
  "medianPS": 0.61,
  "hienTaiPS": 0.9693521706060433
}