{
  "minPB": 0.7821,
  "maxPB": 1.555,
  "medianPB": 1.09,
  "hienTaiPB": 0.958908203177155,
  "minPE": 4.5335,
  "maxPE": 21.8746,
  "medianPE": 7.42,
  "hienTaiPE": 6.36717090729643,
  "minPS": 0.5923,
  "maxPS": 1.4135,
  "medianPS": 1.04,
  "hienTaiPS": 0.9067016994883559
}