{
  "minPB": 0.7821,
  "maxPB": 1.555,
  "medianPB": 1.09,
  "hienTaiPB": 0.9068407894299791,
  "minPE": 4.5335,
  "maxPE": 21.8746,
  "medianPE": 7.42,
  "hienTaiPE": 6.02144217024866,
  "minPS": 0.5923,
  "maxPS": 1.4135,
  "medianPS": 1.04,
  "hienTaiPS": 0.8574690280229248
}