{
  "minPB": 0.7821,
  "maxPB": 1.555,
  "medianPB": 1.09,
  "hienTaiPB": 1.0261619459339237,
  "minPE": 4.5335,
  "maxPE": 21.8746,
  "medianPE": 7.42,
  "hienTaiPE": 6.813737192649799,
  "minPS": 0.5923,
  "maxPS": 1.4135,
  "medianPS": 1.04,
  "hienTaiPS": 0.9702939001312043
}