{
  "minPB": 0.7829,
  "maxPB": 1.5546,
  "medianPB": 1.09,
  "hienTaiPB": 1.0283314215067227,
  "minPE": 4.5335,
  "maxPE": 21.8746,
  "medianPE": 7.42,
  "hienTaiPE": 6.828142556693456,
  "minPS": 0.5923,
  "maxPS": 1.4135,
  "medianPS": 1.04,
  "hienTaiPS": 0.972345261442264
}