{
  "minPB": 0.7821,
  "maxPB": 1.555,
  "medianPB": 1.1,
  "hienTaiPB": 0.9100950027891777,
  "minPE": 4.5335,
  "maxPE": 21.8746,
  "medianPE": 7.43,
  "hienTaiPE": 6.043050216314145,
  "minPS": 0.5981,
  "maxPS": 1.4083,
  "medianPS": 1.04,
  "hienTaiPS": 0.8605460699895142
}