{
  "minPB": 0.7821,
  "maxPB": 1.555,
  "medianPB": 1.09,
  "hienTaiPB": 0.9263660695851701,
  "minPE": 4.5335,
  "maxPE": 21.8746,
  "medianPE": 7.42,
  "hienTaiPE": 6.1510904466415735,
  "minPS": 0.5923,
  "maxPS": 1.4135,
  "medianPS": 1.04,
  "hienTaiPS": 0.8759312798224614
}