{
  "minPB": 0.5712,
  "maxPB": 1.1317,
  "medianPB": 0.74,
  "hienTaiPB": 0.6141648717634621,
  "minPE": 7.8431,
  "maxPE": 21.2638,
  "medianPE": 13.46,
  "hienTaiPE": 8.036643212899282,
  "minPS": 2.2967,
  "maxPS": 4.9278,
  "medianPS": 3.26,
  "hienTaiPS": 2.3353832957574983
}