{
  "minPB": 0.5712,
  "maxPB": 1.1317,
  "medianPB": 0.74,
  "hienTaiPB": 0.6098886410617647,
  "minPE": 7.8431,
  "maxPE": 21.2638,
  "medianPE": 13.5,
  "hienTaiPE": 7.980686674149498,
  "minPS": 2.2951,
  "maxPS": 4.9278,
  "medianPS": 3.26,
  "hienTaiPS": 2.3191227797158125
}