{
  "minPB": 0.5712,
  "maxPB": 1.1317,
  "medianPB": 0.74,
  "hienTaiPB": 0.6207544731726352,
  "minPE": 7.8431,
  "maxPE": 21.2638,
  "medianPE": 13.43,
  "hienTaiPE": 8.122871321792392,
  "minPS": 2.2967,
  "maxPS": 4.9278,
  "medianPS": 3.26,
  "hienTaiPS": 2.360440484411899
}