{
  "minPB": 0.5712,
  "maxPB": 1.1317,
  "medianPB": 0.74,
  "hienTaiPB": 0.630919283856998,
  "minPE": 7.8431,
  "maxPE": 21.2638,
  "medianPE": 13.36,
  "hienTaiPE": 8.25588276636155,
  "minPS": 2.2967,
  "maxPS": 4.9278,
  "medianPS": 3.25,
  "hienTaiPS": 2.399092530740496
}