{
  "minPB": 0.5614,
  "maxPB": 0.6207,
  "medianPB": 0.58,
  "hienTaiPB": 0.6028784267966869,
  "minPE": 7.656,
  "maxPE": 8.5786,
  "medianPE": 7.97,
  "hienTaiPE": 7.888954643412148,
  "minPS": 2.2925,
  "maxPS": 4.9278,
  "medianPS": 3.21,
  "hienTaiPS": 2.2924661960409183
}