{
  "minPB": 0.5712,
  "maxPB": 1.1317,
  "medianPB": 0.74,
  "hienTaiPB": 0.6168988553268424,
  "minPE": 7.8431,
  "maxPE": 21.2638,
  "medianPE": 13.41,
  "hienTaiPE": 8.072418704886848,
  "minPS": 2.2967,
  "maxPS": 4.9278,
  "medianPS": 3.25,
  "hienTaiPS": 2.345779363390707
}