{
  "minPB": 0.5614,
  "maxPB": 0.6207,
  "medianPB": 0.59,
  "hienTaiPB": 0.5993733196641481,
  "minPE": 7.656,
  "maxPE": 8.5786,
  "medianPE": 7.96,
  "hienTaiPE": 7.843088628043472,
  "minPS": 2.2911,
  "maxPS": 4.9278,
  "medianPS": 3.2,
  "hienTaiPS": 2.279137904203471
}