{
  "minPB": 0.5614,
  "maxPB": 0.6207,
  "medianPB": 0.59,
  "hienTaiPB": 0.6002846475186082,
  "minPE": 7.656,
  "maxPE": 8.5786,
  "medianPE": 7.96,
  "hienTaiPE": 7.855013792039328,
  "minPS": 2.2925,
  "maxPS": 4.9278,
  "medianPS": 3.2,
  "hienTaiPS": 2.282603260081207
}