{
  "minPB": 1.0678,
  "maxPB": 3.7059,
  "medianPB": 1.53,
  "hienTaiPB": 1.3753989985487711,
  "minPE": 5.093,
  "maxPE": 37.9273,
  "medianPE": 9.17,
  "hienTaiPE": 6.837087227077825,
  "minPS": 1.5531,
  "maxPS": 4.663,
  "medianPS": 2.78,
  "hienTaiPS": 4.1300355851413695
}