{
  "minPB": 1.0678,
  "maxPB": 3.7059,
  "medianPB": 1.53,
  "hienTaiPB": 1.3646955043966407,
  "minPE": 5.093,
  "maxPE": 37.9273,
  "medianPE": 9.17,
  "hienTaiPE": 6.783880322586947,
  "minPS": 1.5531,
  "maxPS": 4.663,
  "medianPS": 2.78,
  "hienTaiPS": 4.0978952303931875
}