{
  "minPB": 1.0678,
  "maxPB": 3.7059,
  "medianPB": 1.53,
  "hienTaiPB": 1.4021577339290974,
  "minPE": 5.093,
  "maxPE": 37.9273,
  "medianPE": 9.17,
  "hienTaiPE": 6.9701044883050205,
  "minPS": 1.5531,
  "maxPS": 4.735,
  "medianPS": 2.74,
  "hienTaiPS": 4.210386472011824
}