{
  "minPB": 1.0678,
  "maxPB": 3.7059,
  "medianPB": 1.53,
  "hienTaiPB": 1.3807507456248362,
  "minPE": 5.093,
  "maxPE": 37.9273,
  "medianPE": 9.17,
  "hienTaiPE": 6.863690679323264,
  "minPS": 1.5531,
  "maxPS": 4.735,
  "medianPS": 2.74,
  "hienTaiPS": 4.146105762515461
}