{
  "minPB": 0.7601,
  "maxPB": 1.9974,
  "medianPB": 1.2,
  "hienTaiPB": 1.154802027824412,
  "minPE": 2.2411,
  "maxPE": 23.9361,
  "medianPE": 6.71,
  "hienTaiPE": 29.095919893425503,
  "minPS": 0.406,
  "maxPS": 4.3388,
  "medianPS": 0.77,
  "hienTaiPS": 2.177575301567998
}