{
  "minPB": 0.7601,
  "maxPB": 1.9974,
  "medianPB": 1.2,
  "hienTaiPB": 1.15084722635926,
  "minPE": 2.2411,
  "maxPE": 23.9361,
  "medianPE": 6.71,
  "hienTaiPE": 28.996276332146646,
  "minPS": 0.406,
  "maxPS": 4.3448,
  "medianPS": 0.77,
  "hienTaiPS": 2.170117851905094
}