{
  "minPB": 0.7601,
  "maxPB": 1.9974,
  "medianPB": 1.2,
  "hienTaiPB": 1.1310732190334993,
  "minPE": 2.2411,
  "maxPE": 24.5493,
  "medianPE": 6.72,
  "hienTaiPE": 28.498058525752374,
  "minPS": 0.406,
  "maxPS": 4.3328,
  "medianPS": 0.77,
  "hienTaiPS": 2.1328306035905733
}