{
  "minPB": 0.7601,
  "maxPB": 1.9974,
  "medianPB": 1.2,
  "hienTaiPB": 1.1468924248941077,
  "minPE": 2.2411,
  "maxPE": 23.6765,
  "medianPE": 6.71,
  "hienTaiPE": 28.896632770867793,
  "minPS": 0.406,
  "maxPS": 4.3207,
  "medianPS": 0.78,
  "hienTaiPS": 2.16266040224219
}