{
  "minPB": 0.7601,
  "maxPB": 1.9974,
  "medianPB": 1.2,
  "hienTaiPB": 1.115254013172891,
  "minPE": 2.2411,
  "maxPE": 23.5396,
  "medianPE": 6.71,
  "hienTaiPE": 28.099484280636958,
  "minPS": 0.406,
  "maxPS": 4.3207,
  "medianPS": 0.78,
  "hienTaiPS": 2.103000804938957
}