{
  "minPB": 0.7601,
  "maxPB": 1.9974,
  "medianPB": 1.2,
  "hienTaiPB": 1.1231636161031953,
  "minPE": 2.2411,
  "maxPE": 23.6629,
  "medianPE": 6.71,
  "hienTaiPE": 28.298771403194667,
  "minPS": 0.406,
  "maxPS": 4.3207,
  "medianPS": 0.78,
  "hienTaiPS": 2.117915704264765
}