{
  "minPB": 0.7601,
  "maxPB": 1.9974,
  "medianPB": 1.2,
  "hienTaiPB": 1.1350280204986516,
  "minPE": 2.2411,
  "maxPE": 24.2479,
  "medianPE": 6.72,
  "hienTaiPE": 28.59770208703123,
  "minPS": 0.406,
  "maxPS": 4.3328,
  "medianPS": 0.77,
  "hienTaiPS": 2.1402880532534776
}