{
  "minPB": 1.2393,
  "maxPB": 2.8231,
  "medianPB": 1.55,
  "hienTaiPB": 1.453295530080534,
  "minPE": 7.9075,
  "maxPE": 20.6715,
  "medianPE": 13.15,
  "hienTaiPE": 14.446553429085752,
  "minPS": 1.1351,
  "maxPS": 2.9469,
  "medianPS": 1.61,
  "hienTaiPS": 1.5245973722063255
}