{
  "minPB": 1.2393,
  "maxPB": 2.8231,
  "medianPB": 1.55,
  "hienTaiPB": 1.3973301121519668,
  "minPE": 7.9074,
  "maxPE": 20.6715,
  "medianPE": 13.17,
  "hienTaiPE": 13.890226526847668,
  "minPS": 1.1351,
  "maxPS": 2.9455,
  "medianPS": 1.62,
  "hienTaiPS": 1.4658861690530385
}