{
  "minPB": 1.2393,
  "maxPB": 2.8231,
  "medianPB": 1.55,
  "hienTaiPB": 1.4045514564008141,
  "minPE": 7.9074,
  "maxPE": 20.6715,
  "medianPE": 13.18,
  "hienTaiPE": 13.962010643265485,
  "minPS": 1.1351,
  "maxPS": 2.9455,
  "medianPS": 1.62,
  "hienTaiPS": 1.4734618081695916
}