{
  "minPB": 0.5157,
  "maxPB": 2.0216,
  "medianPB": 0.79,
  "hienTaiPB": 0.7310014564224406,
  "minPE": -24.6562,
  "maxPE": 55.2194,
  "medianPE": 7.3,
  "hienTaiPE": 56.171475722292776,
  "minPS": 0.145,
  "maxPS": 0.8916,
  "medianPS": 0.29,
  "hienTaiPS": 0.3384597455826441
}