{
  "minPB": 0.5155,
  "maxPB": 2.0216,
  "medianPB": 0.79,
  "hienTaiPB": 0.7186116012288399,
  "minPE": -24.6562,
  "maxPE": 54.5331,
  "medianPE": 7.29,
  "hienTaiPE": 55.21941681174545,
  "minPS": 0.1444,
  "maxPS": 0.9138,
  "medianPS": 0.28,
  "hienTaiPS": 0.33272313972531115
}