{
  "minPB": 0.5155,
  "maxPB": 2.0216,
  "medianPB": 0.79,
  "hienTaiPB": 0.7248065288256402,
  "minPE": -24.6562,
  "maxPE": 54.4477,
  "medianPE": 7.29,
  "hienTaiPE": 55.69544626701911,
  "minPS": 0.1444,
  "maxPS": 0.9138,
  "medianPS": 0.28,
  "hienTaiPS": 0.3355914426539776
}