{
  "minPB": 2.9758,
  "maxPB": 7.6557,
  "medianPB": 4.47,
  "hienTaiPB": 4.0860101951261285,
  "minPE": 15.5916,
  "maxPE": 269.1066,
  "medianPE": 29.96,
  "hienTaiPE": 23.70733752250771,
  "minPS": 6.6442,
  "maxPS": 39.921,
  "medianPS": 11.58,
  "hienTaiPS": 10.84874861714517
}