{
  "minPB": 2.9758,
  "maxPB": 7.6557,
  "medianPB": 4.47,
  "hienTaiPB": 4.020575868157917,
  "minPE": 15.5916,
  "maxPE": 269.1066,
  "medianPE": 29.95,
  "hienTaiPE": 23.327682651150823,
  "minPS": 6.6442,
  "maxPS": 39.921,
  "medianPS": 11.57,
  "hienTaiPS": 10.675014208685548
}