{
  "minPB": 2.9758,
  "maxPB": 7.6557,
  "medianPB": 4.47,
  "hienTaiPB": 4.02777364412442,
  "minPE": 15.5916,
  "maxPE": 269.1066,
  "medianPE": 29.95,
  "hienTaiPE": 23.36944468700008,
  "minPS": 6.6442,
  "maxPS": 39.921,
  "medianPS": 11.58,
  "hienTaiPS": 10.694124993616107
}