{
  "minPB": 4.3431,
  "maxPB": 4.8207,
  "medianPB": 4.63,
  "hienTaiPB": 4.479234147801212,
  "minPE": 24.6728,
  "maxPE": 31.1406,
  "medianPE": 29.66,
  "hienTaiPE": 25.988852379989613,
  "minPS": 6.6499,
  "maxPS": 39.4849,
  "medianPS": 11.71,
  "hienTaiPS": 11.892795892871675
}