{
  "minPB": 4.3431,
  "maxPB": 4.8207,
  "medianPB": 4.63,
  "hienTaiPB": 4.5331447627422445,
  "minPE": 24.6728,
  "maxPE": 31.1406,
  "medianPE": 29.67,
  "hienTaiPE": 26.30164581011309,
  "minPS": 6.6499,
  "maxPS": 39.4849,
  "medianPS": 11.71,
  "hienTaiPS": 12.035933741619239
}