{
  "minPB": 2.9758,
  "maxPB": 7.6557,
  "medianPB": 4.46,
  "hienTaiPB": 3.871531012285878,
  "minPE": 15.5916,
  "maxPE": 269.1066,
  "medianPE": 29.93,
  "hienTaiPE": 22.46291322194903,
  "minPS": 6.6442,
  "maxPS": 39.921,
  "medianPS": 11.56,
  "hienTaiPS": 10.279285833860857
}