{
  "minPB": 0.5534,
  "maxPB": 2.0407,
  "medianPB": 1.04,
  "hienTaiPB": 1.0935932368461723,
  "minPE": 2.8486,
  "maxPE": 9.9876,
  "medianPE": 5.45,
  "hienTaiPE": 6.470441248471267,
  "minPS": 0.1164,
  "maxPS": 0.3738,
  "medianPS": 0.19,
  "hienTaiPS": 0.22118648288552653
}