{
  "minPB": 0.5534,
  "maxPB": 2.0407,
  "medianPB": 1.04,
  "hienTaiPB": 1.0410625573470111,
  "minPE": 2.8486,
  "maxPE": 9.9876,
  "medianPE": 5.45,
  "hienTaiPE": 6.159634026928979,
  "minPS": 0.1164,
  "maxPS": 0.3738,
  "medianPS": 0.19,
  "hienTaiPS": 0.21056180466831784
}