{
  "minPB": 0.724,
  "maxPB": 9.2533,
  "medianPB": 3.14,
  "hienTaiPB": 0.6864080824752633,
  "minPE": 9.0302,
  "maxPE": 27.2145,
  "medianPE": 18.39,
  "hienTaiPE": 12.976246316987659,
  "minPS": 0.4984,
  "maxPS": 2.9856,
  "medianPS": 1.47,
  "hienTaiPS": 0.4951327439110012
}