{
  "minPB": 0.7147,
  "maxPB": 9.2533,
  "medianPB": 3.12,
  "hienTaiPB": 0.673637699545491,
  "minPE": 9.0722,
  "maxPE": 27.2145,
  "medianPE": 18.37,
  "hienTaiPE": 12.734827780857655,
  "minPS": 0.5031,
  "maxPS": 3.0099,
  "medianPS": 1.52,
  "hienTaiPS": 0.4859209719312616
}