{
  "minPB": 0.7147,
  "maxPB": 9.2533,
  "medianPB": 3.12,
  "hienTaiPB": 0.6704451038130479,
  "minPE": 9.0722,
  "maxPE": 27.2145,
  "medianPE": 18.38,
  "hienTaiPE": 12.674473146825155,
  "minPS": 0.5031,
  "maxPS": 3.0099,
  "medianPS": 1.53,
  "hienTaiPS": 0.4836180289363267
}