{
  "minPB": 0.724,
  "maxPB": 9.2533,
  "medianPB": 3.14,
  "hienTaiPB": 0.6832154867428202,
  "minPE": 9.0302,
  "maxPE": 27.2145,
  "medianPE": 18.4,
  "hienTaiPE": 12.915891682955158,
  "minPS": 0.4984,
  "maxPS": 2.9856,
  "medianPS": 1.47,
  "hienTaiPS": 0.49282980091606626
}