{
  "minPB": 0.7181,
  "maxPB": 9.2533,
  "medianPB": 3.13,
  "hienTaiPB": 0.6896006782077064,
  "minPE": 9.0722,
  "maxPE": 27.2145,
  "medianPE": 18.39,
  "hienTaiPE": 13.036600951020159,
  "minPS": 0.5054,
  "maxPS": 3.0099,
  "medianPS": 1.53,
  "hienTaiPS": 0.4974356869059361
}