{
  "minPB": 0.7272,
  "maxPB": 9.2533,
  "medianPB": 3.14,
  "hienTaiPB": 0.6704451038130479,
  "minPE": 9.0302,
  "maxPE": 27.2145,
  "medianPE": 18.41,
  "hienTaiPE": 8.820202753236515,
  "minPS": 0.4984,
  "maxPS": 2.9856,
  "medianPS": 1.47,
  "hienTaiPS": 0.4936785782064115
}