{
  "minPB": 0.0884,
  "maxPB": 2.9685,
  "medianPB": 1.53,
  "hienTaiPB": 2.427848884555346,
  "minPE": 3.0445,
  "maxPE": 17.6047,
  "medianPE": 7.15,
  "hienTaiPE": 7.784924636679957,
  "minPS": 0.1455,
  "maxPS": 1.3784,
  "medianPS": 0.59,
  "hienTaiPS": 0.8085099911735597
}