{
  "minPB": 0.0884,
  "maxPB": 2.9685,
  "medianPB": 1.52,
  "hienTaiPB": 2.4616864996711,
  "minPE": 3.0445,
  "maxPE": 17.6047,
  "medianPE": 7.15,
  "hienTaiPE": 7.893425328480374,
  "minPS": 0.1455,
  "maxPS": 1.3784,
  "medianPS": 0.59,
  "hienTaiPS": 0.8197784231062922
}