{
  "minPB": 0.0884,
  "maxPB": 2.9685,
  "medianPB": 1.53,
  "hienTaiPB": 2.4363082883342844,
  "minPE": 3.0445,
  "maxPE": 17.6047,
  "medianPE": 7.16,
  "hienTaiPE": 7.812049809630061,
  "minPS": 0.1419,
  "maxPS": 1.3784,
  "medianPS": 0.59,
  "hienTaiPS": 0.8113270991567428
}