{
  "minPB": 0.6892,
  "maxPB": 2.4428,
  "medianPB": 1.04,
  "hienTaiPB": 0.8105538520037018,
  "minPE": -40.9488,
  "maxPE": 61.4876,
  "medianPE": 11.8,
  "hienTaiPE": 14.37581629152953,
  "minPS": 0.147,
  "maxPS": 0.909,
  "medianPS": 0.3,
  "hienTaiPS": 0.44970479839519173
}