{
  "minPB": 0.6897,
  "maxPB": 2.4405,
  "medianPB": 1.04,
  "hienTaiPB": 0.8004113637617368,
  "minPE": -40.9033,
  "maxPE": 61.1817,
  "medianPE": 11.8,
  "hienTaiPE": 14.19593120758964,
  "minPS": 0.1474,
  "maxPS": 0.909,
  "medianPS": 0.3,
  "hienTaiPS": 0.44407762677815077
}