{
  "minPB": 0.6892,
  "maxPB": 2.4428,
  "medianPB": 1.04,
  "hienTaiPB": 0.7759003505103214,
  "minPE": -40.9488,
  "maxPE": 61.4876,
  "medianPE": 11.77,
  "hienTaiPE": 13.761208921401572,
  "minPS": 0.1477,
  "maxPS": 0.9014,
  "medianPS": 0.3,
  "hienTaiPS": 0.43047862870363507
}