{
  "minPB": 0.6892,
  "maxPB": 2.4428,
  "medianPB": 1.04,
  "hienTaiPB": 0.7936497049337601,
  "minPE": -40.9488,
  "maxPE": 61.4876,
  "medianPE": 11.77,
  "hienTaiPE": 14.07600781829638,
  "minPS": 0.1477,
  "maxPS": 0.9014,
  "medianPS": 0.3,
  "hienTaiPS": 0.4403261790334568
}