{
  "minPB": 0.6892,
  "maxPB": 2.4428,
  "medianPB": 1.04,
  "hienTaiPB": 0.8156250961246843,
  "minPE": -40.9488,
  "maxPE": 61.4876,
  "medianPE": 11.79,
  "hienTaiPE": 14.465758833499475,
  "minPS": 0.147,
  "maxPS": 0.909,
  "medianPS": 0.3,
  "hienTaiPS": 0.4525183842037122
}