{
  "minPB": 0.5296,
  "maxPB": 0.6051,
  "medianPB": 0.55,
  "hienTaiPB": 0.5628352720215966,
  "minPE": 7.7534,
  "maxPE": 9.4746,
  "medianPE": 8.01,
  "hienTaiPE": 9.589866345335938,
  "minPS": 0.104,
  "maxPS": 0.7733,
  "medianPS": 0.17,
  "hienTaiPS": 0.13019714605736277
}