{
  "minPB": 0.5296,
  "maxPB": 0.6051,
  "medianPB": 0.55,
  "hienTaiPB": 0.5562889652769648,
  "minPE": 7.7534,
  "maxPE": 9.4783,
  "medianPE": 8.02,
  "hienTaiPE": 9.478327126212193,
  "minPS": 0.104,
  "maxPS": 0.7733,
  "medianPS": 0.17,
  "hienTaiPS": 0.1286828300616616
}