{
  "minPB": 0.2788,
  "maxPB": 1.4533,
  "medianPB": 0.59,
  "hienTaiPB": 0.5729121711678274,
  "minPE": 4.8604,
  "maxPE": 845.8677,
  "medianPE": 15.15,
  "hienTaiPE": 9.761561547807322,
  "minPS": 0.104,
  "maxPS": 0.7773,
  "medianPS": 0.17,
  "hienTaiPS": 0.13252817180355445
}