{
  "minPB": 0.5296,
  "maxPB": 0.6051,
  "medianPB": 0.55,
  "hienTaiPB": 0.556068303251865,
  "minPE": 7.7534,
  "maxPE": 9.2199,
  "medianPE": 8,
  "hienTaiPE": 9.474567377252965,
  "minPS": 0.104,
  "maxPS": 0.7733,
  "medianPS": 0.17,
  "hienTaiPS": 0.12863178570225595
}