{
  "minPB": 0.2788,
  "maxPB": 1.4533,
  "medianPB": 0.59,
  "hienTaiPB": 0.566733634465029,
  "minPE": 4.8604,
  "maxPE": 845.8677,
  "medianPE": 15.15,
  "hienTaiPE": 9.656288576948954,
  "minPS": 0.104,
  "maxPS": 0.7773,
  "medianPS": 0.17,
  "hienTaiPS": 0.13109892974019605
}