{
  "minPB": 0.5296,
  "maxPB": 0.6051,
  "medianPB": 0.55,
  "hienTaiPB": 0.5369442610765363,
  "minPE": 7.7534,
  "maxPE": 9.1675,
  "medianPE": 7.99,
  "hienTaiPE": 9.148722467453261,
  "minPS": 0.104,
  "maxPS": 0.7733,
  "medianPS": 0.17,
  "hienTaiPS": 0.12420794122043233
}