{
  "minPB": 0.2788,
  "maxPB": 1.4533,
  "medianPB": 0.59,
  "hienTaiPB": 0.5590104635865308,
  "minPE": 4.8604,
  "maxPE": 845.8677,
  "medianPE": 15.03,
  "hienTaiPE": 9.524697363375997,
  "minPS": 0.104,
  "maxPS": 0.7773,
  "medianPS": 0.17,
  "hienTaiPS": 0.12931237716099803
}