{
  "minPB": 0.3413,
  "maxPB": 1.2711,
  "medianPB": 0.87,
  "hienTaiPB": 1.2471816998266865,
  "minPE": -4.1935,
  "maxPE": 7.4251,
  "medianPE": 3,
  "hienTaiPE": 8.226947888045698,
  "minPS": 0.0501,
  "maxPS": 0.2697,
  "medianPS": 0.14,
  "hienTaiPS": 0.21037876401214806
}