{
  "minPB": 0.813,
  "maxPB": 2.4976,
  "medianPB": 1.58,
  "hienTaiPB": 0.8740364963178415,
  "minPE": -182.2192,
  "maxPE": 185.967,
  "medianPE": 8.42,
  "hienTaiPE": 9.09609265454793,
  "minPS": 0.3331,
  "maxPS": 11.5528,
  "medianPS": 1.38,
  "hienTaiPS": 1.4142859310511735
}