{
  "minPB": 0.813,
  "maxPB": 2.4976,
  "medianPB": 1.58,
  "hienTaiPB": 0.8766612305410182,
  "minPE": -182.2192,
  "maxPE": 185.967,
  "medianPE": 8.42,
  "hienTaiPE": 9.12340824810513,
  "minPS": 0.3331,
  "maxPS": 11.5528,
  "medianPS": 1.4,
  "hienTaiPS": 1.4185330359492252
}