{
  "minPB": 0.813,
  "maxPB": 2.4976,
  "medianPB": 1.58,
  "hienTaiPB": 0.8819106989873716,
  "minPE": -182.2192,
  "maxPE": 185.6407,
  "medianPE": 8.45,
  "hienTaiPE": 9.178039435219532,
  "minPS": 0.3331,
  "maxPS": 11.5367,
  "medianPS": 1.38,
  "hienTaiPS": 1.4270272457453284
}