{
  "minPB": 0.813,
  "maxPB": 2.4976,
  "medianPB": 1.58,
  "hienTaiPB": 0.842539685639721,
  "minPE": -182.2192,
  "maxPE": 185.967,
  "medianPE": 8.41,
  "hienTaiPE": 8.768305531861516,
  "minPS": 0.3331,
  "maxPS": 11.5528,
  "medianPS": 1.43,
  "hienTaiPS": 1.3633206722745548
}