{
  "minPB": 0.813,
  "maxPB": 2.4976,
  "medianPB": 1.58,
  "hienTaiPB": 0.8871601674337249,
  "minPE": -182.2192,
  "maxPE": 185.967,
  "medianPE": 8.42,
  "hienTaiPE": 9.232670622333934,
  "minPS": 0.3331,
  "maxPS": 11.5528,
  "medianPS": 1.4,
  "hienTaiPS": 1.4355214555414315
}