{
  "minPB": 0.813,
  "maxPB": 2.4976,
  "medianPB": 1.58,
  "hienTaiPB": 0.8635375594251347,
  "minPE": -182.2192,
  "maxPE": 185.967,
  "medianPE": 8.41,
  "hienTaiPE": 8.986830280319126,
  "minPS": 0.3331,
  "maxPS": 11.5528,
  "medianPS": 1.4,
  "hienTaiPS": 1.3972975114589672
}