{
  "minPB": 0.8103,
  "maxPB": 2.4976,
  "medianPB": 1.58,
  "hienTaiPB": 0.8241665460774842,
  "minPE": -182.2192,
  "maxPE": 185.967,
  "medianPE": 8.45,
  "hienTaiPE": 8.57709637696111,
  "minPS": 0.3331,
  "maxPS": 11.5528,
  "medianPS": 1.33,
  "hienTaiPS": 1.3335909379881936
}