{
  "minPB": 0.8103,
  "maxPB": 2.4976,
  "medianPB": 1.58,
  "hienTaiPB": 0.8294160145238376,
  "minPE": -182.2192,
  "maxPE": 185.967,
  "medianPE": 8.45,
  "hienTaiPE": 8.631727564075511,
  "minPS": 0.3331,
  "maxPS": 11.5528,
  "medianPS": 1.34,
  "hienTaiPS": 1.3420851477842968
}