{
  "minPB": 2.2349,
  "maxPB": 2.3468,
  "medianPB": 2.34,
  "hienTaiPB": 2.261523493128058,
  "minPE": 18.2771,
  "maxPE": 20.3989,
  "medianPE": 20.3,
  "hienTaiPE": 18.49482153134721,
  "minPS": 0.3001,
  "maxPS": 1.2447,
  "medianPS": 0.62,
  "hienTaiPS": 1.1399816531666993
}