{
  "minPB": 0.9079,
  "maxPB": 2.5315,
  "medianPB": 1.33,
  "hienTaiPB": 2.3094198384163755,
  "minPE": 4.5763,
  "maxPE": 21.3328,
  "medianPE": 7.82,
  "hienTaiPE": 18.88828351850277,
  "minPS": 0.3033,
  "maxPS": 1.2431,
  "medianPS": 0.61,
  "hienTaiPS": 1.1641099470568244
}