{
  "minPB": 0.9079,
  "maxPB": 2.5315,
  "medianPB": 1.33,
  "hienTaiPB": 2.3043842613250916,
  "minPE": 4.5763,
  "maxPE": 21.3328,
  "medianPE": 7.82,
  "hienTaiPE": 18.84709853940228,
  "minPS": 0.3033,
  "maxPS": 1.2431,
  "medianPS": 0.61,
  "hienTaiPS": 1.1615716622098584
}