{
  "minPB": 2.245,
  "maxPB": 2.3468,
  "medianPB": 2.34,
  "hienTaiPB": 2.257298293757691,
  "minPE": 18.3594,
  "maxPE": 20.3989,
  "medianPE": 20.3,
  "hienTaiPE": 18.460267696940114,
  "minPS": 0.3001,
  "maxPS": 1.2447,
  "medianPS": 0.62,
  "hienTaiPS": 1.1378518279502796
}