{
  "minPB": 0.9079,
  "maxPB": 2.5315,
  "medianPB": 1.33,
  "hienTaiPB": 2.3441479562872987,
  "minPE": 4.5763,
  "maxPE": 21.3328,
  "medianPE": 7.83,
  "hienTaiPE": 19.172317857126874,
  "minPS": 0.3033,
  "maxPS": 1.2431,
  "medianPS": 0.61,
  "hienTaiPS": 1.1816153597945211
}