{
  "minPB": 0.9079,
  "maxPB": 2.5315,
  "medianPB": 1.33,
  "hienTaiPB": 2.3673000348679136,
  "minPE": 4.5763,
  "maxPE": 21.3328,
  "medianPE": 7.83,
  "hienTaiPE": 19.361674082876277,
  "minPS": 0.3033,
  "maxPS": 1.2431,
  "medianPS": 0.61,
  "hienTaiPS": 1.1932856349529855
}