{
  "minPB": 0.2966,
  "maxPB": 2.2666,
  "medianPB": 0.63,
  "hienTaiPB": 1.5872035965518168,
  "minPE": -44.9647,
  "maxPE": 86.7561,
  "medianPE": 14.93,
  "hienTaiPE": 28.686522024389056,
  "minPS": 0.8625,
  "maxPS": 12.2186,
  "medianPS": 4.42,
  "hienTaiPS": 9.389856842654781
}