{
  "minPB": 0.2966,
  "maxPB": 2.2666,
  "medianPB": 0.63,
  "hienTaiPB": 1.4769811245690516,
  "minPE": -44.9647,
  "maxPE": 86.7561,
  "medianPE": 14.87,
  "hienTaiPE": 26.69440243936204,
  "minPS": 0.8694,
  "maxPS": 12.159,
  "medianPS": 4.43,
  "hienTaiPS": 8.737783450803756
}