{
  "minPB": 0.2966,
  "maxPB": 2.2666,
  "medianPB": 0.63,
  "hienTaiPB": 1.5563413043966425,
  "minPE": -44.9647,
  "maxPE": 86.7561,
  "medianPE": 14.92,
  "hienTaiPE": 28.12872854058149,
  "minPS": 0.8625,
  "maxPS": 12.2186,
  "medianPS": 4.42,
  "hienTaiPS": 9.207276292936495
}