{
  "minPB": 0.2966,
  "maxPB": 2.2666,
  "medianPB": 0.63,
  "hienTaiPB": 1.4681633268104304,
  "minPE": -44.9647,
  "maxPE": 86.7561,
  "medianPE": 14.87,
  "hienTaiPE": 26.535032872559878,
  "minPS": 0.8694,
  "maxPS": 12.159,
  "medianPS": 4.44,
  "hienTaiPS": 8.685617579455673
}