{
  "minPB": 0.2966,
  "maxPB": 2.2666,
  "medianPB": 0.63,
  "hienTaiPB": 1.5034345178449153,
  "minPE": -44.9647,
  "maxPE": 86.7561,
  "medianPE": 14.89,
  "hienTaiPE": 27.172511139768524,
  "minPS": 0.8625,
  "maxPS": 12.2186,
  "medianPS": 4.42,
  "hienTaiPS": 8.894281064848002
}