{
  "minPB": 0.2966,
  "maxPB": 2.2666,
  "medianPB": 0.63,
  "hienTaiPB": 1.4990256189656046,
  "minPE": -44.9647,
  "maxPE": 86.7561,
  "medianPE": 14.87,
  "hienTaiPE": 27.092826356367443,
  "minPS": 0.8625,
  "maxPS": 12.2186,
  "medianPS": 4.41,
  "hienTaiPS": 8.86819812917396
}