{
  "minPB": 0.2966,
  "maxPB": 2.2666,
  "medianPB": 0.63,
  "hienTaiPB": 1.5078434167242258,
  "minPE": -44.9647,
  "maxPE": 86.7561,
  "medianPE": 14.87,
  "hienTaiPE": 27.252195923169605,
  "minPS": 0.8625,
  "maxPS": 12.2186,
  "medianPS": 4.42,
  "hienTaiPS": 8.920364000522042
}