{
  "minPB": 0.9852,
  "maxPB": 1.2079,
  "medianPB": 1.12,
  "hienTaiPB": 0.9919855770134245,
  "minPE": -384.7469,
  "maxPE": 106.3963,
  "medianPE": -358.22,
  "hienTaiPE": 96.63889645699201,
  "minPS": 0.3888,
  "maxPS": 1.329,
  "medianPS": 0.64,
  "hienTaiPS": 0.6431629752924828
}