{
  "minPB": 1.374,
  "maxPB": 1.9653,
  "medianPB": 1.56,
  "hienTaiPB": 1.557048653756713,
  "minPE": 9.9483,
  "maxPE": 14.0243,
  "medianPE": 11.14,
  "hienTaiPE": 11.018436187898738,
  "minPS": 0.5735,
  "maxPS": 0.8096,
  "medianPS": 0.64,
  "hienTaiPS": 0.6298583791924034
}