{
  "minPB": 0.2834,
  "maxPB": 0.5694,
  "medianPB": 0.37,
  "hienTaiPB": 0.34326984304730507,
  "minPE": -99.288,
  "maxPE": 77.2277,
  "medianPE": 11.04,
  "hienTaiPE": 43.86365794244946,
  "minPS": 0.2078,
  "maxPS": 0.6455,
  "medianPS": 0.42,
  "hienTaiPS": 0.17977087240424042
}