{
  "minPB": 0.2608,
  "maxPB": 0.6733,
  "medianPB": 0.35,
  "hienTaiPB": 0.3459103803015151,
  "minPE": -30.2373,
  "maxPE": 132.7865,
  "medianPE": 11.39,
  "hienTaiPE": 44.20107069585292,
  "minPS": 0.224,
  "maxPS": 0.8501,
  "medianPS": 0.45,
  "hienTaiPS": 0.1811537252688884
}