{
  "minPB": 0.2834,
  "maxPB": 0.5694,
  "medianPB": 0.37,
  "hienTaiPB": 0.340629305793095,
  "minPE": -99.288,
  "maxPE": 77.2277,
  "medianPE": 11.08,
  "hienTaiPE": 43.526245189046,
  "minPS": 0.2078,
  "maxPS": 0.6455,
  "medianPS": 0.42,
  "hienTaiPS": 0.1783880195395924
}