{
  "minPB": 0.2834,
  "maxPB": 0.5694,
  "medianPB": 0.37,
  "hienTaiPB": 0.3327076940304649,
  "minPE": -99.288,
  "maxPE": 77.2277,
  "medianPE": 11.08,
  "hienTaiPE": 42.51400692883563,
  "minPS": 0.2045,
  "maxPS": 0.6455,
  "medianPS": 0.42,
  "hienTaiPS": 0.1742394609456484
}