{
  "minPB": 0.2834,
  "maxPB": 0.5694,
  "medianPB": 0.37,
  "hienTaiPB": 0.31686447050520467,
  "minPE": -99.288,
  "maxPE": 77.2277,
  "medianPE": 11.08,
  "hienTaiPE": 40.489530408414886,
  "minPS": 0.2065,
  "maxPS": 0.6455,
  "medianPS": 0.42,
  "hienTaiPS": 0.16594234375776037
}