{
  "minPB": 0.2834,
  "maxPB": 0.5694,
  "medianPB": 0.37,
  "hienTaiPB": 0.3247860822678348,
  "minPE": -99.288,
  "maxPE": 77.2277,
  "medianPE": 11.08,
  "hienTaiPE": 41.50176866862526,
  "minPS": 0.2065,
  "maxPS": 0.6455,
  "medianPS": 0.42,
  "hienTaiPS": 0.17009090235170438
}