{
  "minPB": 0.9147,
  "maxPB": 2.0054,
  "medianPB": 1.29,
  "hienTaiPB": 1.0239911944578566,
  "minPE": 4.5899,
  "maxPE": 10.8701,
  "medianPE": 6.87,
  "hienTaiPE": 8.75228832336122,
  "minPS": 0.2878,
  "maxPS": 0.7147,
  "medianPS": 0.42,
  "hienTaiPS": 0.3388824376684089
}