{
  "minPB": 0.9147,
  "maxPB": 2.0054,
  "medianPB": 1.29,
  "hienTaiPB": 1.0401594764756121,
  "minPE": 4.5899,
  "maxPE": 10.8701,
  "medianPE": 6.87,
  "hienTaiPE": 8.890482349519555,
  "minPS": 0.2878,
  "maxPS": 0.7147,
  "medianPS": 0.42,
  "hienTaiPS": 0.34423321300001536
}