{
  "minPB": 0.9147,
  "maxPB": 2.0054,
  "medianPB": 1.29,
  "hienTaiPB": 1.0940537498681309,
  "minPE": 4.5899,
  "maxPE": 10.8701,
  "medianPE": 6.87,
  "hienTaiPE": 9.351129103380671,
  "minPS": 0.2878,
  "maxPS": 0.7147,
  "medianPS": 0.42,
  "hienTaiPS": 0.3620691307720369
}