{
  "minPB": 0.9147,
  "maxPB": 2.0054,
  "medianPB": 1.29,
  "hienTaiPB": 0.9485392117083302,
  "minPE": 4.5899,
  "maxPE": 10.8701,
  "medianPE": 6.86,
  "hienTaiPE": 8.107382867955657,
  "minPS": 0.2878,
  "maxPS": 0.7147,
  "medianPS": 0.42,
  "hienTaiPS": 0.3139121527875788
}