{
  "minPB": 0.9161,
  "maxPB": 2.0054,
  "medianPB": 1.29,
  "hienTaiPB": 1.0239911944578566,
  "minPE": 4.5899,
  "maxPE": 10.8701,
  "medianPE": 6.88,
  "hienTaiPE": 8.75228832336122,
  "minPS": 0.2978,
  "maxPS": 0.7224,
  "medianPS": 0.43,
  "hienTaiPS": 0.3388824376684089
}