{
  "minPB": 0.2536,
  "maxPB": 1.3486,
  "medianPB": 0.54,
  "hienTaiPB": 0.384791530505715,
  "minPE": -5.2161,
  "maxPE": 61.9542,
  "medianPE": 14.23,
  "hienTaiPE": 13.630397591192654,
  "minPS": 0.0642,
  "maxPS": 0.4265,
  "medianPS": 0.16,
  "hienTaiPS": 0.09283652318648623
}