{
  "minPB": 0.2536,
  "maxPB": 1.3486,
  "medianPB": 0.54,
  "hienTaiPB": 0.37677504028684594,
  "minPE": -5.2161,
  "maxPE": 61.9542,
  "medianPE": 14.28,
  "hienTaiPE": 13.346430974709474,
  "minPS": 0.0642,
  "maxPS": 0.4265,
  "medianPS": 0.16,
  "hienTaiPS": 0.09090242895343444
}