{
  "minPB": 0.6308,
  "maxPB": 1.8796,
  "medianPB": 1.09,
  "hienTaiPB": 0.8797994434639624,
  "minPE": 0,
  "maxPE": 92.0288,
  "medianPE": 18.3,
  "hienTaiPE": 43.91790477676079,
  "minPS": 0.0899,
  "maxPS": 0.3289,
  "medianPS": 0.16,
  "hienTaiPS": 0.139891653169296
}