{
  "minPB": 0.7322,
  "maxPB": 1.082,
  "medianPB": 1.01,
  "hienTaiPB": 1.0745091563617246,
  "minPE": 0,
  "maxPE": 53.9974,
  "medianPE": 50.4,
  "hienTaiPE": 53.63744107981441,
  "minPS": 0.0899,
  "maxPS": 0.3289,
  "medianPS": 0.16,
  "hienTaiPS": 0.17085128132971397
}