{
  "minPB": 0.7322,
  "maxPB": 1.082,
  "medianPB": 1.01,
  "hienTaiPB": 1.0384518021213982,
  "minPE": 0,
  "maxPE": 53.9974,
  "medianPE": 50.4,
  "hienTaiPE": 51.837526949619296,
  "minPS": 0.0899,
  "maxPS": 0.3289,
  "medianPS": 0.16,
  "hienTaiPS": 0.1651180168555625
}