{
  "minPB": 0.6308,
  "maxPB": 1.8796,
  "medianPB": 1.09,
  "hienTaiPB": 0.8653765017678319,
  "minPE": 0,
  "maxPE": 92.0288,
  "medianPE": 18.42,
  "hienTaiPE": 43.19793912468275,
  "minPS": 0.0899,
  "maxPS": 0.3289,
  "medianPS": 0.16,
  "hienTaiPS": 0.13759834737963542
}