{
  "minPB": 0.4713,
  "maxPB": 1.3021,
  "medianPB": 0.72,
  "hienTaiPB": 0.6513024132855809,
  "minPE": 4.8596,
  "maxPE": 13.9988,
  "medianPE": 8.3,
  "hienTaiPE": 9.54484785113781,
  "minPS": 0.0924,
  "maxPS": 0.2012,
  "medianPS": 0.13,
  "hienTaiPS": 0.15208377224743083
}