{
  "minPB": 0.4713,
  "maxPB": 1.3021,
  "medianPB": 0.72,
  "hienTaiPB": 0.6415629733028858,
  "minPE": 4.8596,
  "maxPE": 13.9988,
  "medianPE": 8.33,
  "hienTaiPE": 9.435136956297146,
  "minPS": 0.0924,
  "maxPS": 0.2012,
  "medianPS": 0.13,
  "hienTaiPS": 0.1503356829112535
}