{
  "minPB": 0.6239,
  "maxPB": 0.7235,
  "medianPB": 0.69,
  "hienTaiPB": 0.6438161786501145,
  "minPE": 8.1353,
  "maxPE": 9.4351,
  "medianPE": 9.02,
  "hienTaiPE": 9.435136956297146,
  "minPS": 0.0916,
  "maxPS": 0.2017,
  "medianPS": 0.13,
  "hienTaiPS": 0.1503356829112535
}