{
  "minPB": 0.6239,
  "maxPB": 0.7235,
  "medianPB": 0.69,
  "hienTaiPB": 0.647709020660557,
  "minPE": 8.1353,
  "maxPE": 9.4384,
  "medianPE": 9.04,
  "hienTaiPE": 9.492186621614291,
  "minPS": 0.0916,
  "maxPS": 0.2017,
  "medianPS": 0.13,
  "hienTaiPS": 0.1512446893660657
}