{
  "minPB": 0.6239,
  "maxPB": 0.7235,
  "medianPB": 0.69,
  "hienTaiPB": 0.6483079194313943,
  "minPE": 8.1353,
  "maxPE": 9.4922,
  "medianPE": 9.06,
  "hienTaiPE": 9.500963493201544,
  "minPS": 0.0916,
  "maxPS": 0.2017,
  "medianPS": 0.13,
  "hienTaiPS": 0.15138453651295988
}