{
  "minPB": 0.4713,
  "maxPB": 1.3021,
  "medianPB": 0.72,
  "hienTaiPB": 0.6411959965277012,
  "minPE": 4.8596,
  "maxPE": 13.9988,
  "medianPE": 8.31,
  "hienTaiPE": 9.396738143102914,
  "minPS": 0.0924,
  "maxPS": 0.2012,
  "medianPS": 0.13,
  "hienTaiPS": 0.1497238516435914
}