{
  "minPB": 0.6239,
  "maxPB": 0.7235,
  "medianPB": 0.69,
  "hienTaiPB": 0.6405970977568639,
  "minPE": 8.1353,
  "maxPE": 9.4922,
  "medianPE": 9.08,
  "hienTaiPE": 9.38796127151566,
  "minPS": 0.0916,
  "maxPS": 0.2017,
  "medianPS": 0.13,
  "hienTaiPS": 0.1495840044966972
}