{
  "minPB": 0.2429,
  "maxPB": 2.6216,
  "medianPB": 0.75,
  "hienTaiPB": 0.14543753339041948,
  "minPE": -168.7647,
  "maxPE": 124.2627,
  "medianPE": 8.07,
  "hienTaiPE": 49.64537759490505,
  "minPS": 0.6632,
  "maxPS": 27.4038,
  "medianPS": 1.96,
  "hienTaiPS": 0.7616833211642798
}