{
  "minPB": 0.1909,
  "maxPB": 2.6216,
  "medianPB": 0.75,
  "hienTaiPB": 0.1615972593226883,
  "minPE": -168.7647,
  "maxPE": 124.2627,
  "medianPE": 8.15,
  "hienTaiPE": 55.161530661005614,
  "minPS": 0.6632,
  "maxPS": 27.4038,
  "medianPS": 1.95,
  "hienTaiPS": 0.8463148012936442
}