{
  "minPB": 0.2429,
  "maxPB": 2.6216,
  "medianPB": 0.75,
  "hienTaiPB": 0.13735767042428507,
  "minPE": -168.7647,
  "maxPE": 124.2627,
  "medianPE": 8.07,
  "hienTaiPE": 46.88730106185477,
  "minPS": 0.6657,
  "maxPS": 27.5806,
  "medianPS": 1.92,
  "hienTaiPS": 0.7193675810995976
}