{
  "minPB": 0.2429,
  "maxPB": 2.6216,
  "medianPB": 0.75,
  "hienTaiPB": 0.12927780745815065,
  "minPE": -168.7647,
  "maxPE": 124.2627,
  "medianPE": 8.06,
  "hienTaiPE": 44.129224528804485,
  "minPS": 0.6657,
  "maxPS": 27.5806,
  "medianPS": 1.92,
  "hienTaiPS": 0.6770518410349153
}