{
  "minPB": 0.6597,
  "maxPB": 2.075,
  "medianPB": 1.07,
  "hienTaiPB": 1.4633026640728426,
  "minPE": -3.0609,
  "maxPE": 43.1089,
  "medianPE": 8.73,
  "hienTaiPE": 5.681628307398687,
  "minPS": 0.0939,
  "maxPS": 0.3898,
  "medianPS": 0.18,
  "hienTaiPS": 0.2790012368728222
}