{
  "minPB": 0.6597,
  "maxPB": 2.075,
  "medianPB": 1.07,
  "hienTaiPB": 1.5033931480200438,
  "minPE": -3.0609,
  "maxPE": 43.1089,
  "medianPE": 8.72,
  "hienTaiPE": 5.837289356916459,
  "minPS": 0.0945,
  "maxPS": 0.3896,
  "medianPS": 0.18,
  "hienTaiPS": 0.2866451063761872
}