{
  "minPB": 0.6597,
  "maxPB": 2.075,
  "medianPB": 1.07,
  "hienTaiPB": 1.5398086709387513,
  "minPE": -3.0609,
  "maxPE": 43.1089,
  "medianPE": 8.72,
  "hienTaiPE": 5.978681476895102,
  "minPS": 0.0939,
  "maxPS": 0.3898,
  "medianPS": 0.18,
  "hienTaiPS": 0.29358828784174373
}