{
  "minPB": 1.3631,
  "maxPB": 2.1047,
  "medianPB": 1.75,
  "hienTaiPB": 1.4679130697267706,
  "minPE": 5.2925,
  "maxPE": 25.7157,
  "medianPE": 21.33,
  "hienTaiPE": 5.699529328093231,
  "minPS": 0.0939,
  "maxPS": 0.3774,
  "medianPS": 0.17,
  "hienTaiPS": 0.2798802818657092
}