{
  "minPB": 1.3631,
  "maxPB": 2.1047,
  "medianPB": 1.75,
  "hienTaiPB": 1.456620916748309,
  "minPE": 5.4741,
  "maxPE": 25.7157,
  "medianPE": 21.35,
  "hienTaiPE": 5.655684799145725,
  "minPS": 0.0939,
  "maxPS": 0.3774,
  "medianPS": 0.17,
  "hienTaiPS": 0.27772725862226133
}