{
  "minPB": 0.6622,
  "maxPB": 2.0745,
  "medianPB": 1.07,
  "hienTaiPB": 1.5368018846427114,
  "minPE": -3.0609,
  "maxPE": 43.1089,
  "medianPE": 8.71,
  "hienTaiPE": 5.967006898181269,
  "minPS": 0.095,
  "maxPS": 0.3894,
  "medianPS": 0.18,
  "hienTaiPS": 0.29301499762899136
}