{
  "minPB": 0.6622,
  "maxPB": 2.0745,
  "medianPB": 1.08,
  "hienTaiPB": 1.5768923685899126,
  "minPE": -3.0609,
  "maxPE": 43.1089,
  "medianPE": 8.71,
  "hienTaiPE": 6.122667947699041,
  "minPS": 0.095,
  "maxPS": 0.3894,
  "medianPS": 0.18,
  "hienTaiPS": 0.30065886713235634
}