{
  "minPB": 0.3015,
  "maxPB": 2.3024,
  "medianPB": 0.82,
  "hienTaiPB": 1.6466869330581904,
  "minPE": -105.0799,
  "maxPE": 119.2549,
  "medianPE": 9.49,
  "hienTaiPE": 95.15767328722954,
  "minPS": 0.162,
  "maxPS": 1.4609,
  "medianPS": 0.55,
  "hienTaiPS": 0.937889436329576
}