{
  "minPB": 0.3015,
  "maxPB": 2.3024,
  "medianPB": 0.83,
  "hienTaiPB": 1.5752987712204074,
  "minPE": -105.0799,
  "maxPE": 119.2549,
  "medianPE": 9.49,
  "hienTaiPE": 91.03234063026873,
  "minPS": 0.162,
  "maxPS": 1.4609,
  "medianPS": 0.55,
  "hienTaiPS": 0.8972294896678892
}