{
  "minPB": 0.3015,
  "maxPB": 2.3024,
  "medianPB": 0.82,
  "hienTaiPB": 1.6419277222690047,
  "minPE": -105.0799,
  "maxPE": 119.2549,
  "medianPE": 9.49,
  "hienTaiPE": 94.88265111009882,
  "minPS": 0.162,
  "maxPS": 1.4609,
  "medianPS": 0.55,
  "hienTaiPS": 0.9351787732187968
}