{
  "minPB": 0.3014,
  "maxPB": 2.3024,
  "medianPB": 0.83,
  "hienTaiPB": 1.5943356143771494,
  "minPE": -105.0799,
  "maxPE": 118.9377,
  "medianPE": 9.5,
  "hienTaiPE": 92.13242933879161,
  "minPS": 0.1626,
  "maxPS": 1.4562,
  "medianPS": 0.53,
  "hienTaiPS": 0.9080721421110056
}