{
  "minPB": 0.3021,
  "maxPB": 2.3014,
  "medianPB": 0.83,
  "hienTaiPB": 1.6038540359555205,
  "minPE": -105.0799,
  "maxPE": 118.9377,
  "medianPE": 9.5,
  "hienTaiPE": 92.68247369305305,
  "minPS": 0.1626,
  "maxPS": 1.4562,
  "medianPS": 0.53,
  "hienTaiPS": 0.9134934683325638
}