{
  "minPB": 0.3028,
  "maxPB": 2.3003,
  "medianPB": 0.83,
  "hienTaiPB": 1.6324093006906337,
  "minPE": -105.0799,
  "maxPE": 118.9377,
  "medianPE": 9.51,
  "hienTaiPE": 94.33260675583739,
  "minPS": 0.1626,
  "maxPS": 1.4562,
  "medianPS": 0.53,
  "hienTaiPS": 0.9297574469972386
}