{
  "minPB": 0.3028,
  "maxPB": 2.3003,
  "medianPB": 0.83,
  "hienTaiPB": 1.6466869330581904,
  "minPE": -105.0799,
  "maxPE": 118.9377,
  "medianPE": 9.52,
  "hienTaiPE": 95.15767328722954,
  "minPS": 0.1626,
  "maxPS": 1.453,
  "medianPS": 0.53,
  "hienTaiPS": 0.937889436329576
}