{
  "minPB": 0.3015,
  "maxPB": 2.3024,
  "medianPB": 0.83,
  "hienTaiPB": 1.5943356143771494,
  "minPE": -105.0799,
  "maxPE": 119.2549,
  "medianPE": 9.49,
  "hienTaiPE": 92.13242933879161,
  "minPS": 0.162,
  "maxPS": 1.4609,
  "medianPS": 0.55,
  "hienTaiPS": 0.9080721421110056
}