{
  "minPB": 0.2142,
  "maxPB": 0.2472,
  "medianPB": 0.23,
  "hienTaiPB": 0.25164940607532027,
  "minPE": -6.7554,
  "maxPE": -6.0701,
  "medianPE": -6.46,
  "hienTaiPE": -6.67,
  "minPS": 0.9859,
  "maxPS": 4.8277,
  "medianPS": 2.11,
  "hienTaiPS": 1.0936956435280898
}