{
  "minPB": 0.2351,
  "maxPB": 2.7326,
  "medianPB": 0.93,
  "hienTaiPB": 0.26132551290448636,
  "minPE": -81.8427,
  "maxPE": 16.6581,
  "medianPE": 5.75,
  "hienTaiPE": -6.9782,
  "minPS": 1.0034,
  "maxPS": 4.9488,
  "medianPS": 2.12,
  "hienTaiPS": 1.135749054463635
}