{
  "minPB": 0.6962,
  "maxPB": 1.9322,
  "medianPB": 1.5,
  "hienTaiPB": 1.5194232996212873,
  "minPE": 3.5415,
  "maxPE": 106.8455,
  "medianPE": 6.14,
  "hienTaiPE": 10.398879972391446,
  "minPS": 0.0862,
  "maxPS": 0.2581,
  "medianPS": 0.21,
  "hienTaiPS": 0.24363933413027491
}