{
  "minPB": 1.4246,
  "maxPB": 1.5264,
  "medianPB": 1.49,
  "hienTaiPB": 1.4879879311691597,
  "minPE": 8.264,
  "maxPE": 10.244,
  "medianPE": 8.67,
  "hienTaiPE": 10.18373740908927,
  "minPS": 0.0862,
  "maxPS": 0.2575,
  "medianPS": 0.21,
  "hienTaiPS": 0.23859867677052193
}