{
  "minPB": 0.6962,
  "maxPB": 1.9322,
  "medianPB": 1.5,
  "hienTaiPB": 1.5081054351920784,
  "minPE": 3.5415,
  "maxPE": 106.8455,
  "medianPE": 6.14,
  "hienTaiPE": 10.321420903695794,
  "minPS": 0.0862,
  "maxPS": 0.2581,
  "medianPS": 0.21,
  "hienTaiPS": 0.24182451599895072
}