{
  "minPB": 0.6962,
  "maxPB": 1.9322,
  "medianPB": 1.5,
  "hienTaiPB": 1.4939581046555674,
  "minPE": 3.5415,
  "maxPE": 106.8455,
  "medianPE": 6.14,
  "hienTaiPE": 10.224597067826226,
  "minPS": 0.0862,
  "maxPS": 0.2581,
  "medianPS": 0.21,
  "hienTaiPS": 0.23955599333479544
}