{
  "minPB": 1.4246,
  "maxPB": 1.5264,
  "medianPB": 1.49,
  "hienTaiPB": 1.4967875707628697,
  "minPE": 8.264,
  "maxPE": 10.244,
  "medianPE": 8.66,
  "hienTaiPE": 10.243961835000139,
  "minPS": 0.0862,
  "maxPS": 0.2575,
  "medianPS": 0.21,
  "hienTaiPS": 0.2400096978676265
}