{
  "minPB": 0.6962,
  "maxPB": 1.9322,
  "medianPB": 1.5,
  "hienTaiPB": 1.489685610833541,
  "minPE": 3.5415,
  "maxPE": 106.8455,
  "medianPE": 6.13,
  "hienTaiPE": 10.195356269393617,
  "minPS": 0.0862,
  "maxPS": 0.2581,
  "medianPS": 0.21,
  "hienTaiPS": 0.23887089949022056
}