{
  "minPB": 0.3028,
  "maxPB": 1.8278,
  "medianPB": 0.71,
  "hienTaiPB": 0.795573606587634,
  "minPE": -28.538,
  "maxPE": 69.3994,
  "medianPE": 9.4,
  "hienTaiPE": -11.4031,
  "minPS": 1.6517,
  "maxPS": 19.2086,
  "medianPS": 5.99,
  "hienTaiPS": 14.443212140941293
}