{
  "minPB": 0.3028,
  "maxPB": 1.8278,
  "medianPB": 0.71,
  "hienTaiPB": 0.8284097813878312,
  "minPE": -28.538,
  "maxPE": 69.3994,
  "medianPE": 9.39,
  "hienTaiPE": -11.8309,
  "minPS": 1.6739,
  "maxPS": 19.3216,
  "medianPS": 5.95,
  "hienTaiPS": 15.0393352835509
}