{
  "minPB": 0.3028,
  "maxPB": 1.8278,
  "medianPB": 0.71,
  "hienTaiPB": 0.8002644887019479,
  "minPE": -28.538,
  "maxPE": 69.3994,
  "medianPE": 9.4,
  "hienTaiPE": -9.3578,
  "minPS": 1.6517,
  "maxPS": 19.2086,
  "medianPS": 5.99,
  "hienTaiPS": 14.528372589885523
}