{
  "minPB": 0.614,
  "maxPB": 5.4118,
  "medianPB": 0.96,
  "hienTaiPB": 0.7104016123363163,
  "minPE": -130.411,
  "maxPE": 121.8266,
  "medianPE": 27.48,
  "hienTaiPE": 13.328932101113406,
  "minPS": 0.102,
  "maxPS": 1.3154,
  "medianPS": 0.16,
  "hienTaiPS": 0.13046066653076585
}