{
  "minPB": 0.614,
  "maxPB": 5.4118,
  "medianPB": 0.96,
  "hienTaiPB": 0.716288918515899,
  "minPE": -130.411,
  "maxPE": 121.8266,
  "medianPE": 27.48,
  "hienTaiPE": 13.439392864382302,
  "minPS": 0.102,
  "maxPS": 1.3154,
  "medianPS": 0.16,
  "hienTaiPS": 0.13154183227549596
}