{
  "minPB": 0.614,
  "maxPB": 5.4118,
  "medianPB": 0.96,
  "hienTaiPB": 0.7172701362124961,
  "minPE": -130.411,
  "maxPE": 121.8266,
  "medianPE": 27.48,
  "hienTaiPE": 14.34801724639078,
  "minPS": 0.1015,
  "maxPS": 1.3154,
  "medianPS": 0.17,
  "hienTaiPS": 0.12561347625307728
}