{
  "minPB": 0.614,
  "maxPB": 5.4118,
  "medianPB": 0.96,
  "hienTaiPB": 0.7113828300329134,
  "minPE": -130.411,
  "maxPE": 121.8266,
  "medianPE": 27.53,
  "hienTaiPE": 13.347342228324889,
  "minPS": 0.102,
  "maxPS": 1.3154,
  "medianPS": 0.16,
  "hienTaiPS": 0.1306408608215542
}