{
  "minPB": 0.2767,
  "maxPB": 3.2027,
  "medianPB": 0.93,
  "hienTaiPB": 0.7203515695178305,
  "minPE": -13.1613,
  "maxPE": 353.7513,
  "medianPE": 7.77,
  "hienTaiPE": -32.7342,
  "minPS": 0,
  "maxPS": 96.9555,
  "medianPS": 1.12,
  "hienTaiPS": 3.0491306395657607
}