{
  "minPB": 0.2767,
  "maxPB": 3.2027,
  "medianPB": 0.93,
  "hienTaiPB": 0.7108732593925959,
  "minPE": -13.0995,
  "maxPE": 353.7513,
  "medianPE": 7.77,
  "hienTaiPE": -31.8728,
  "minPS": 0,
  "maxPS": 96.9555,
  "medianPS": 1.12,
  "hienTaiPS": 3.0090104995714744
}