{
  "minPB": 0.2767,
  "maxPB": 3.2027,
  "medianPB": 0.94,
  "hienTaiPB": 0.7013949492673613,
  "minPE": -12.8403,
  "maxPE": 353.7513,
  "medianPE": 7.79,
  "hienTaiPE": -32.3035,
  "minPS": 0.5498,
  "maxPS": 128.0639,
  "medianPS": 2.32,
  "hienTaiPS": 2.968890359577188
}