{
  "minPB": 0.2767,
  "maxPB": 3.2027,
  "medianPB": 0.93,
  "hienTaiPB": 0.682438329016892,
  "minPE": -12.8403,
  "maxPE": 353.7513,
  "medianPE": 7.79,
  "hienTaiPE": -32.3035,
  "minPS": 0.5498,
  "maxPS": 128.0639,
  "medianPS": 2.32,
  "hienTaiPS": 2.8886500795886154
}