{
  "minPB": 0.2175,
  "maxPB": 2.6696,
  "medianPB": 0.46,
  "hienTaiPB": 0.6407648164689508,
  "minPE": -20.3215,
  "maxPE": 63.8202,
  "medianPE": 8.76,
  "hienTaiPE": 23.563271637113232,
  "minPS": 0.693,
  "maxPS": 11.2717,
  "medianPS": 2.34,
  "hienTaiPS": 2.161367198978541
}