{
  "minPB": 0,
  "maxPB": 2.653,
  "medianPB": 0.45,
  "hienTaiPB": 0.6510997328636112,
  "minPE": -20.3215,
  "maxPE": 63.71,
  "medianPE": 8.22,
  "hienTaiPE": 23.94332440545377,
  "minPS": 0,
  "maxPS": 11.0598,
  "medianPS": 2.3,
  "hienTaiPS": 2.1962279602523886
}