{
  "minPB": 0.2175,
  "maxPB": 2.6696,
  "medianPB": 0.46,
  "hienTaiPB": 0.6510997328636112,
  "minPE": -20.3215,
  "maxPE": 63.8202,
  "medianPE": 8.76,
  "hienTaiPE": 23.94332440545377,
  "minPS": 0.693,
  "maxPS": 11.2717,
  "medianPS": 2.33,
  "hienTaiPS": 2.1962279602523886
}