{
  "minPB": 0,
  "maxPB": 2.653,
  "medianPB": 0.45,
  "hienTaiPB": 0.6717695656529322,
  "minPE": -20.3215,
  "maxPE": 63.71,
  "medianPE": 8.34,
  "hienTaiPE": 24.70342994213484,
  "minPS": 0,
  "maxPS": 11.0598,
  "medianPS": 2.3,
  "hienTaiPS": 2.2659494828000835
}