{
  "minPB": 0,
  "maxPB": 2.653,
  "medianPB": 0.45,
  "hienTaiPB": 0.6614346492582717,
  "minPE": -20.3215,
  "maxPE": 63.71,
  "medianPE": 8.3,
  "hienTaiPE": 24.323377173794302,
  "minPS": 0,
  "maxPS": 11.0598,
  "medianPS": 2.3,
  "hienTaiPS": 2.231088721526236
}