{
  "minPB": 0.8198,
  "maxPB": 4.467,
  "medianPB": 2.06,
  "hienTaiPB": 2.0403152115888967,
  "minPE": 3.9521,
  "maxPE": 88.441,
  "medianPE": 11.71,
  "hienTaiPE": 16.49352756324506,
  "minPS": 0.0994,
  "maxPS": 1.0252,
  "medianPS": 0.34,
  "hienTaiPS": 0.2386330845961263
}