{
  "minPB": 0.8198,
  "maxPB": 4.467,
  "medianPB": 2.06,
  "hienTaiPB": 2.241927386647088,
  "minPE": 3.9521,
  "maxPE": 88.441,
  "medianPE": 11.74,
  "hienTaiPE": 18.123322777004454,
  "minPS": 0.0994,
  "maxPS": 1.0252,
  "medianPS": 0.34,
  "hienTaiPS": 0.2622134289238068
}