{
  "minPB": 0.9345,
  "maxPB": 0.9579,
  "medianPB": 0.93,
  "hienTaiPB": 0.957884471144319,
  "minPE": -6.0102,
  "maxPE": -5.2541,
  "medianPE": -5.25,
  "hienTaiPE": -6.0102,
  "minPS": 0.763,
  "maxPS": 146.3582,
  "medianPS": 2.84,
  "hienTaiPS": 155.4405323007837
}