{
  "minPB": 1.2699,
  "maxPB": 2.4658,
  "medianPB": 1.69,
  "hienTaiPB": 1.2609081919612464,
  "minPE": -141.8775,
  "maxPE": 492.627,
  "medianPE": 28.82,
  "hienTaiPE": 59.16154841818634,
  "minPS": 0.7731,
  "maxPS": 3.6956,
  "medianPS": 1.13,
  "hienTaiPS": 0.864939028281579
}