{
  "minPB": 1.2699,
  "maxPB": 2.4658,
  "medianPB": 1.69,
  "hienTaiPB": 1.2678172779445955,
  "minPE": -141.8775,
  "maxPE": 492.627,
  "medianPE": 29.08,
  "hienTaiPE": 59.485721286231204,
  "minPS": 0.7731,
  "maxPS": 3.6956,
  "medianPS": 1.13,
  "hienTaiPS": 0.8696784202173684
}