{
  "minPB": 1.2699,
  "maxPB": 2.4658,
  "medianPB": 1.69,
  "hienTaiPB": 1.264362734952921,
  "minPE": -141.8775,
  "maxPE": 492.627,
  "medianPE": 29.13,
  "hienTaiPE": 59.32363485220878,
  "minPS": 0.7731,
  "maxPS": 3.6956,
  "medianPS": 1.12,
  "hienTaiPS": 0.8673087242494737
}