{
  "minPB": 1.2678,
  "maxPB": 2.4658,
  "medianPB": 1.69,
  "hienTaiPB": 1.2470900199945478,
  "minPE": -141.8775,
  "maxPE": 492.627,
  "medianPE": 29.24,
  "hienTaiPE": 58.51320268209663,
  "minPS": 0.7731,
  "maxPS": 3.6955,
  "medianPS": 1.17,
  "hienTaiPS": 0.85546024441
}