{
  "minPB": 1.2665,
  "maxPB": 2.4658,
  "medianPB": 1.69,
  "hienTaiPB": 1.243635477002873,
  "minPE": -141.8775,
  "maxPE": 492.627,
  "medianPE": 29.26,
  "hienTaiPE": 58.351116248074206,
  "minPS": 0.7731,
  "maxPS": 3.6955,
  "medianPS": 1.17,
  "hienTaiPS": 0.8530905484421053
}