{
  "minPB": 1.2631,
  "maxPB": 2.4658,
  "medianPB": 1.68,
  "hienTaiPB": 1.2194536760611505,
  "minPE": -141.8775,
  "maxPE": 492.627,
  "medianPE": 29.31,
  "hienTaiPE": 57.21651120991721,
  "minPS": 0.7731,
  "maxPS": 3.6955,
  "medianPS": 1.17,
  "hienTaiPS": 0.8365026766668421
}