{
  "minPB": 1.2644,
  "maxPB": 2.4658,
  "medianPB": 1.68,
  "hienTaiPB": 1.2298173050361745,
  "minPE": -141.8775,
  "maxPE": 492.627,
  "medianPE": 29.29,
  "hienTaiPE": 57.70277051198449,
  "minPS": 0.7731,
  "maxPS": 3.6955,
  "medianPS": 1.17,
  "hienTaiPS": 0.8436117645705263
}