{
  "minPB": 1.2699,
  "maxPB": 2.4658,
  "medianPB": 1.69,
  "hienTaiPB": 1.2505445629862224,
  "minPE": -141.8775,
  "maxPE": 492.627,
  "medianPE": 29.24,
  "hienTaiPE": 58.67528911611906,
  "minPS": 0.7731,
  "maxPS": 3.6955,
  "medianPS": 1.17,
  "hienTaiPS": 0.8578299403778947
}