{
  "minPB": 0.3548,
  "maxPB": 1.9722,
  "medianPB": 0.8,
  "hienTaiPB": 0.5509118869522852,
  "minPE": -44.134,
  "maxPE": 34.4565,
  "medianPE": 8.95,
  "hienTaiPE": 16.334050351830964,
  "minPS": 0.1053,
  "maxPS": 3.7561,
  "medianPS": 0.45,
  "hienTaiPS": 0.2486730343324717
}