{
  "minPB": 0.3548,
  "maxPB": 1.9722,
  "medianPB": 0.8,
  "hienTaiPB": 0.5427198886332921,
  "minPE": -44.134,
  "maxPE": 34.4565,
  "medianPE": 8.95,
  "hienTaiPE": 16.09116484474054,
  "minPS": 0.1053,
  "maxPS": 3.7561,
  "medianPS": 0.45,
  "hienTaiPS": 0.244975294045
}