{
  "minPB": 0.3554,
  "maxPB": 1.9722,
  "medianPB": 0.79,
  "hienTaiPB": 0.5754878819092645,
  "minPE": -44.134,
  "maxPE": 34.2742,
  "medianPE": 8.97,
  "hienTaiPE": 17.062706873102233,
  "minPS": 0.1054,
  "maxPS": 3.733,
  "medianPS": 0.45,
  "hienTaiPS": 0.2597662551948868
}