{
  "minPB": 0.3548,
  "maxPB": 1.9722,
  "medianPB": 0.8,
  "hienTaiPB": 0.548863887372537,
  "minPE": -44.134,
  "maxPE": 34.4565,
  "medianPE": 8.94,
  "hienTaiPE": 16.27332897505836,
  "minPS": 0.1053,
  "maxPS": 3.7561,
  "medianPS": 0.45,
  "hienTaiPS": 0.24774859926060377
}