{
  "minPB": 0.3554,
  "maxPB": 1.9722,
  "medianPB": 0.79,
  "hienTaiPB": 0.5618345513776094,
  "minPE": -44.134,
  "maxPE": 34.2742,
  "medianPE": 8.96,
  "hienTaiPE": 16.657897694618192,
  "minPS": 0.1054,
  "maxPS": 3.733,
  "medianPS": 0.45,
  "hienTaiPS": 0.2536033547157673
}