{
  "minPB": 0.3554,
  "maxPB": 1.9722,
  "medianPB": 0.8,
  "hienTaiPB": 0.5645652174839404,
  "minPE": -44.134,
  "maxPE": 34.2742,
  "medianPE": 8.95,
  "hienTaiPE": 16.738859530315,
  "minPS": 0.1054,
  "maxPS": 3.733,
  "medianPS": 0.45,
  "hienTaiPS": 0.2548359348115912
}