{
  "minPB": 0.3661,
  "maxPB": 1.2652,
  "medianPB": 0.54,
  "hienTaiPB": 0.5198971770355322,
  "minPE": -42.0563,
  "maxPE": 159.5255,
  "medianPE": 7.85,
  "hienTaiPE": 30.634124623381304,
  "minPS": 0.0384,
  "maxPS": 0.2161,
  "medianPS": 0.09,
  "hienTaiPS": 0.046528471634082
}