{
  "minPB": 0.3661,
  "maxPB": 1.2619,
  "medianPB": 0.54,
  "hienTaiPB": 0.6523952439984712,
  "minPE": -41.8362,
  "maxPE": 159.5255,
  "medianPE": 7.85,
  "hienTaiPE": 38.44136512205858,
  "minPS": 0.0384,
  "maxPS": 0.2154,
  "medianPS": 0.09,
  "hienTaiPS": 0.05838645590975824
}