{
  "minPB": 0.3661,
  "maxPB": 1.2652,
  "medianPB": 0.54,
  "hienTaiPB": 0.5047545408111963,
  "minPE": -42.0563,
  "maxPE": 159.5255,
  "medianPE": 7.85,
  "hienTaiPE": 29.741868566389616,
  "minPS": 0.0384,
  "maxPS": 0.186,
  "medianPS": 0.09,
  "hienTaiPS": 0.04517327343114757
}