{
  "minPB": 0.3661,
  "maxPB": 1.2652,
  "medianPB": 0.54,
  "hienTaiPB": 0.5249447224436441,
  "minPE": -42.0563,
  "maxPE": 159.5255,
  "medianPE": 7.85,
  "hienTaiPE": 30.9315433090452,
  "minPS": 0.0384,
  "maxPS": 0.186,
  "medianPS": 0.09,
  "hienTaiPS": 0.04698020436839347
}