{
  "minPB": 0.3661,
  "maxPB": 1.2619,
  "medianPB": 0.54,
  "hienTaiPB": 0.6372526077741353,
  "minPE": -41.8362,
  "maxPE": 159.5255,
  "medianPE": 7.85,
  "hienTaiPE": 37.54910906506689,
  "minPS": 0.0384,
  "maxPS": 0.2146,
  "medianPS": 0.09,
  "hienTaiPS": 0.05703125770682381
}