{
  "minPB": 3.6049,
  "maxPB": 7.3842,
  "medianPB": 5.12,
  "hienTaiPB": 4.882043395160627,
  "minPE": -219.8079,
  "maxPE": 272.1244,
  "medianPE": 16.12,
  "hienTaiPE": 17.288936217859977,
  "minPS": 1.899,
  "maxPS": 17.4378,
  "medianPS": 3.14,
  "hienTaiPS": 1.9318935149526866
}