{
  "minPB": 3.6049,
  "maxPB": 7.3842,
  "medianPB": 5.12,
  "hienTaiPB": 4.813643487697781,
  "minPE": -219.8079,
  "maxPE": 272.1244,
  "medianPE": 16.1,
  "hienTaiPE": 17.046709440727085,
  "minPS": 1.8954,
  "maxPS": 17.3794,
  "medianPS": 3.11,
  "hienTaiPS": 1.9048267056363617
}