{
  "minPB": 3.6049,
  "maxPB": 7.3842,
  "medianPB": 5.12,
  "hienTaiPB": 4.890593383593482,
  "minPE": -219.8079,
  "maxPE": 272.1244,
  "medianPE": 16.11,
  "hienTaiPE": 17.319214565001587,
  "minPS": 1.899,
  "maxPS": 17.4378,
  "medianPS": 3.14,
  "hienTaiPS": 1.9352768661172273
}