{
  "minPB": 3.6049,
  "maxPB": 7.3842,
  "medianPB": 5.12,
  "hienTaiPB": 4.745243580234935,
  "minPE": -219.8079,
  "maxPE": 272.1244,
  "medianPE": 16.11,
  "hienTaiPE": 16.804482663594197,
  "minPS": 1.899,
  "maxPS": 17.4378,
  "medianPS": 3.14,
  "hienTaiPS": 1.8777598963200368
}