{
  "minPB": 3.6049,
  "maxPB": 7.3842,
  "medianPB": 5.12,
  "hienTaiPB": 4.822193476130637,
  "minPE": -219.8079,
  "maxPE": 272.1244,
  "medianPE": 16.09,
  "hienTaiPE": 17.0769877878687,
  "minPS": 1.8954,
  "maxPS": 17.3794,
  "medianPS": 3.11,
  "hienTaiPS": 1.9082100568009024
}