{
  "minPB": 3.6049,
  "maxPB": 7.3842,
  "medianPB": 5.12,
  "hienTaiPB": 4.8392934529963485,
  "minPE": -219.8079,
  "maxPE": 272.1244,
  "medianPE": 16.11,
  "hienTaiPE": 17.13754448215192,
  "minPS": 1.8999,
  "maxPS": 17.4378,
  "medianPS": 3.14,
  "hienTaiPS": 1.9149767591299836
}