{
  "minPB": 46.7505,
  "maxPB": 66.4349,
  "medianPB": 51.67,
  "hienTaiPB": 51.67156151596317,
  "minPE": -33.85,
  "maxPE": 3270.3356,
  "medianPE": -26.33,
  "hienTaiPE": 3636.301686562862,
  "minPS": 0.2216,
  "maxPS": 12.4808,
  "medianPS": 1.38,
  "hienTaiPS": 2.773493233003505
}