{
  "minPB": 0.0648,
  "maxPB": 1074.0723,
  "medianPB": 0.28,
  "hienTaiPB": -237.7577,
  "minPE": -1423.4667,
  "maxPE": 2995.5872,
  "medianPE": -0.49,
  "hienTaiPE": 4048.9868886781333,
  "minPS": 0.2219,
  "maxPS": 12.4808,
  "medianPS": 1.48,
  "hienTaiPS": 3.0882579896398776
}