{
  "minPB": 46.7505,
  "maxPB": 66.4349,
  "medianPB": 51.67,
  "hienTaiPB": 51.67156151596317,
  "minPE": -33.85,
  "maxPE": -23.8204,
  "medianPE": -26.33,
  "hienTaiPE": 3270.3355639323386,
  "minPS": 0.2216,
  "maxPS": 12.4808,
  "medianPS": 1.38,
  "hienTaiPS": 2.4943622224014397
}