{
  "minPB": 0.7362,
  "maxPB": 4.041,
  "medianPB": 1.78,
  "hienTaiPB": 1.5073457720324257,
  "minPE": -261.7087,
  "maxPE": 2306.2626,
  "medianPE": 110.33,
  "hienTaiPE": 331.08548095771414,
  "minPS": 0.5388,
  "maxPS": 3.2118,
  "medianPS": 1.67,
  "hienTaiPS": 1.3000041136832299
}