{
  "minPB": 0.7452,
  "maxPB": 4.041,
  "medianPB": 1.78,
  "hienTaiPB": 0.881957632572164,
  "minPE": -261.7087,
  "maxPE": 2306.2626,
  "medianPE": 110.33,
  "hienTaiPE": 193.72022821993914,
  "minPS": 0.5511,
  "maxPS": 3.2118,
  "medianPS": 1.52,
  "hienTaiPS": 0.7606407048146558
}