{
  "minPB": 0.7452,
  "maxPB": 4.041,
  "medianPB": 1.78,
  "hienTaiPB": 0.9621355991696334,
  "minPE": -261.7087,
  "maxPE": 2306.2626,
  "medianPE": 110.33,
  "hienTaiPE": 211.33115805811542,
  "minPS": 0.5511,
  "maxPS": 3.2118,
  "medianPS": 1.7,
  "hienTaiPS": 0.8297898597978064
}