{
  "minPB": 0.7362,
  "maxPB": 4.041,
  "medianPB": 1.78,
  "hienTaiPB": 1.1625805156633071,
  "minPE": -261.7087,
  "maxPE": 2306.2626,
  "medianPE": 110.33,
  "hienTaiPE": 255.35848265355614,
  "minPS": 0.5388,
  "maxPS": 3.2118,
  "medianPS": 1.68,
  "hienTaiPS": 1.0026627472556826
}