{
  "minPB": 0.7452,
  "maxPB": 4.041,
  "medianPB": 1.78,
  "hienTaiPB": 0.8979932258916579,
  "minPE": -261.7087,
  "maxPE": 2306.2626,
  "medianPE": 110.33,
  "hienTaiPE": 197.24241418757438,
  "minPS": 0.5511,
  "maxPS": 3.2118,
  "medianPS": 1.52,
  "hienTaiPS": 0.7744705358112859
}