{
  "minPB": 3.5724,
  "maxPB": 3.8685,
  "medianPB": 3.68,
  "hienTaiPB": 3.868452672793473,
  "minPE": 13.3626,
  "maxPE": 17.7539,
  "medianPE": 17.31,
  "hienTaiPE": 13.95869358897584,
  "minPS": 2.2834,
  "maxPS": 8.4295,
  "medianPS": 3.97,
  "hienTaiPS": 5.60649262577507
}