{
  "minPB": 3.5724,
  "maxPB": 3.8685,
  "medianPB": 3.68,
  "hienTaiPB": 3.866181161437562,
  "minPE": 13.3626,
  "maxPE": 17.7539,
  "medianPE": 17.3,
  "hienTaiPE": 13.950497203060605,
  "minPS": 2.2834,
  "maxPS": 8.4295,
  "medianPS": 3.97,
  "hienTaiPS": 5.6032005571513945
}