{
  "minPB": 1.4568,
  "maxPB": 4.4077,
  "medianPB": 1.76,
  "hienTaiPB": 3.8959861437742096,
  "minPE": -604.5893,
  "maxPE": 343.037,
  "medianPE": 7.65,
  "hienTaiPE": 14.058043721281718,
  "minPS": 2.2545,
  "maxPS": 8.4295,
  "medianPS": 3.92,
  "hienTaiPS": 5.646396487880231
}