{
  "minPB": 3.5724,
  "maxPB": 3.87,
  "medianPB": 3.68,
  "hienTaiPB": 3.8994278276468015,
  "minPE": 13.3626,
  "maxPE": 17.7539,
  "medianPE": 17.29,
  "hienTaiPE": 14.070462487819952,
  "minPS": 2.2834,
  "maxPS": 8.4295,
  "medianPS": 3.97,
  "hienTaiPS": 5.651384470643376
}