{
  "minPB": 1.4568,
  "maxPB": 4.4077,
  "medianPB": 1.76,
  "hienTaiPB": 3.8891027760290253,
  "minPE": -604.5893,
  "maxPE": 343.037,
  "medianPE": 7.65,
  "hienTaiPE": 14.033206188205249,
  "minPS": 2.2545,
  "maxPS": 8.4295,
  "medianPS": 3.92,
  "hienTaiPS": 5.636420522353941
}