{
  "minPB": 1.4568,
  "maxPB": 4.4077,
  "medianPB": 1.76,
  "hienTaiPB": 3.854685937303105,
  "minPE": -604.5893,
  "maxPE": 343.037,
  "medianPE": 7.65,
  "hienTaiPE": 13.909018522822901,
  "minPS": 2.2545,
  "maxPS": 8.4295,
  "medianPS": 3.92,
  "hienTaiPS": 5.58654069472249
}