{
  "minPB": 1.3098,
  "maxPB": 2.7894,
  "medianPB": 1.64,
  "hienTaiPB": 1.719787024867826,
  "minPE": 0,
  "maxPE": 65.8108,
  "medianPE": 35.87,
  "hienTaiPE": 30.29647191825879,
  "minPS": 0.46,
  "maxPS": 1.016,
  "medianPS": 0.54,
  "hienTaiPS": 0.5600109836779221
}