{
  "minPB": 1.3098,
  "maxPB": 2.7894,
  "medianPB": 1.61,
  "hienTaiPB": 1.6627954155039568,
  "minPE": 0,
  "maxPE": 65.8108,
  "medianPE": 35.88,
  "hienTaiPE": 29.292484408350962,
  "minPS": 0.46,
  "maxPS": 1.016,
  "medianPS": 0.54,
  "hienTaiPS": 0.5414529141264315
}