{
  "minPB": 1.3098,
  "maxPB": 2.7894,
  "medianPB": 1.61,
  "hienTaiPB": 1.6637439582395552,
  "minPE": 0,
  "maxPE": 65.8108,
  "medianPE": 35.89,
  "hienTaiPE": 29.30919432529811,
  "minPS": 0.46,
  "maxPS": 1.016,
  "medianPS": 0.54,
  "hienTaiPS": 0.541761786296498
}