{
  "minPB": 1.3098,
  "maxPB": 2.7894,
  "medianPB": 1.61,
  "hienTaiPB": 1.8417538116201841,
  "minPE": 0,
  "maxPE": 65.8108,
  "medianPE": 35.99,
  "hienTaiPE": 32.44508873904628,
  "minPS": 0.46,
  "maxPS": 1.016,
  "medianPS": 0.55,
  "hienTaiPS": 0.5997267968789625
}