{
  "minPB": 1.3098,
  "maxPB": 2.7894,
  "medianPB": 1.66,
  "hienTaiPB": 1.6915678784837742,
  "minPE": 0,
  "maxPE": 65.8108,
  "medianPE": 35.86,
  "hienTaiPE": 29.799351889081127,
  "minPS": 0.46,
  "maxPS": 1.016,
  "medianPS": 0.55,
  "hienTaiPS": 0.5508220366184462
}