{
  "minPB": 0.9351,
  "maxPB": 2.2463,
  "medianPB": 1.52,
  "hienTaiPB": 1.0326271196652648,
  "minPE": 10.2403,
  "maxPE": 30.6747,
  "medianPE": 16.32,
  "hienTaiPE": 11.468232671737738,
  "minPS": 0.812,
  "maxPS": 8.8327,
  "medianPS": 5.58,
  "hienTaiPS": 3.771462449469736
}