{
  "minPB": 0.9351,
  "maxPB": 2.2463,
  "medianPB": 1.52,
  "hienTaiPB": 0.9919725086548213,
  "minPE": 10.2403,
  "maxPE": 30.6747,
  "medianPE": 16.32,
  "hienTaiPE": 11.016727448440976,
  "minPS": 0.812,
  "maxPS": 8.8327,
  "medianPS": 5.58,
  "hienTaiPS": 3.6229796758685655
}