{
  "minPB": 0.9351,
  "maxPB": 2.2463,
  "medianPB": 1.52,
  "hienTaiPB": 0.9594488198464666,
  "minPE": 10.2183,
  "maxPE": 30.6747,
  "medianPE": 16.32,
  "hienTaiPE": 10.655523269803567,
  "minPS": 0.812,
  "maxPS": 8.8682,
  "medianPS": 5.55,
  "hienTaiPS": 3.504193456987629
}