{
  "minPB": 0.9351,
  "maxPB": 2.2463,
  "medianPB": 1.52,
  "hienTaiPB": 0.9675797420485552,
  "minPE": 10.2403,
  "maxPE": 30.6747,
  "medianPE": 16.32,
  "hienTaiPE": 10.745824314462919,
  "minPS": 0.812,
  "maxPS": 8.8327,
  "medianPS": 5.58,
  "hienTaiPS": 3.533890011707863
}