{
  "minPB": 1.4412,
  "maxPB": 7.4195,
  "medianPB": 2.1,
  "hienTaiPB": 2.4722818814764937,
  "minPE": 6.8986,
  "maxPE": 192.3904,
  "medianPE": 17.96,
  "hienTaiPE": 21.633595093058545,
  "minPS": 0.2669,
  "maxPS": 0.9052,
  "medianPS": 0.53,
  "hienTaiPS": 1.2567272480492364
}