{
  "minPB": 1.4412,
  "maxPB": 7.4195,
  "medianPB": 2.1,
  "hienTaiPB": 2.3622145374381565,
  "minPE": 6.8986,
  "maxPE": 192.3904,
  "medianPE": 18.21,
  "hienTaiPE": 20.67045558549087,
  "minPS": 0.2702,
  "maxPS": 1.1732,
  "medianPS": 0.54,
  "hienTaiPS": 1.2007770623484142
}