{
  "minPB": 1.4454,
  "maxPB": 7.4057,
  "medianPB": 2.1,
  "hienTaiPB": 2.7051166477114372,
  "minPE": 6.9184,
  "maxPE": 192.0308,
  "medianPE": 18.22,
  "hienTaiPE": 23.67100558983632,
  "minPS": 0.2672,
  "maxPS": 0.9336,
  "medianPS": 0.53,
  "hienTaiPS": 1.3750834101086677
}