{
  "minPB": 1.4454,
  "maxPB": 7.4057,
  "medianPB": 2.1,
  "hienTaiPB": 2.8024839135915047,
  "minPE": 6.9184,
  "maxPE": 192.0308,
  "medianPE": 18.24,
  "hienTaiPE": 24.52301361576157,
  "minPS": 0.2672,
  "maxPS": 0.952,
  "medianPS": 0.53,
  "hienTaiPS": 1.4245778051517028
}