{
  "minPB": 1.4412,
  "maxPB": 7.4195,
  "medianPB": 2.1,
  "hienTaiPB": 2.5273155534956624,
  "minPE": 6.8986,
  "maxPE": 192.3904,
  "medianPE": 17.97,
  "hienTaiPE": 22.115164846842383,
  "minPS": 0.2669,
  "maxPS": 0.9119,
  "medianPS": 0.53,
  "hienTaiPS": 1.2847023408996474
}