{
  "minPB": 1.4412,
  "maxPB": 7.4195,
  "medianPB": 2.1,
  "hienTaiPB": 2.5823492255148306,
  "minPE": 6.8986,
  "maxPE": 192.3904,
  "medianPE": 17.97,
  "hienTaiPE": 22.59673460062622,
  "minPS": 0.2669,
  "maxPS": 0.9119,
  "medianPS": 0.53,
  "hienTaiPS": 1.3126774337500584
}