{
  "minPB": 1.4412,
  "maxPB": 7.4195,
  "medianPB": 2.1,
  "hienTaiPB": 2.3579811780520665,
  "minPE": 6.8986,
  "maxPE": 192.3904,
  "medianPE": 18.22,
  "hienTaiPE": 20.63341175827673,
  "minPS": 0.2702,
  "maxPS": 1.1732,
  "medianPS": 0.54,
  "hienTaiPS": 1.198625132129152
}