{
  "minPB": 1.4412,
  "maxPB": 7.4195,
  "medianPB": 2.1,
  "hienTaiPB": 2.3664478968242464,
  "minPE": 6.8986,
  "maxPE": 192.3904,
  "medianPE": 18.22,
  "hienTaiPE": 20.707499412705012,
  "minPS": 0.2702,
  "maxPS": 1.1732,
  "medianPS": 0.54,
  "hienTaiPS": 1.2029289925676765
}