{
  "minPB": 1.4412,
  "maxPB": 7.4195,
  "medianPB": 2.1,
  "hienTaiPB": 2.4722818814764937,
  "minPE": 6.8986,
  "maxPE": 192.3904,
  "medianPE": 18.23,
  "hienTaiPE": 21.633595093058545,
  "minPS": 0.2702,
  "maxPS": 1.1904,
  "medianPS": 0.54,
  "hienTaiPS": 1.2567272480492364
}