{
  "minPB": 1.1851,
  "maxPB": 3.212,
  "medianPB": 1.92,
  "hienTaiPB": 1.5898336817157352,
  "minPE": 3.5909,
  "maxPE": 24.8458,
  "medianPE": 7.81,
  "hienTaiPE": 12.587504995310027,
  "minPS": 1.7122,
  "maxPS": 5.9033,
  "medianPS": 2.9,
  "hienTaiPS": 4.583653852229458
}