{
  "minPB": 1.1851,
  "maxPB": 3.212,
  "medianPB": 1.92,
  "hienTaiPB": 1.5002107045601913,
  "minPE": 3.5909,
  "maxPE": 24.8458,
  "medianPE": 7.82,
  "hienTaiPE": 11.877915252927354,
  "minPS": 1.7009,
  "maxPS": 5.8875,
  "medianPS": 2.84,
  "hienTaiPS": 4.325261600755738
}