{
  "minPB": 1.1851,
  "maxPB": 3.212,
  "medianPB": 1.92,
  "hienTaiPB": 1.5586604722703288,
  "minPE": 3.5909,
  "maxPE": 24.8458,
  "medianPE": 7.82,
  "hienTaiPE": 12.340691171872576,
  "minPS": 1.7009,
  "maxPS": 5.8875,
  "medianPS": 2.89,
  "hienTaiPS": 4.493778286499468
}