{
  "minPB": 1.1851,
  "maxPB": 3.212,
  "medianPB": 1.92,
  "hienTaiPB": 1.550867169908977,
  "minPE": 3.5909,
  "maxPE": 24.8458,
  "medianPE": 7.82,
  "hienTaiPE": 12.278987716013212,
  "minPS": 1.7009,
  "maxPS": 5.8875,
  "medianPS": 2.85,
  "hienTaiPS": 4.471309395066971
}