{
  "minPB": 1.1851,
  "maxPB": 3.212,
  "medianPB": 1.92,
  "hienTaiPB": 1.5547638210896528,
  "minPE": 3.5909,
  "maxPE": 24.8458,
  "medianPE": 7.82,
  "hienTaiPE": 12.309839443942895,
  "minPS": 1.7009,
  "maxPS": 5.8875,
  "medianPS": 2.87,
  "hienTaiPS": 4.48254384078322
}