{
  "minPB": 0.3229,
  "maxPB": 2.2537,
  "medianPB": 0.92,
  "hienTaiPB": 0.6578867815368447,
  "minPE": 3.8164,
  "maxPE": 26.8772,
  "medianPE": 11.47,
  "hienTaiPE": 8.275966305102857,
  "minPS": 0.1979,
  "maxPS": 1.3423,
  "medianPS": 0.7,
  "hienTaiPS": 0.5423467795414697
}