{
  "minPB": 0.3229,
  "maxPB": 2.2537,
  "medianPB": 0.91,
  "hienTaiPB": 0.7358112352722768,
  "minPE": 3.8164,
  "maxPE": 26.8772,
  "medianPE": 11.43,
  "hienTaiPE": 9.25622639172669,
  "minPS": 0.1979,
  "maxPS": 1.3432,
  "medianPS": 0.71,
  "hienTaiPS": 0.6065859126522068
}