{
  "minPB": 0.3229,
  "maxPB": 2.2537,
  "medianPB": 0.91,
  "hienTaiPB": 0.6642740318430277,
  "minPE": 3.8164,
  "maxPE": 26.8772,
  "medianPE": 11.44,
  "hienTaiPE": 8.35631549253104,
  "minPS": 0.1979,
  "maxPS": 1.3432,
  "medianPS": 0.71,
  "hienTaiPS": 0.5476122822554645
}