{
  "minPB": 0.5504,
  "maxPB": 1.1562,
  "medianPB": 0.85,
  "hienTaiPB": 0.4858742345228954,
  "minPE": 5.5946,
  "maxPE": 29.4218,
  "medianPE": 9.56,
  "hienTaiPE": 18.42194499897578,
  "minPS": 0.2226,
  "maxPS": 0.5251,
  "medianPS": 0.38,
  "hienTaiPS": 0.20177183842511856
}