{
  "minPB": 0.4847,
  "maxPB": 0.6874,
  "medianPB": 0.6,
  "hienTaiPB": 0.5270500171095814,
  "minPE": 14.8366,
  "maxPE": 22.7933,
  "medianPE": 18.36,
  "hienTaiPE": 19.983126778549998,
  "minPS": 0.2492,
  "maxPS": 0.5251,
  "medianPS": 0.39,
  "hienTaiPS": 0.21887114676623032
}