{
  "minPB": 0.4847,
  "maxPB": 0.6874,
  "medianPB": 0.6,
  "hienTaiPB": 0.6011664257656164,
  "minPE": 14.8366,
  "maxPE": 22.7933,
  "medianPE": 18.24,
  "hienTaiPE": 22.79325398178359,
  "minPS": 0.2496,
  "maxPS": 0.5251,
  "medianPS": 0.39,
  "hienTaiPS": 0.24964990178023144
}