{
  "minPB": 0.5435,
  "maxPB": 1.1562,
  "medianPB": 0.85,
  "hienTaiPB": 0.8070453386990466,
  "minPE": 5.5946,
  "maxPE": 29.4218,
  "medianPE": 9.56,
  "hienTaiPE": 30.599162879654685,
  "minPS": 0.2226,
  "maxPS": 0.5251,
  "medianPS": 0.38,
  "hienTaiPS": 0.33514644348579015
}