{
  "minPB": 0.4092,
  "maxPB": 1.4874,
  "medianPB": 0.68,
  "hienTaiPB": 0.5675775415186729,
  "minPE": 3.761,
  "maxPE": 31.9906,
  "medianPE": 7.91,
  "hienTaiPE": 9.893126249625812,
  "minPS": 0.0914,
  "maxPS": 0.4043,
  "medianPS": 0.15,
  "hienTaiPS": 0.17214832875748518
}