{
  "minPB": 0,
  "maxPB": 1.4423,
  "medianPB": 0.64,
  "hienTaiPB": 0.6566093127372883,
  "minPE": 0,
  "maxPE": 29.6062,
  "medianPE": 7.41,
  "hienTaiPE": 11.444989190743588,
  "minPS": 0,
  "maxPS": 0.4503,
  "medianPS": 0.15,
  "hienTaiPS": 0.199151988170424
}