{
  "minPB": 0,
  "maxPB": 1.4423,
  "medianPB": 0.64,
  "hienTaiPB": 0.6009644557256537,
  "minPE": 0,
  "maxPE": 29.6062,
  "medianPE": 7.4,
  "hienTaiPE": 10.475074852544978,
  "minPS": 0,
  "maxPS": 0.4503,
  "medianPS": 0.15,
  "hienTaiPS": 0.18227470103733723
}