{
  "minPB": 0,
  "maxPB": 1.0671,
  "medianPB": 0.64,
  "hienTaiPB": 0.4957925468506315,
  "minPE": -1.1056,
  "maxPE": 394.3941,
  "medianPE": 28.7,
  "hienTaiPE": -4.9669,
  "minPS": 0.0297,
  "maxPS": 0.1211,
  "medianPS": 0.05,
  "hienTaiPS": 0.04467502155855522
}