{
  "minPB": 0,
  "maxPB": 1.0671,
  "medianPB": 0.64,
  "hienTaiPB": 0.5108188748090275,
  "minPE": -1.1002,
  "maxPE": 394.3941,
  "medianPE": 28.85,
  "hienTaiPE": -4.7944,
  "minPS": 0.0297,
  "maxPS": 0.1211,
  "medianPS": 0.05,
  "hienTaiPS": 0.04602901836579143
}