{
  "minPB": 0,
  "maxPB": 1.0671,
  "medianPB": 0.64,
  "hienTaiPB": 0.5377442238918387,
  "minPE": -1.1167,
  "maxPE": 394.3941,
  "medianPE": 28.6,
  "hienTaiPE": -5.2492,
  "minPS": 0.0297,
  "maxPS": 0.1211,
  "medianPS": 0.05,
  "hienTaiPS": 0.048455215690432964
}