{
  "minPB": 0.3562,
  "maxPB": 0.4559,
  "medianPB": 0.39,
  "hienTaiPB": 0.4423995033436404,
  "minPE": 0.4977,
  "maxPE": 0.6368,
  "medianPE": 0.55,
  "hienTaiPE": 0.564369776437794,
  "minPS": 0.0299,
  "maxPS": 0.1216,
  "medianPS": 0.04,
  "hienTaiPS": 0.03986386539071081
}