{
  "minPB": 0,
  "maxPB": 1.0671,
  "medianPB": 0.64,
  "hienTaiPB": 0.45193397539846025,
  "minPE": -1.0954,
  "maxPE": 394.3941,
  "medianPE": 29,
  "hienTaiPE": -4.3225,
  "minPS": 0.0297,
  "maxPS": 0.1211,
  "medianPS": 0.05,
  "hienTaiPS": 0.040723000420683025
}