{
  "minPB": 0,
  "maxPB": 1.0671,
  "medianPB": 0.64,
  "hienTaiPB": 0.4960213741799472,
  "minPE": -1.0972,
  "maxPE": 394.3941,
  "medianPE": 28.92,
  "hienTaiPE": -4.3682,
  "minPS": 0.0297,
  "maxPS": 0.1211,
  "medianPS": 0.05,
  "hienTaiPS": 0.04469564079927455
}