{
  "minPB": 0,
  "maxPB": 1.0671,
  "medianPB": 0.64,
  "hienTaiPB": 0.49960633567255947,
  "minPE": -1.1026,
  "maxPE": 394.3941,
  "medianPE": 28.8,
  "hienTaiPE": -4.9374,
  "minPS": 0.0297,
  "maxPS": 0.1211,
  "medianPS": 0.05,
  "hienTaiPS": 0.045018675570544106
}