{
  "minPB": 0.3353,
  "maxPB": 1.3823,
  "medianPB": 0.6,
  "hienTaiPB": 0.4959022236958718,
  "minPE": -49.2716,
  "maxPE": 36.2237,
  "medianPE": 6.99,
  "hienTaiPE": -146.5431,
  "minPS": 0.1095,
  "maxPS": 0.6454,
  "medianPS": 0.28,
  "hienTaiPS": 0.25786616380319993
}