{
  "minPB": 0.3353,
  "maxPB": 1.3823,
  "medianPB": 0.6,
  "hienTaiPB": 0.5026954048423905,
  "minPE": -49.0662,
  "maxPE": 36.2237,
  "medianPE": 6.99,
  "hienTaiPE": -6.4722,
  "minPS": 0.1095,
  "maxPS": 0.6454,
  "medianPS": 0.28,
  "hienTaiPS": 0.26139857700598346
}