{
  "minPB": 0,
  "maxPB": 1.3649,
  "medianPB": 0.54,
  "hienTaiPB": 0.5502476728680221,
  "minPE": -49.0662,
  "maxPE": 35.2013,
  "medianPE": 6.39,
  "hienTaiPE": -158.425,
  "minPS": 0,
  "maxPS": 0.7439,
  "medianPS": 0.24,
  "hienTaiPS": 0.2861254694254684
}