{
  "minPB": 0.4834,
  "maxPB": 1.6039,
  "medianPB": 0.66,
  "hienTaiPB": 0.9360672208912674,
  "minPE": -34.6061,
  "maxPE": 44.2178,
  "medianPE": 6.48,
  "hienTaiPE": 6.959260990188753,
  "minPS": 0.2341,
  "maxPS": 7.3368,
  "medianPS": 0.46,
  "hienTaiPS": 1.4249800927133112
}