{
  "minPB": 0.4834,
  "maxPB": 1.6039,
  "medianPB": 0.65,
  "hienTaiPB": 0.9007951227127559,
  "minPE": -34.6061,
  "maxPE": 44.2178,
  "medianPE": 6.48,
  "hienTaiPE": 6.697027967370046,
  "minPS": 0.2341,
  "maxPS": 7.3368,
  "medianPS": 0.46,
  "hienTaiPS": 1.3712851906690413
}