{
  "minPB": 0.4834,
  "maxPB": 1.6039,
  "medianPB": 0.66,
  "hienTaiPB": 0.9044127738079878,
  "minPE": -34.6061,
  "maxPE": 44.2178,
  "medianPE": 6.49,
  "hienTaiPE": 6.723923662018119,
  "minPS": 0.2341,
  "maxPS": 7.3368,
  "medianPS": 0.46,
  "hienTaiPS": 1.3767923601094794
}