{
  "minPB": 0.4834,
  "maxPB": 1.6039,
  "medianPB": 0.65,
  "hienTaiPB": 0.8610009606652044,
  "minPE": -34.5439,
  "maxPE": 44.2178,
  "medianPE": 6.48,
  "hienTaiPE": 6.4011753262412485,
  "minPS": 0.2337,
  "maxPS": 7.3286,
  "medianPS": 0.47,
  "hienTaiPS": 1.3107063268242243
}