{
  "minPB": 0.4834,
  "maxPB": 1.6039,
  "medianPB": 0.65,
  "hienTaiPB": 0.8591921351175884,
  "minPE": -34.5439,
  "maxPE": 44.2178,
  "medianPE": 6.48,
  "hienTaiPE": 6.3877274789172125,
  "minPS": 0.2337,
  "maxPS": 7.3286,
  "medianPS": 0.47,
  "hienTaiPS": 1.3079527421040054
}