{
  "minPB": 0.4834,
  "maxPB": 1.6039,
  "medianPB": 0.66,
  "hienTaiPB": 0.9089348376770278,
  "minPE": -34.6061,
  "maxPE": 44.2178,
  "medianPE": 6.49,
  "hienTaiPE": 6.75754328032821,
  "minPS": 0.2341,
  "maxPS": 7.3368,
  "medianPS": 0.46,
  "hienTaiPS": 1.3836763219100268
}