{
  "minPB": 2.5569,
  "maxPB": 4.501,
  "medianPB": 3.06,
  "hienTaiPB": 3.4217790485639688,
  "minPE": 8.8899,
  "maxPE": 18.3052,
  "medianPE": 13.44,
  "hienTaiPE": 12.783560888894732,
  "minPS": 1.4321,
  "maxPS": 1.9531,
  "medianPS": 1.7,
  "hienTaiPS": 1.7929895997489471
}