{
  "minPB": 2.5569,
  "maxPB": 4.501,
  "medianPB": 3.06,
  "hienTaiPB": 3.5661220853520272,
  "minPE": 8.8899,
  "maxPE": 18.3052,
  "medianPE": 13.44,
  "hienTaiPE": 13.322817799840664,
  "minPS": 1.4321,
  "maxPS": 1.9531,
  "medianPS": 1.69,
  "hienTaiPS": 1.8686243967606893
}