{
  "minPB": 0.4728,
  "maxPB": 2.2366,
  "medianPB": 0.67,
  "hienTaiPB": 0.5093631681832964,
  "minPE": -98.4497,
  "maxPE": 62.636,
  "medianPE": 11.35,
  "hienTaiPE": 12.549119837592839,
  "minPS": 0.3119,
  "maxPS": 45.1579,
  "medianPS": 0.73,
  "hienTaiPS": 1.1596931615019739
}