{
  "minPB": 0.4728,
  "maxPB": 2.2366,
  "medianPB": 0.67,
  "hienTaiPB": 0.5544630320328592,
  "minPE": -98.4497,
  "maxPE": 62.636,
  "medianPE": 11.34,
  "hienTaiPE": 13.660239823213038,
  "minPS": 0.3119,
  "maxPS": 45.1579,
  "medianPS": 0.73,
  "hienTaiPS": 1.2623743268432943
}