{
  "minPB": 0.4709,
  "maxPB": 2.2366,
  "medianPB": 0.67,
  "hienTaiPB": 0.5358924998595098,
  "minPE": -100.4822,
  "maxPE": 62.8363,
  "medianPE": 11.35,
  "hienTaiPE": 13.202719829134132,
  "minPS": 0.3106,
  "maxPS": 45.1579,
  "medianPS": 0.75,
  "hienTaiPS": 1.2200938469968683
}