{
  "minPB": 0.4709,
  "maxPB": 2.2366,
  "medianPB": 0.67,
  "hienTaiPB": 0.5279337003566458,
  "minPE": -100.4822,
  "maxPE": 62.8363,
  "medianPE": 11.34,
  "hienTaiPE": 13.006639831671745,
  "minPS": 0.3106,
  "maxPS": 45.1579,
  "medianPS": 0.75,
  "hienTaiPS": 1.2019736413484
}