{
  "minPB": 0.4718,
  "maxPB": 2.2366,
  "medianPB": 0.67,
  "hienTaiPB": 0.5411983661947525,
  "minPE": -99.466,
  "maxPE": 62.7362,
  "medianPE": 11.34,
  "hienTaiPE": 13.33343982744239,
  "minPS": 0.3115,
  "maxPS": 45.1579,
  "medianPS": 0.73,
  "hienTaiPS": 1.2321739840958472
}