{
  "minPB": 0.4708,
  "maxPB": 2.2366,
  "medianPB": 0.67,
  "hienTaiPB": 0.527049389300772,
  "minPE": -100.4822,
  "maxPE": 62.8363,
  "medianPE": 11.34,
  "hienTaiPE": 12.984853165287035,
  "minPS": 0.3111,
  "maxPS": 45.1579,
  "medianPS": 0.73,
  "hienTaiPS": 1.1999602851652367
}