{
  "minPB": 0.4709,
  "maxPB": 2.2366,
  "medianPB": 0.67,
  "hienTaiPB": 0.535008188803636,
  "minPE": -100.4822,
  "maxPE": 62.8363,
  "medianPE": 11.34,
  "hienTaiPE": 13.180933162749422,
  "minPS": 0.3106,
  "maxPS": 45.1579,
  "medianPS": 0.75,
  "hienTaiPS": 1.218080490813705
}