{
  "minPB": 0.4728,
  "maxPB": 2.2366,
  "medianPB": 0.67,
  "hienTaiPB": 0.5447356104182476,
  "minPE": -98.4497,
  "maxPE": 62.636,
  "medianPE": 11.35,
  "hienTaiPE": 13.42058649298123,
  "minPS": 0.3119,
  "maxPS": 45.1579,
  "medianPS": 0.73,
  "hienTaiPS": 1.2402274088284997
}