{
  "minPB": 0.0538,
  "maxPB": 5.3257,
  "medianPB": 3.48,
  "hienTaiPB": 3.710733901924677,
  "minPE": 7.9607,
  "maxPE": 154.707,
  "medianPE": 25.76,
  "hienTaiPE": 34.161581847491746,
  "minPS": 0.0701,
  "maxPS": 15.9325,
  "medianPS": 7.25,
  "hienTaiPS": 13.8461579582652
}