{
  "minPB": 0.0538,
  "maxPB": 5.3257,
  "medianPB": 3.47,
  "hienTaiPB": 3.780143313039815,
  "minPE": 7.9607,
  "maxPE": 154.7071,
  "medianPE": 25.74,
  "hienTaiPE": 34.80057546478296,
  "minPS": 0.0718,
  "maxPS": 15.9325,
  "medianPS": 7.59,
  "hienTaiPS": 14.105150840937787
}