{
  "minPB": 0.0538,
  "maxPB": 5.3257,
  "medianPB": 3.49,
  "hienTaiPB": 3.999049917326019,
  "minPE": 7.9607,
  "maxPE": 154.707,
  "medianPE": 25.77,
  "hienTaiPE": 36.81586302700909,
  "minPS": 0.0701,
  "maxPS": 15.9325,
  "medianPS": 7.27,
  "hienTaiPS": 14.921974547828253
}