{
  "minPB": 0.0538,
  "maxPB": 5.3257,
  "medianPB": 3.49,
  "hienTaiPB": 4.089816070322738,
  "minPE": 7.9607,
  "maxPE": 154.707,
  "medianPE": 25.77,
  "hienTaiPE": 37.65147006500529,
  "minPS": 0.0701,
  "maxPS": 15.9325,
  "medianPS": 7.27,
  "hienTaiPS": 15.26065754824625
}