{
  "minPB": 0.0538,
  "maxPB": 5.3257,
  "medianPB": 3.47,
  "hienTaiPB": 3.7854824985102105,
  "minPE": 7.9607,
  "maxPE": 154.7071,
  "medianPE": 25.74,
  "hienTaiPE": 34.8497288199592,
  "minPS": 0.0718,
  "maxPS": 15.9325,
  "medianPS": 7.63,
  "hienTaiPS": 14.125073370374139
}