{
  "minPB": 0.0538,
  "maxPB": 5.3257,
  "medianPB": 3.48,
  "hienTaiPB": 3.7427690147470485,
  "minPE": 7.9607,
  "maxPE": 154.7071,
  "medianPE": 25.74,
  "hienTaiPE": 34.45650197854923,
  "minPS": 0.0718,
  "maxPS": 15.9325,
  "medianPS": 7.64,
  "hienTaiPS": 13.965693134883317
}