{
  "minPB": 0.0538,
  "maxPB": 5.3257,
  "medianPB": 3.49,
  "hienTaiPB": 4.041763401089181,
  "minPE": 7.9607,
  "maxPE": 154.707,
  "medianPE": 25.8,
  "hienTaiPE": 37.20908986841906,
  "minPS": 0.0701,
  "maxPS": 15.9325,
  "medianPS": 7.3,
  "hienTaiPS": 15.081354783319075
}