{
  "minPB": 0.0538,
  "maxPB": 5.3257,
  "medianPB": 3.48,
  "hienTaiPB": 3.806839240391791,
  "minPE": 7.9607,
  "maxPE": 154.707,
  "medianPE": 25.77,
  "hienTaiPE": 35.046342240664195,
  "minPS": 0.0701,
  "maxPS": 15.9325,
  "medianPS": 7.27,
  "hienTaiPS": 14.20476348811955
}