{
  "minPB": 0.4612,
  "maxPB": 1.949,
  "medianPB": 1.05,
  "hienTaiPB": 1.929666995519042,
  "minPE": -43.7238,
  "maxPE": 38.2267,
  "medianPE": 0,
  "hienTaiPE": 194.81368458406874,
  "minPS": 0.319,
  "maxPS": 1.3575,
  "medianPS": 0.6,
  "hienTaiPS": 0.45704269629503763
}