{
  "minPB": 0.3949,
  "maxPB": 0.5174,
  "medianPB": 0.46,
  "hienTaiPB": 0.4117513338356756,
  "minPE": 8.2288,
  "maxPE": 26.5649,
  "medianPE": 23.67,
  "hienTaiPE": 8.228763789337835,
  "minPS": 2.0817,
  "maxPS": 3.2717,
  "medianPS": 2.73,
  "hienTaiPS": 3.1855966310514012
}