{
  "minPB": 0.4006,
  "maxPB": 0.8864,
  "medianPB": 0.53,
  "hienTaiPB": 0.4117513338356756,
  "minPE": 0,
  "maxPE": 33.9121,
  "medianPE": 24.3,
  "hienTaiPE": 8.228763789337835,
  "minPS": 2.0792,
  "maxPS": 3.4183,
  "medianPS": 2.8,
  "hienTaiPS": 3.1855966310514012
}