{
  "minPB": 0.3949,
  "maxPB": 0.5174,
  "medianPB": 0.46,
  "hienTaiPB": 0.41220883531771524,
  "minPE": 8.1959,
  "maxPE": 26.5649,
  "medianPE": 23.4,
  "hienTaiPE": 8.237906860214878,
  "minPS": 2.0817,
  "maxPS": 3.2717,
  "medianPS": 2.75,
  "hienTaiPS": 3.1891361828636806
}