{
  "minPB": 0.4006,
  "maxPB": 0.8864,
  "medianPB": 0.53,
  "hienTaiPB": 0.4192543581411257,
  "minPE": 0,
  "maxPE": 33.9121,
  "medianPE": 24.23,
  "hienTaiPE": 8.378710151721325,
  "minPS": 2.0792,
  "maxPS": 3.4183,
  "medianPS": 2.8,
  "hienTaiPS": 3.2436452807727822
}