{
  "minPB": 0.3949,
  "maxPB": 0.5174,
  "medianPB": 0.46,
  "hienTaiPB": 0.40982982761110914,
  "minPE": 8.1959,
  "maxPE": 26.5649,
  "medianPE": 23.62,
  "hienTaiPE": 8.190362891654258,
  "minPS": 2.0817,
  "maxPS": 3.2717,
  "medianPS": 2.74,
  "hienTaiPS": 3.1707305134398283
}