{
  "minPB": 0.3949,
  "maxPB": 0.5174,
  "medianPB": 0.46,
  "hienTaiPB": 0.4120258347248994,
  "minPE": 8.1959,
  "maxPE": 26.5649,
  "medianPE": 23.51,
  "hienTaiPE": 8.234249631864062,
  "minPS": 2.0817,
  "maxPS": 3.2717,
  "medianPS": 2.74,
  "hienTaiPS": 3.187720362138769
}