{
  "minPB": 0.4006,
  "maxPB": 0.8864,
  "medianPB": 0.53,
  "hienTaiPB": 0.43215589993464354,
  "minPE": 0,
  "maxPE": 33.9121,
  "medianPE": 24.21,
  "hienTaiPE": 8.636544750453911,
  "minPS": 2.0792,
  "maxPS": 3.4183,
  "medianPS": 2.81,
  "hienTaiPS": 3.3434606418790596
}