{
  "minPB": 0.4006,
  "maxPB": 0.8864,
  "medianPB": 0.53,
  "hienTaiPB": 0.416326348656072,
  "minPE": 0,
  "maxPE": 33.9121,
  "medianPE": 24.25,
  "hienTaiPE": 8.320194498108256,
  "minPS": 2.0792,
  "maxPS": 3.4183,
  "medianPS": 2.8,
  "hienTaiPS": 3.2209921491741946
}