{
  "minPB": 0.3115,
  "maxPB": 1.1821,
  "medianPB": 0.75,
  "hienTaiPB": 0.6464363993035095,
  "minPE": 5.0938,
  "maxPE": 25.5241,
  "medianPE": 10.81,
  "hienTaiPE": 12.118700245512963,
  "minPS": 0.0927,
  "maxPS": 0.2948,
  "medianPS": 0.19,
  "hienTaiPS": 0.12070674913479496
}