{
  "minPB": 1.0521,
  "maxPB": 2.6745,
  "medianPB": 1.6,
  "hienTaiPB": 1.54485925059159,
  "minPE": 0,
  "maxPE": 21.2794,
  "medianPE": 4.59,
  "hienTaiPE": 5.8561911272341325,
  "minPS": 0.2289,
  "maxPS": 0.5353,
  "medianPS": 0.35,
  "hienTaiPS": 0.5269811632035165
}