{
  "minPB": 1.0521,
  "maxPB": 2.6745,
  "medianPB": 1.6,
  "hienTaiPB": 1.6177798090003432,
  "minPE": 0,
  "maxPE": 21.2794,
  "medianPE": 4.59,
  "hienTaiPE": 6.132615485623267,
  "minPS": 0.2289,
  "maxPS": 0.5362,
  "medianPS": 0.35,
  "hienTaiPS": 0.5518557662956618
}