{
  "minPB": 1.0521,
  "maxPB": 2.6745,
  "medianPB": 1.6,
  "hienTaiPB": 1.6044523962944623,
  "minPE": 0,
  "maxPE": 21.2794,
  "medianPE": 4.59,
  "hienTaiPE": 6.08209445854117,
  "minPS": 0.2289,
  "maxPS": 0.5354,
  "medianPS": 0.35,
  "hienTaiPS": 0.5473095298359009
}