{
  "minPB": 1.0521,
  "maxPB": 2.6745,
  "medianPB": 1.6,
  "hienTaiPB": 1.6008904151208185,
  "minPE": 0,
  "maxPE": 21.2794,
  "medianPE": 4.59,
  "hienTaiPE": 6.068591841693402,
  "minPS": 0.2289,
  "maxPS": 0.5369,
  "medianPS": 0.36,
  "hienTaiPS": 0.5460944696409498
}