{
  "minPB": 1.0521,
  "maxPB": 2.6745,
  "medianPB": 1.6,
  "hienTaiPB": 1.5848815109696104,
  "minPE": 0,
  "maxPE": 21.2794,
  "medianPE": 4.59,
  "hienTaiPE": 6.007905923276468,
  "minPS": 0.2289,
  "maxPS": 0.5374,
  "medianPS": 0.36,
  "hienTaiPS": 0.5406335249445403
}