{
  "minPB": 1.4982,
  "maxPB": 1.6514,
  "medianPB": 1.53,
  "hienTaiPB": 1.506077680285288,
  "minPE": 5.64,
  "maxPE": 6.2563,
  "medianPE": 5.72,
  "hienTaiPE": 5.70917948986911,
  "minPS": 0.2293,
  "maxPS": 0.5354,
  "medianPS": 0.36,
  "hienTaiPS": 0.5137520246764645
}