{
  "minPB": 1.4982,
  "maxPB": 1.6514,
  "medianPB": 1.53,
  "hienTaiPB": 1.5200854714175953,
  "minPE": 5.64,
  "maxPE": 6.2563,
  "medianPE": 5.72,
  "hienTaiPE": 5.762279668483927,
  "minPS": 0.2293,
  "maxPS": 0.5354,
  "medianPS": 0.36,
  "hienTaiPS": 0.5185303512858228
}