{
  "minPB": 1.0521,
  "maxPB": 2.6745,
  "medianPB": 1.6,
  "hienTaiPB": 1.609695312403983,
  "minPE": 0,
  "maxPE": 21.2794,
  "medianPE": 4.59,
  "hienTaiPE": 6.101969096822716,
  "minPS": 0.2289,
  "maxPS": 0.5364,
  "medianPS": 0.35,
  "hienTaiPS": 0.549097989223975
}