{
  "minPB": 0.5235,
  "maxPB": 2.947,
  "medianPB": 1.2,
  "hienTaiPB": 0.5888003634092261,
  "minPE": 3.8663,
  "maxPE": 29.5082,
  "medianPE": 10.12,
  "hienTaiPE": -20.8082,
  "minPS": 0.6583,
  "maxPS": 3.4343,
  "medianPS": 1.14,
  "hienTaiPS": 1.6629749695853464
}