{
  "minPB": 0.5235,
  "maxPB": 2.947,
  "medianPB": 1.2,
  "hienTaiPB": 0.6079790550736353,
  "minPE": 3.8663,
  "maxPE": 29.5082,
  "medianPE": 10.13,
  "hienTaiPE": -21.7017,
  "minPS": 0.6583,
  "maxPS": 3.4343,
  "medianPS": 1.14,
  "hienTaiPS": 1.717142198699539
}