{
  "minPB": 0.4977,
  "maxPB": 0.5363,
  "medianPB": 0.51,
  "hienTaiPB": 0.525597856787878,
  "minPE": 28.5866,
  "maxPE": 31.2504,
  "medianPE": 29.88,
  "hienTaiPE": -18.5105,
  "minPS": 0.6583,
  "maxPS": 3.4238,
  "medianPS": 1.13,
  "hienTaiPS": 1.4844693281863024
}