{
  "minPB": 0.5235,
  "maxPB": 2.947,
  "medianPB": 1.2,
  "hienTaiPB": 0.5884371306125518,
  "minPE": 3.8098,
  "maxPE": 29.5082,
  "medianPE": 10.09,
  "hienTaiPE": -21.1163,
  "minPS": 0.6583,
  "maxPS": 3.4343,
  "medianPS": 1.15,
  "hienTaiPS": 1.6619490750945474
}