{
  "minPB": 0.4977,
  "maxPB": 0.5363,
  "medianPB": 0.51,
  "hienTaiPB": 0.523055227211157,
  "minPE": 29.0032,
  "maxPE": 31.2504,
  "medianPE": 29.88,
  "hienTaiPE": 29.878485963053965,
  "minPS": 0.6583,
  "maxPS": 3.4238,
  "medianPS": 1.13,
  "hienTaiPS": 1.4772880667507087
}