{
  "minPB": 0.7348,
  "maxPB": 3.7429,
  "medianPB": 2.16,
  "hienTaiPB": 2.12245998623542,
  "minPE": 3.5195,
  "maxPE": 32.796,
  "medianPE": 12.67,
  "hienTaiPE": 12.332543278489354,
  "minPS": 0.369,
  "maxPS": 1.8437,
  "medianPS": 1.14,
  "hienTaiPS": 1.1620203002379443
}