{
  "minPB": 0.7348,
  "maxPB": 3.7429,
  "medianPB": 2.13,
  "hienTaiPB": 2.122434949683659,
  "minPE": 3.5195,
  "maxPE": 32.796,
  "medianPE": 12.66,
  "hienTaiPE": 12.331698046073674,
  "minPS": 0.3684,
  "maxPS": 1.8437,
  "medianPS": 1.14,
  "hienTaiPS": 1.1620203002379443
}