{
  "minPB": 0.72,
  "maxPB": 2.4208,
  "medianPB": 1.5,
  "hienTaiPB": 1.9389193401354223,
  "minPE": 4.7502,
  "maxPE": 20.1059,
  "medianPE": 7.39,
  "hienTaiPE": 6.813682935291877,
  "minPS": 0.108,
  "maxPS": 0.379,
  "medianPS": 0.22,
  "hienTaiPS": 0.2608473734096343
}