{
  "minPB": 0.72,
  "maxPB": 2.4208,
  "medianPB": 1.5,
  "hienTaiPB": 1.9434601348429994,
  "minPE": 4.7502,
  "maxPE": 20.1059,
  "medianPE": 7.39,
  "hienTaiPE": 6.829640038184832,
  "minPS": 0.108,
  "maxPS": 0.379,
  "medianPS": 0.22,
  "hienTaiPS": 0.26145825718811117
}