{
  "minPB": 0.72,
  "maxPB": 2.4208,
  "medianPB": 1.5,
  "hienTaiPB": 1.9411897374892109,
  "minPE": 4.7502,
  "maxPE": 20.1059,
  "medianPE": 7.39,
  "hienTaiPE": 6.821661486738354,
  "minPS": 0.108,
  "maxPS": 0.379,
  "medianPS": 0.22,
  "hienTaiPS": 0.26115281529887274
}