{
  "minPB": 0.72,
  "maxPB": 2.4208,
  "medianPB": 1.5,
  "hienTaiPB": 1.9321081480740567,
  "minPE": 4.7502,
  "maxPE": 20.1059,
  "medianPE": 7.38,
  "hienTaiPE": 6.789747280952444,
  "minPS": 0.1086,
  "maxPS": 0.3791,
  "medianPS": 0.22,
  "hienTaiPS": 0.25993104774191894
}