{
  "minPB": 0.72,
  "maxPB": 2.4208,
  "medianPB": 1.5,
  "hienTaiPB": 1.9025929824748056,
  "minPE": 4.7502,
  "maxPE": 20.1059,
  "medianPE": 7.39,
  "hienTaiPE": 6.686026112148235,
  "minPS": 0.1086,
  "maxPS": 0.3791,
  "medianPS": 0.22,
  "hienTaiPS": 0.2559603031818191
}