{
  "minPB": 0.5594,
  "maxPB": 1.1362,
  "medianPB": 1.04,
  "hienTaiPB": 0.5746127283826563,
  "minPE": -79.3856,
  "maxPE": 13.5148,
  "medianPE": -0.69,
  "hienTaiPE": 12.630766788121422,
  "minPS": 0.014,
  "maxPS": 3.7724,
  "medianPS": 0.02,
  "hienTaiPS": 3.5255864070855676
}