{
  "minPB": 0.5584,
  "maxPB": 1.1124,
  "medianPB": 0.98,
  "hienTaiPB": 0.6167869937678383,
  "minPE": -79.902,
  "maxPE": 13.5578,
  "medianPE": -0.68,
  "hienTaiPE": 13.557814318098577,
  "minPS": 0.0213,
  "maxPS": 3.8215,
  "medianPS": 0.02,
  "hienTaiPS": 3.784350283043079
}