{
  "minPB": 0.5584,
  "maxPB": 1.1124,
  "medianPB": 0.98,
  "hienTaiPB": 0.6237694880369081,
  "minPE": -79.902,
  "maxPE": 13.5067,
  "medianPE": -0.68,
  "hienTaiPE": 13.711299008492146,
  "minPS": 0.0213,
  "maxPS": 3.8272,
  "medianPS": 0.02,
  "hienTaiPS": 3.827191984360548
}