{
  "minPB": 0.5584,
  "maxPB": 1.1124,
  "medianPB": 0.97,
  "hienTaiPB": 0.5798263241035618,
  "minPE": -79.902,
  "maxPE": 13.5578,
  "medianPE": -0.68,
  "hienTaiPE": 12.745368690281953,
  "minPS": 0.0213,
  "maxPS": 3.8215,
  "medianPS": 0.02,
  "hienTaiPS": 3.557574877402611
}