{
  "minPB": 0.5594,
  "maxPB": 1.1362,
  "medianPB": 1.04,
  "hienTaiPB": 0.5750782280005943,
  "minPE": -79.3856,
  "maxPE": 13.5148,
  "medianPE": -0.69,
  "hienTaiPE": 12.640999100814327,
  "minPS": 0.014,
  "maxPS": 3.7724,
  "medianPS": 0.02,
  "hienTaiPS": 3.528442520506732
}