{
  "minPB": 0.5588,
  "maxPB": 1.1362,
  "medianPB": 1.04,
  "hienTaiPB": 0.5585995415255894,
  "minPE": -79.3856,
  "maxPE": 13.5148,
  "medianPE": -0.7,
  "hienTaiPE": 12.278775231485504,
  "minPS": 0.014,
  "maxPS": 3.7724,
  "medianPS": 0.02,
  "hienTaiPS": 3.4273361053975058
}