{
  "minPB": 1.5211,
  "maxPB": 1.7588,
  "medianPB": 1.52,
  "hienTaiPB": 1.6009059460409094,
  "minPE": 26.8582,
  "maxPE": 33.5765,
  "medianPE": 29.04,
  "hienTaiPE": 26.858203913197794,
  "minPS": 1.456,
  "maxPS": 2.7031,
  "medianPS": 1.93,
  "hienTaiPS": 1.7142953127529377
}