{
  "minPB": 0.9685,
  "maxPB": 2.2518,
  "medianPB": 1.64,
  "hienTaiPB": 1.506735008038503,
  "minPE": 23.0556,
  "maxPE": 61.4799,
  "medianPE": 30.65,
  "hienTaiPE": 25.27830956536263,
  "minPS": 1.456,
  "maxPS": 2.7031,
  "medianPS": 1.94,
  "hienTaiPS": 1.6134544120027647
}