{
  "minPB": 0.8428,
  "maxPB": 2.0532,
  "medianPB": 1.28,
  "hienTaiPB": 1.6737867924146868,
  "minPE": -41.4028,
  "maxPE": 90.7161,
  "medianPE": 10.49,
  "hienTaiPE": 10.120111889333383,
  "minPS": 2.1569,
  "maxPS": 4.3416,
  "medianPS": 2.95,
  "hienTaiPS": 4.531406786165447
}