{
  "minPB": 0.8428,
  "maxPB": 2.0532,
  "medianPB": 1.28,
  "hienTaiPB": 1.6336159093967342,
  "minPE": -41.4028,
  "maxPE": 90.7161,
  "medianPE": 10.49,
  "hienTaiPE": 9.877229203989382,
  "minPS": 2.1569,
  "maxPS": 4.3427,
  "medianPS": 2.95,
  "hienTaiPS": 4.422653023297476
}