{
  "minPB": 0.8428,
  "maxPB": 2.0532,
  "medianPB": 1.28,
  "hienTaiPB": 1.6205603724158997,
  "minPE": -41.4028,
  "maxPE": 90.7161,
  "medianPE": 10.49,
  "hienTaiPE": 9.798292331252583,
  "minPS": 2.1569,
  "maxPS": 4.3307,
  "medianPS": 2.95,
  "hienTaiPS": 4.387308050365386
}