{
  "minPB": 0.8428,
  "maxPB": 2.0532,
  "medianPB": 1.28,
  "hienTaiPB": 1.5800547320394642,
  "minPE": -41.4028,
  "maxPE": 90.7161,
  "medianPE": 10.49,
  "hienTaiPE": 9.553385623530714,
  "minPS": 2.1569,
  "maxPS": 4.3307,
  "medianPS": 2.95,
  "hienTaiPS": 4.277648006140182
}