{
  "minPB": 1.4675,
  "maxPB": 1.5699,
  "medianPB": 1.5,
  "hienTaiPB": 1.5532741433608293,
  "minPE": 8.1772,
  "maxPE": 9.3915,
  "medianPE": 8.37,
  "hienTaiPE": 9.39146383330138,
  "minPS": 2.1655,
  "maxPS": 4.2928,
  "medianPS": 2.97,
  "hienTaiPS": 4.205145497561535
}