{
  "minPB": 1.4675,
  "maxPB": 1.604,
  "medianPB": 1.5,
  "hienTaiPB": 1.640311056566393,
  "minPE": 8.1772,
  "maxPE": 9.3915,
  "medianPE": 8.37,
  "hienTaiPE": 9.917709651546716,
  "minPS": 2.1655,
  "maxPS": 4.2928,
  "medianPS": 2.97,
  "hienTaiPS": 4.440778650442138
}