{
  "minPB": 1.4675,
  "maxPB": 1.6068,
  "medianPB": 1.5,
  "hienTaiPB": 1.6068353207180992,
  "minPE": 8.1772,
  "maxPE": 9.7153,
  "medianPE": 8.37,
  "hienTaiPE": 9.715307413760048,
  "minPS": 2.1655,
  "maxPS": 4.322,
  "medianPS": 2.97,
  "hienTaiPS": 4.3501505147188295
}