{
  "minPB": 0.8428,
  "maxPB": 2.0532,
  "medianPB": 1.28,
  "hienTaiPB": 1.640311056566393,
  "minPE": -41.4028,
  "maxPE": 90.7161,
  "medianPE": 10.47,
  "hienTaiPE": 9.917709651546716,
  "minPS": 2.1569,
  "maxPS": 4.3602,
  "medianPS": 2.95,
  "hienTaiPS": 4.440778650442138
}