{
  "minPB": -0.128,
  "maxPB": -0.0989,
  "medianPB": -0.11,
  "hienTaiPB": -0.111,
  "minPE": 16.957,
  "maxPE": 860.0897,
  "medianPE": 18.95,
  "hienTaiPE": 814.8217894210782,
  "minPS": 0.0444,
  "maxPS": 1.533,
  "medianPS": 0.1,
  "hienTaiPS": 4.207996294519506
}