{
  "minPB": -0.133,
  "maxPB": 1.6454,
  "medianPB": 0,
  "hienTaiPB": -0.1051,
  "minPE": -107.8005,
  "maxPE": 106.6282,
  "medianPE": -0.24,
  "hienTaiPE": 905.357543801198,
  "minPS": 0.0454,
  "maxPS": 1.5044,
  "medianPS": 0.1,
  "hienTaiPS": 4.675551438355007
}