{
  "minPB": 0.8771,
  "maxPB": 2.2411,
  "medianPB": 1.06,
  "hienTaiPB": 0.9929656773256493,
  "minPE": -1303.5645,
  "maxPE": 130.702,
  "medianPE": 0,
  "hienTaiPE": 146.63195302625346,
  "minPS": 0.3674,
  "maxPS": 0.4883,
  "medianPS": 0.45,
  "hienTaiPS": 0.454570014496026
}