{
  "minPB": 0.9266,
  "maxPB": 1.1137,
  "medianPB": 0.99,
  "hienTaiPB": 0.9598668214147944,
  "minPE": -524.3618,
  "maxPE": -436.301,
  "medianPE": -464.32,
  "hienTaiPE": -464.3203,
  "minPS": 0.4198,
  "maxPS": 0.5424,
  "medianPS": 0.45,
  "hienTaiPS": 0.44855088296136375
}