{
  "minPB": 0.8771,
  "maxPB": 2.2411,
  "medianPB": 1.06,
  "hienTaiPB": 0.877119681637657,
  "minPE": -1319.2072,
  "maxPE": 130.702,
  "medianPE": 0,
  "hienTaiPE": 129.52489183985722,
  "minPS": 0.4015,
  "maxPS": 0.4883,
  "medianPS": 0.45,
  "hienTaiPS": 0.4015368461381563
}