{
  "minPB": 0.7402,
  "maxPB": 1.747,
  "medianPB": 0.97,
  "hienTaiPB": 1.5545467071539498,
  "minPE": 3.6998,
  "maxPE": 78.245,
  "medianPE": 8.34,
  "hienTaiPE": 16.93957592159281,
  "minPS": 0.2244,
  "maxPS": 0.5519,
  "medianPS": 0.37,
  "hienTaiPS": 0.5028009241739713
}