{
  "minPB": 1.8884,
  "maxPB": 6.1952,
  "medianPB": 3.18,
  "hienTaiPB": 1.9154824574431444,
  "minPE": 16.807,
  "maxPE": 48.8057,
  "medianPE": 28.44,
  "hienTaiPE": 23.071382833400964,
  "minPS": 1.0648,
  "maxPS": 3.1825,
  "medianPS": 1.84,
  "hienTaiPS": 1.0730409834513892
}