{
  "minPB": 1.8929,
  "maxPB": 6.1952,
  "medianPB": 3.18,
  "hienTaiPB": 1.8877948003710359,
  "minPE": 16.807,
  "maxPE": 48.8057,
  "medianPE": 28.46,
  "hienTaiPE": 22.73789372542802,
  "minPS": 1.0705,
  "maxPS": 3.1931,
  "medianPS": 1.84,
  "hienTaiPS": 1.0575305355959814
}