{
  "minPB": 1.8837,
  "maxPB": 6.1952,
  "medianPB": 3.17,
  "hienTaiPB": 1.8626242030327553,
  "minPE": 16.807,
  "maxPE": 48.8057,
  "medianPE": 28.37,
  "hienTaiPE": 22.434721809088977,
  "minPS": 1.0748,
  "maxPS": 3.1931,
  "medianPS": 1.85,
  "hienTaiPS": 1.0434301284547018
}