{
  "minPB": 1.8884,
  "maxPB": 6.1952,
  "medianPB": 3.18,
  "hienTaiPB": 1.7946635902193981,
  "minPE": 16.807,
  "maxPE": 48.8057,
  "medianPE": 28.45,
  "hienTaiPE": 21.61615763497357,
  "minPS": 1.0648,
  "maxPS": 3.1825,
  "medianPS": 1.84,
  "hienTaiPS": 1.0053590291732464
}