{
  "minPB": 1.8902,
  "maxPB": 6.1952,
  "medianPB": 3.18,
  "hienTaiPB": 1.8676583225004115,
  "minPE": 16.807,
  "maxPE": 48.8057,
  "medianPE": 28.45,
  "hienTaiPE": 22.495356192356788,
  "minPS": 1.0705,
  "maxPS": 3.1825,
  "medianPS": 1.84,
  "hienTaiPS": 1.0462502098829578
}