{
  "minPB": 0.5858,
  "maxPB": 2.2758,
  "medianPB": 1.27,
  "hienTaiPB": 1.488426924497809,
  "minPE": 5.1238,
  "maxPE": 35.0035,
  "medianPE": 10.29,
  "hienTaiPE": 8.866552425403105,
  "minPS": 0.8597,
  "maxPS": 1.8184,
  "medianPS": 1.21,
  "hienTaiPS": 1.0998459036165094
}