{
  "minPB": 0.5858,
  "maxPB": 2.2758,
  "medianPB": 1.27,
  "hienTaiPB": 1.4545990398501314,
  "minPE": 5.1515,
  "maxPE": 34.9872,
  "medianPE": 10.29,
  "hienTaiPE": 8.665039870280307,
  "minPS": 0.8597,
  "maxPS": 1.8184,
  "medianPS": 1.21,
  "hienTaiPS": 1.0748494058070432
}