{
  "minPB": 0.5858,
  "maxPB": 2.2758,
  "medianPB": 1.27,
  "hienTaiPB": 1.3789837682847348,
  "minPE": 5.096,
  "maxPE": 35.0197,
  "medianPE": 10.3,
  "hienTaiPE": 8.214600041182289,
  "minPS": 0.8653,
  "maxPS": 1.8154,
  "medianPS": 1.2,
  "hienTaiPS": 1.018974881291766
}