{
  "minPB": 0.5858,
  "maxPB": 2.2758,
  "medianPB": 1.27,
  "hienTaiPB": 1.4267407819049853,
  "minPE": 5.096,
  "maxPE": 35.0197,
  "medianPE": 10.3,
  "hienTaiPE": 8.499088354296827,
  "minPS": 0.8653,
  "maxPS": 1.8154,
  "medianPS": 1.2,
  "hienTaiPS": 1.0542640546698359
}