{
  "minPB": 0.5858,
  "maxPB": 2.2758,
  "medianPB": 1.27,
  "hienTaiPB": 1.5043459290378924,
  "minPE": 5.1515,
  "maxPE": 34.9872,
  "medianPE": 10.29,
  "hienTaiPE": 8.96138186310795,
  "minPS": 0.8597,
  "maxPS": 1.8184,
  "medianPS": 1.21,
  "hienTaiPS": 1.1116089614091993
}