{
  "minPB": 0.5858,
  "maxPB": 2.2758,
  "medianPB": 1.27,
  "hienTaiPB": 1.452609164282621,
  "minPE": 5.096,
  "maxPE": 35.0197,
  "medianPE": 10.29,
  "hienTaiPE": 8.653186190567201,
  "minPS": 0.8597,
  "maxPS": 1.8184,
  "medianPS": 1.21,
  "hienTaiPS": 1.073379023582957
}