{
  "minPB": 1.1491,
  "maxPB": 2.773,
  "medianPB": 2.06,
  "hienTaiPB": 2.013130608730056,
  "minPE": 8.2745,
  "maxPE": 23.4324,
  "medianPE": 12.73,
  "hienTaiPE": 11.370797259813987,
  "minPS": 1.4933,
  "maxPS": 3.9227,
  "medianPS": 2.43,
  "hienTaiPS": 4.833573456653956
}