{
  "minPB": 1.1491,
  "maxPB": 2.7729,
  "medianPB": 2.06,
  "hienTaiPB": 2.023035310372024,
  "minPE": 8.2745,
  "maxPE": 23.4091,
  "medianPE": 12.73,
  "hienTaiPE": 11.42674214178109,
  "minPS": 1.4966,
  "maxPS": 3.9143,
  "medianPS": 2.42,
  "hienTaiPS": 4.8573548758748855
}