{
  "minPB": 1.1491,
  "maxPB": 2.773,
  "medianPB": 2.06,
  "hienTaiPB": 2.0057020824985794,
  "minPE": 8.2745,
  "maxPE": 23.4324,
  "medianPE": 12.73,
  "hienTaiPE": 11.328838598338658,
  "minPS": 1.4933,
  "maxPS": 3.9163,
  "medianPS": 2.43,
  "hienTaiPS": 4.815737392238258
}