{
  "minPB": 1.1491,
  "maxPB": 2.773,
  "medianPB": 2.06,
  "hienTaiPB": 2.0032259070880873,
  "minPE": 8.2746,
  "maxPE": 23.4324,
  "medianPE": 12.73,
  "hienTaiPE": 11.314852377846881,
  "minPS": 1.4933,
  "maxPS": 4.641,
  "medianPS": 2.47,
  "hienTaiPS": 4.809792037433026
}