{
  "minPB": 1.1491,
  "maxPB": 2.7727,
  "medianPB": 2.06,
  "hienTaiPB": 2.0428447136559607,
  "minPE": 8.2745,
  "maxPE": 23.3858,
  "medianPE": 12.72,
  "hienTaiPE": 11.538631905715299,
  "minPS": 1.4999,
  "maxPS": 3.9122,
  "medianPS": 2.42,
  "hienTaiPS": 4.904917714316745
}