{
  "minPB": 1.1491,
  "maxPB": 2.773,
  "medianPB": 2.06,
  "hienTaiPB": 1.9982735562671032,
  "minPE": 8.2746,
  "maxPE": 23.4324,
  "medianPE": 12.74,
  "hienTaiPE": 11.286879936863329,
  "minPS": 1.4933,
  "maxPS": 4.641,
  "medianPS": 2.47,
  "hienTaiPS": 4.7979013278225615
}