{
  "minPB": 1.1491,
  "maxPB": 2.7727,
  "medianPB": 2.06,
  "hienTaiPB": 2.0255114857825163,
  "minPE": 8.2745,
  "maxPE": 23.3858,
  "medianPE": 12.73,
  "hienTaiPE": 11.440728362272866,
  "minPS": 1.4999,
  "maxPS": 3.9122,
  "medianPS": 2.42,
  "hienTaiPS": 4.863300230680117
}