{
  "minPB": 0.4021,
  "maxPB": 2.1857,
  "medianPB": 0.66,
  "hienTaiPB": 3.823899119482889,
  "minPE": -12.3205,
  "maxPE": 405.2385,
  "medianPE": 5.44,
  "hienTaiPE": 16.808166123650892,
  "minPS": 0.1788,
  "maxPS": 5.8066,
  "medianPS": 0.55,
  "hienTaiPS": 1.59679747713393
}