{
  "minPB": 0.4021,
  "maxPB": 2.1889,
  "medianPB": 0.66,
  "hienTaiPB": 4.205298383990897,
  "minPE": -12.3205,
  "maxPE": 405.2385,
  "medianPE": 5.44,
  "hienTaiPE": 18.48462828883369,
  "minPS": 0.1788,
  "maxPS": 5.8066,
  "medianPS": 0.55,
  "hienTaiPS": 1.7560635467444385
}