{
  "minPB": 0.4021,
  "maxPB": 2.184,
  "medianPB": 0.66,
  "hienTaiPB": 3.4771725153846993,
  "minPE": -12.3205,
  "maxPE": 405.2385,
  "medianPE": 5.44,
  "hienTaiPE": 15.284109609848352,
  "minPS": 0.1788,
  "maxPS": 5.8066,
  "medianPS": 0.55,
  "hienTaiPS": 1.4520101411243767
}