{
  "minPB": 0.4021,
  "maxPB": 2.1791,
  "medianPB": 0.65,
  "hienTaiPB": 3.165118571696329,
  "minPE": -12.3205,
  "maxPE": 405.2385,
  "medianPE": 5.44,
  "hienTaiPE": 13.912458747426063,
  "minPS": 0.1788,
  "maxPS": 5.8066,
  "medianPS": 0.55,
  "hienTaiPS": 1.321701538715779
}