{
  "minPB": 0.4021,
  "maxPB": 2.1605,
  "medianPB": 0.65,
  "hienTaiPB": 1.4859711604208117,
  "minPE": -12.3205,
  "maxPE": 405.2385,
  "medianPE": 5.44,
  "hienTaiPE": 14.185759766169664,
  "minPS": 0.1795,
  "maxPS": 5.8482,
  "medianPS": 0.52,
  "hienTaiPS": 0.6912847988227679
}