{
  "minPB": 0.4021,
  "maxPB": 2.1605,
  "medianPB": 0.65,
  "hienTaiPB": 1.6345682764628928,
  "minPE": -12.3205,
  "maxPE": 405.2385,
  "medianPE": 5.44,
  "hienTaiPE": 15.60433574278663,
  "minPS": 0.1795,
  "maxPS": 5.8482,
  "medianPS": 0.52,
  "hienTaiPS": 0.7604132787050448
}