{
  "minPB": 0.4021,
  "maxPB": 2.1731,
  "medianPB": 0.65,
  "hienTaiPB": 2.6202624795420313,
  "minPE": -12.3205,
  "maxPE": 405.2385,
  "medianPE": 5.44,
  "hienTaiPE": 11.517512797164926,
  "minPS": 0.1795,
  "maxPS": 5.8066,
  "medianPS": 0.55,
  "hienTaiPS": 1.094178582129338
}