{
  "minPB": 0.4021,
  "maxPB": 2.1605,
  "medianPB": 0.65,
  "hienTaiPB": 1.9763416433596794,
  "minPE": -12.3205,
  "maxPE": 405.2385,
  "medianPE": 5.44,
  "hienTaiPE": 18.867060489005652,
  "minPS": 0.1795,
  "maxPS": 5.8482,
  "medianPS": 0.52,
  "hienTaiPS": 0.9194087824342814
}