{
  "minPB": 0.4021,
  "maxPB": 2.2046,
  "medianPB": 0.66,
  "hienTaiPB": 3.764460273066056,
  "minPE": -12.3205,
  "maxPE": 405.2385,
  "medianPE": 5.44,
  "hienTaiPE": 16.546899292713316,
  "minPS": 0.1788,
  "maxPS": 5.8066,
  "medianPS": 0.55,
  "hienTaiPS": 1.5719767909608637
}