{
  "minPB": 0.3108,
  "maxPB": 1.1525,
  "medianPB": 0.45,
  "hienTaiPB": 0.3165942574260796,
  "minPE": 6.3069,
  "maxPE": 30.0339,
  "medianPE": 17,
  "hienTaiPE": 15.708893293021752,
  "minPS": 0.5388,
  "maxPS": 1.6737,
  "medianPS": 1.01,
  "hienTaiPS": 0.8101805225001164
}