{
  "minPB": 0.3108,
  "maxPB": 1.1525,
  "medianPB": 0.44,
  "hienTaiPB": 0.3136897229542807,
  "minPE": 6.3069,
  "maxPE": 30.0338,
  "medianPE": 16.93,
  "hienTaiPE": 15.564775005929809,
  "minPS": 0.5388,
  "maxPS": 1.6801,
  "medianPS": 1.02,
  "hienTaiPS": 0.8027476736698401
}