{
  "minPB": 0.3108,
  "maxPB": 1.1525,
  "medianPB": 0.44,
  "hienTaiPB": 0.31949879189787855,
  "minPE": 6.3069,
  "maxPE": 30.0338,
  "medianPE": 16.92,
  "hienTaiPE": 15.853011580113694,
  "minPS": 0.5388,
  "maxPS": 1.6801,
  "medianPS": 1.02,
  "hienTaiPS": 0.8176133713303927
}