{
  "minPB": 0.3108,
  "maxPB": 1.1525,
  "medianPB": 0.44,
  "hienTaiPB": 0.3156260792688133,
  "minPE": 6.3069,
  "maxPE": 30.0338,
  "medianPE": 16.87,
  "hienTaiPE": 15.660853863991104,
  "minPS": 0.5388,
  "maxPS": 1.6801,
  "medianPS": 1.02,
  "hienTaiPS": 0.8077029062233576
}