{
  "minPB": 0.5027,
  "maxPB": 1.4546,
  "medianPB": 0.67,
  "hienTaiPB": 0.6660372722764096,
  "minPE": -49.868,
  "maxPE": 514.8025,
  "medianPE": 11.45,
  "hienTaiPE": 9.203399263510212,
  "minPS": 0.4388,
  "maxPS": 1.0643,
  "medianPS": 0.59,
  "hienTaiPS": 0.5210178105739314
}