{
  "minPB": 0.6262,
  "maxPB": 0.7105,
  "medianPB": 0.68,
  "hienTaiPB": 0.6593768995536455,
  "minPE": 8.2044,
  "maxPE": 9.3619,
  "medianPE": 8.91,
  "hienTaiPE": 9.11136527087511,
  "minPS": 0.4404,
  "maxPS": 1.0643,
  "medianPS": 0.58,
  "hienTaiPS": 0.5158076324681921
}