{
  "minPB": 0.6262,
  "maxPB": 0.7105,
  "medianPB": 0.68,
  "hienTaiPB": 0.6460561541081173,
  "minPE": 8.2044,
  "maxPE": 9.3619,
  "medianPE": 8.88,
  "hienTaiPE": 8.642815798862964,
  "minPS": 0.4404,
  "maxPS": 1.0643,
  "medianPS": 0.58,
  "hienTaiPS": 0.5021804853666771
}