{
  "minPB": 0.5027,
  "maxPB": 1.4546,
  "medianPB": 0.67,
  "hienTaiPB": 0.6793580177219378,
  "minPE": -49.868,
  "maxPE": 514.8025,
  "medianPE": 11.46,
  "hienTaiPE": 9.387467248780418,
  "minPS": 0.4388,
  "maxPS": 1.0643,
  "medianPS": 0.59,
  "hienTaiPS": 0.53143816678541
}