{
  "minPB": 0.2404,
  "maxPB": 1.8522,
  "medianPB": 0.64,
  "hienTaiPB": 2.0644803190876826,
  "minPE": 2.9047,
  "maxPE": 26.9687,
  "medianPE": 12.89,
  "hienTaiPE": 27.01145825392615,
  "minPS": 0.058,
  "maxPS": 0.2204,
  "medianPS": 0.11,
  "hienTaiPS": 0.11665168123007565
}