{
  "minPB": 0.2404,
  "maxPB": 1.8459,
  "medianPB": 0.64,
  "hienTaiPB": 2.043031172915343,
  "minPE": 2.9047,
  "maxPE": 26.8857,
  "medianPE": 12.87,
  "hienTaiPE": 26.730819726612634,
  "minPS": 0.058,
  "maxPS": 0.2204,
  "medianPS": 0.11,
  "hienTaiPS": 0.11543971571080212
}