{
  "minPB": 0.6754,
  "maxPB": 4.4339,
  "medianPB": 1.15,
  "hienTaiPB": 1.648590590068644,
  "minPE": 4.1134,
  "maxPE": 22.93,
  "medianPE": 10.64,
  "hienTaiPE": 15.283706119185188,
  "minPS": 0.7911,
  "maxPS": 6.5518,
  "medianPS": 1.43,
  "hienTaiPS": 1.998611099876687
}