{
  "minPB": 0.6754,
  "maxPB": 4.4339,
  "medianPB": 1.15,
  "hienTaiPB": 1.4915819624430589,
  "minPE": 4.1134,
  "maxPE": 22.93,
  "medianPE": 10.64,
  "hienTaiPE": 13.82811506021517,
  "minPS": 0.7911,
  "maxPS": 6.5518,
  "medianPS": 1.43,
  "hienTaiPS": 1.8082671856027168
}