{
  "minPB": 0.6752,
  "maxPB": 4.4339,
  "medianPB": 1.15,
  "hienTaiPB": 1.5256004984286022,
  "minPE": 4.032,
  "maxPE": 22.93,
  "medianPE": 10.63,
  "hienTaiPE": 14.143493122992007,
  "minPS": 0.7911,
  "maxPS": 6.5518,
  "medianPS": 1.43,
  "hienTaiPS": 1.8495083670287438
}