{
  "minPB": 0.6752,
  "maxPB": 4.4339,
  "medianPB": 1.15,
  "hienTaiPB": 1.3502741975800323,
  "minPE": 4.032,
  "maxPE": 22.93,
  "medianPE": 10.6,
  "hienTaiPE": 12.518083107142154,
  "minPS": 0.7875,
  "maxPS": 4.6371,
  "medianPS": 1.38,
  "hienTaiPS": 1.6369576627561437
}