{
  "minPB": 0.6752,
  "maxPB": 4.4339,
  "medianPB": 1.15,
  "hienTaiPB": 1.4287785113928249,
  "minPE": 4.032,
  "maxPE": 22.93,
  "medianPE": 10.6,
  "hienTaiPE": 13.245878636627163,
  "minPS": 0.7875,
  "maxPS": 4.6371,
  "medianPS": 1.38,
  "hienTaiPS": 1.7321296198931289
}