{
  "minPB": 0.6754,
  "maxPB": 4.4339,
  "medianPB": 1.15,
  "hienTaiPB": 1.5962543808601155,
  "minPE": 4.1134,
  "maxPE": 22.93,
  "medianPE": 10.64,
  "hienTaiPE": 14.798509099528516,
  "minPS": 0.7911,
  "maxPS": 6.5518,
  "medianPS": 1.43,
  "hienTaiPS": 1.9351631284520303
}