{
  "minPB": 0.7732,
  "maxPB": 0.9136,
  "medianPB": 0.84,
  "hienTaiPB": 0.7832591557609139,
  "minPE": 8.6223,
  "maxPE": 27.4902,
  "medianPE": 25.31,
  "hienTaiPE": 8.734170257105445,
  "minPS": 0.0346,
  "maxPS": 0.1637,
  "medianPS": 0.07,
  "hienTaiPS": 0.04124192638095966
}