{
  "minPB": 0.5514,
  "maxPB": 2.5138,
  "medianPB": 0.88,
  "hienTaiPB": 0.7832591557609139,
  "minPE": 1.2813,
  "maxPE": 32.6101,
  "medianPE": 5.51,
  "hienTaiPE": 8.734170257105445,
  "minPS": 0.0346,
  "maxPS": 0.1637,
  "medianPS": 0.06,
  "hienTaiPS": 0.04124192638095966
}