{
  "minPB": 0.5514,
  "maxPB": 2.5138,
  "medianPB": 0.88,
  "hienTaiPB": 0.7829951358207697,
  "minPE": 1.2813,
  "maxPE": 32.6101,
  "medianPE": 5.51,
  "hienTaiPE": 8.73122615477159,
  "minPS": 0.0346,
  "maxPS": 0.1637,
  "medianPS": 0.06,
  "hienTaiPS": 0.04122802460802225
}