{
  "minPB": 0.5514,
  "maxPB": 2.5138,
  "medianPB": 0.87,
  "hienTaiPB": 0.7392558324035592,
  "minPE": 1.2813,
  "maxPE": 32.6101,
  "medianPE": 5.51,
  "hienTaiPE": 8.243486534796151,
  "minPS": 0.0346,
  "maxPS": 0.1637,
  "medianPS": 0.06,
  "hienTaiPS": 0.038924964224725966
}