{
  "minPB": 0.5514,
  "maxPB": 2.5138,
  "medianPB": 0.88,
  "hienTaiPB": 0.8448638084612105,
  "minPE": 1.2813,
  "maxPE": 32.6101,
  "medianPE": 5.51,
  "hienTaiPE": 9.421127468338458,
  "minPS": 0.0346,
  "maxPS": 0.1637,
  "medianPS": 0.06,
  "hienTaiPS": 0.04448567339968682
}