{
  "minPB": 0.2742,
  "maxPB": 1.9272,
  "medianPB": 0.94,
  "hienTaiPB": 0.9992666225304485,
  "minPE": 3.8658,
  "maxPE": 19.3643,
  "medianPE": 11.4,
  "hienTaiPE": 11.719829190803592,
  "minPS": 0.3299,
  "maxPS": 1.5746,
  "medianPS": 0.59,
  "hienTaiPS": 0.5708120233863572
}