{
  "minPB": 0.2742,
  "maxPB": 1.9272,
  "medianPB": 0.94,
  "hienTaiPB": 0.9849913850657278,
  "minPE": 3.8658,
  "maxPE": 19.3643,
  "medianPE": 11.4,
  "hienTaiPE": 11.552403059506398,
  "minPS": 0.3299,
  "maxPS": 1.259,
  "medianPS": 0.58,
  "hienTaiPS": 0.5626575659094093
}