{
  "minPB": 0.2742,
  "maxPB": 1.9272,
  "medianPB": 0.94,
  "hienTaiPB": 0.9826121788216077,
  "minPE": 3.8658,
  "maxPE": 19.3643,
  "medianPE": 11.4,
  "hienTaiPE": 11.524498704290199,
  "minPS": 0.3299,
  "maxPS": 1.259,
  "medianPS": 0.58,
  "hienTaiPS": 0.5612984896632512
}