{
  "minPB": 0.2742,
  "maxPB": 1.926,
  "medianPB": 0.94,
  "hienTaiPB": 1.0373339224363702,
  "minPE": 3.8658,
  "maxPE": 19.3504,
  "medianPE": 11.4,
  "hienTaiPE": 12.166298874262777,
  "minPS": 0.33,
  "maxPS": 1.5733,
  "medianPS": 0.59,
  "hienTaiPS": 0.5925572433248851
}