{
  "minPB": 0.2742,
  "maxPB": 1.9248,
  "medianPB": 0.94,
  "hienTaiPB": 1.0325755099481302,
  "minPE": 3.8658,
  "maxPE": 19.3364,
  "medianPE": 11.4,
  "hienTaiPE": 12.110490163830379,
  "minPS": 0.3301,
  "maxPS": 1.572,
  "medianPS": 0.59,
  "hienTaiPS": 0.5898390908325691
}