{
  "minPB": 0.2742,
  "maxPB": 1.9248,
  "medianPB": 0.94,
  "hienTaiPB": 1.02781709745989,
  "minPE": 3.8658,
  "maxPE": 19.3364,
  "medianPE": 11.41,
  "hienTaiPE": 12.054681453397981,
  "minPS": 0.3301,
  "maxPS": 1.572,
  "medianPS": 0.59,
  "hienTaiPS": 0.5871209383402531
}