{
  "minPB": 0.7858,
  "maxPB": 1.0724,
  "medianPB": 0.89,
  "hienTaiPB": 0.8807747424400547,
  "minPE": 19.6442,
  "maxPE": 26.4281,
  "medianPE": 22.06,
  "hienTaiPE": 22.05510511667823,
  "minPS": 0.3626,
  "maxPS": 20.5193,
  "medianPS": 1.18,
  "hienTaiPS": 2.0016088729387613
}