{
  "minPB": 0,
  "maxPB": 6.2589,
  "medianPB": 0.96,
  "hienTaiPB": 1.1678900383825235,
  "minPE": 0,
  "maxPE": 51.6519,
  "medianPE": 6.83,
  "hienTaiPE": 29.244636931673828,
  "minPS": 0.3626,
  "maxPS": 20.5014,
  "medianPS": 1.17,
  "hienTaiPS": 2.6540941182839948
}