{
  "minPB": 0,
  "maxPB": 6.2589,
  "medianPB": 0.96,
  "hienTaiPB": 1.1187566238287596,
  "minPE": 0,
  "maxPE": 51.6519,
  "medianPE": 6.83,
  "hienTaiPE": 28.014308028596385,
  "minPS": 0.3626,
  "maxPS": 20.5014,
  "medianPS": 1.17,
  "hienTaiPS": 2.5424357409602543
}