{
  "minPB": 0,
  "maxPB": 6.2589,
  "medianPB": 0.96,
  "hienTaiPB": 1.0103004398577098,
  "minPE": 0,
  "maxPE": 51.6519,
  "medianPE": 6.83,
  "hienTaiPE": 25.298502927954438,
  "minPS": 0.3626,
  "maxPS": 20.5014,
  "medianPS": 1.17,
  "hienTaiPS": 2.2959631189591674
}