{
  "minPB": 0,
  "maxPB": 6.2589,
  "medianPB": 0.96,
  "hienTaiPB": 0.9239499749126063,
  "minPE": 0,
  "maxPE": 51.6519,
  "medianPE": 6.83,
  "hienTaiPE": 23.136237720436966,
  "minPS": 0.3626,
  "maxPS": 20.5014,
  "medianPS": 1.18,
  "hienTaiPS": 2.0997269549455635
}