{
  "minPB": 1.1626,
  "maxPB": 3.8221,
  "medianPB": 2.06,
  "hienTaiPB": 3.5905266514823735,
  "minPE": 4.1372,
  "maxPE": 22.6087,
  "medianPE": 9.27,
  "hienTaiPE": 9.79097281183824,
  "minPS": 0.7029,
  "maxPS": 2.6737,
  "medianPS": 1.3,
  "hienTaiPS": 2.101645690031795
}