{
  "minPB": 1.1626,
  "maxPB": 3.8221,
  "medianPB": 2.06,
  "hienTaiPB": 3.6208264544484696,
  "minPE": 4.1372,
  "maxPE": 22.6087,
  "medianPE": 9.27,
  "hienTaiPE": 9.873597054976115,
  "minPS": 0.703,
  "maxPS": 2.6734,
  "medianPS": 1.31,
  "hienTaiPS": 2.1193810966987296
}