{
  "minPB": 1.1618,
  "maxPB": 3.8237,
  "medianPB": 2.06,
  "hienTaiPB": 3.566286809109497,
  "minPE": 4.1372,
  "maxPE": 22.6122,
  "medianPE": 9.26,
  "hienTaiPE": 9.72487341732794,
  "minPS": 0.7028,
  "maxPS": 2.674,
  "medianPS": 1.3,
  "hienTaiPS": 2.087457364698247
}