{
  "minPB": 1.161,
  "maxPB": 3.8331,
  "medianPB": 2.06,
  "hienTaiPB": 3.6056765529654218,
  "minPE": 4.1372,
  "maxPE": 22.6157,
  "medianPE": 9.26,
  "hienTaiPE": 9.832284933407177,
  "minPS": 0.7,
  "maxPS": 2.6761,
  "medianPS": 1.29,
  "hienTaiPS": 2.1105133933652622
}