{
  "minPB": 1.161,
  "maxPB": 3.8331,
  "medianPB": 2.06,
  "hienTaiPB": 3.611736513558641,
  "minPE": 4.1372,
  "maxPE": 22.6157,
  "medianPE": 9.26,
  "hienTaiPE": 9.848809782034753,
  "minPS": 0.7,
  "maxPS": 2.6761,
  "medianPS": 1.29,
  "hienTaiPS": 2.114060474698649
}