{
  "minPB": 1.1626,
  "maxPB": 3.8221,
  "medianPB": 2.06,
  "hienTaiPB": 3.6177964741518602,
  "minPE": 4.1372,
  "maxPE": 22.6087,
  "medianPE": 9.27,
  "hienTaiPE": 9.865334630662327,
  "minPS": 0.7028,
  "maxPS": 2.674,
  "medianPS": 1.3,
  "hienTaiPS": 2.1176075560320364
}