{
  "minPB": 1.1626,
  "maxPB": 3.8221,
  "medianPB": 2.06,
  "hienTaiPB": 3.5753767499993256,
  "minPE": 4.1372,
  "maxPE": 22.6087,
  "medianPE": 9.27,
  "hienTaiPE": 9.749660690269302,
  "minPS": 0.7028,
  "maxPS": 2.674,
  "medianPS": 1.3,
  "hienTaiPS": 2.0927779866983274
}