{
  "minPB": 0.2889,
  "maxPB": 1.7968,
  "medianPB": 0.69,
  "hienTaiPB": 0.9605739249349488,
  "minPE": -64.5599,
  "maxPE": 32.8557,
  "medianPE": 6.27,
  "hienTaiPE": 10.184831922281512,
  "minPS": 0.5535,
  "maxPS": 2.8312,
  "medianPS": 1.16,
  "hienTaiPS": 2.840884067526077
}