{
  "minPB": 0.2889,
  "maxPB": 1.7968,
  "medianPB": 0.69,
  "hienTaiPB": 1.0035110364965212,
  "minPE": -64.5599,
  "maxPE": 32.8557,
  "medianPE": 6.27,
  "hienTaiPE": 10.640088153094233,
  "minPS": 0.5535,
  "maxPS": 2.8409,
  "medianPS": 1.16,
  "hienTaiPS": 2.9678699797754873
}