{
  "minPB": 0.2889,
  "maxPB": 1.7968,
  "medianPB": 0.69,
  "hienTaiPB": 1.0199620370948248,
  "minPE": -64.5599,
  "maxPE": 32.8557,
  "medianPE": 6.28,
  "hienTaiPE": 10.814515827735121,
  "minPS": 0.5535,
  "maxPS": 2.8769,
  "medianPS": 1.16,
  "hienTaiPS": 3.016523586001315
}