{
  "minPB": 0.2889,
  "maxPB": 1.7968,
  "medianPB": 0.69,
  "hienTaiPB": 1.052864038291432,
  "minPE": -64.5599,
  "maxPE": 32.8557,
  "medianPE": 6.28,
  "hienTaiPE": 11.1633711770169,
  "minPS": 0.5535,
  "maxPS": 2.8722,
  "medianPS": 1.16,
  "hienTaiPS": 3.11383079845297
}