{
  "minPB": 0.2889,
  "maxPB": 1.7968,
  "medianPB": 0.69,
  "hienTaiPB": 0.9377070341033067,
  "minPE": -64.5599,
  "maxPE": 32.8557,
  "medianPE": 6.27,
  "hienTaiPE": 9.942377454530677,
  "minPS": 0.5535,
  "maxPS": 2.8302,
  "medianPS": 1.16,
  "hienTaiPS": 2.7732555548721765
}