{
  "minPB": 0.2889,
  "maxPB": 1.7968,
  "medianPB": 0.69,
  "hienTaiPB": 1.0218539021636297,
  "minPE": -64.5599,
  "maxPE": 32.8557,
  "medianPE": 6.27,
  "hienTaiPE": 10.834575010318824,
  "minPS": 0.5535,
  "maxPS": 2.8358,
  "medianPS": 1.16,
  "hienTaiPS": 3.022118750717285
}