{
  "minPB": 0.59,
  "maxPB": 5.2836,
  "medianPB": 1,
  "hienTaiPB": 0.6086822642176359,
  "minPE": -64.3095,
  "maxPE": 597.0925,
  "medianPE": 75.52,
  "hienTaiPE": 79.94766763363168,
  "minPS": 0.2168,
  "maxPS": 1.6097,
  "medianPS": 0.45,
  "hienTaiPS": 0.23090755159135912
}