{
  "minPB": 0.6185,
  "maxPB": 1.1638,
  "medianPB": 0.8,
  "hienTaiPB": 0.5960177461395593,
  "minPE": 81.2372,
  "maxPE": 201.7151,
  "medianPE": 138.47,
  "hienTaiPE": 78.28424035544805,
  "minPS": 0.2168,
  "maxPS": 1.6097,
  "medianPS": 0.45,
  "hienTaiPS": 0.22610318479211955
}