{
  "minPB": 0.6185,
  "maxPB": 1.1638,
  "medianPB": 0.8,
  "hienTaiPB": 0.667586999464504,
  "minPE": 81.2372,
  "maxPE": 201.7151,
  "medianPE": 138.47,
  "hienTaiPE": 87.68453869495087,
  "minPS": 0.2168,
  "maxPS": 1.6097,
  "medianPS": 0.45,
  "hienTaiPS": 0.25325344368084546
}