{
  "minPB": 0.5418,
  "maxPB": 3.2367,
  "medianPB": 0.81,
  "hienTaiPB": 0.5477911837352841,
  "minPE": 3.9904,
  "maxPE": 22.7594,
  "medianPE": 7.13,
  "hienTaiPE": 5.357816136268158,
  "minPS": 0.1701,
  "maxPS": 1.051,
  "medianPS": 0.36,
  "hienTaiPS": 0.1647504849705088
}