{
  "minPB": 0.5418,
  "maxPB": 3.2367,
  "medianPB": 0.81,
  "hienTaiPB": 0.5538108670730344,
  "minPE": 3.9904,
  "maxPE": 22.7594,
  "medianPE": 7.13,
  "hienTaiPE": 5.41669323666671,
  "minPS": 0.1698,
  "maxPS": 1.051,
  "medianPS": 0.36,
  "hienTaiPS": 0.1665609298602946
}