{
  "minPB": 0.5418,
  "maxPB": 3.2378,
  "medianPB": 0.81,
  "hienTaiPB": 0.5417715003975337,
  "minPE": 3.9672,
  "maxPE": 22.8969,
  "medianPE": 7.14,
  "hienTaiPE": 5.298939035869608,
  "minPS": 0.1701,
  "maxPS": 1.0573,
  "medianPS": 0.35,
  "hienTaiPS": 0.16294004008072296
}