{
  "minPB": 0.5418,
  "maxPB": 3.2367,
  "medianPB": 0.81,
  "hienTaiPB": 0.5357518170597834,
  "minPE": 3.9904,
  "maxPE": 22.7594,
  "medianPE": 7.11,
  "hienTaiPE": 5.240061935471056,
  "minPS": 0.1682,
  "maxPS": 1.051,
  "medianPS": 0.36,
  "hienTaiPS": 0.16112959519093717
}