{
  "minPB": 0.5418,
  "maxPB": 3.2367,
  "medianPB": 0.81,
  "hienTaiPB": 0.5417715003975337,
  "minPE": 3.9904,
  "maxPE": 22.7594,
  "medianPE": 7.11,
  "hienTaiPE": 5.298939035869608,
  "minPS": 0.1693,
  "maxPS": 1.051,
  "medianPS": 0.36,
  "hienTaiPS": 0.16294004008072296
}