{
  "minPB": 0.7474,
  "maxPB": 0.8348,
  "medianPB": 0.83,
  "hienTaiPB": 0.7474088330484921,
  "minPE": 6.2242,
  "maxPE": 7.0015,
  "medianPE": 7,
  "hienTaiPE": 6.224155954532565,
  "minPS": 1.2348,
  "maxPS": 2.646,
  "medianPS": 1.74,
  "hienTaiPS": 1.1121510060416089
}