{
  "minPB": 0.4691,
  "maxPB": 1.6289,
  "medianPB": 1.45,
  "hienTaiPB": 0.822892695696122,
  "minPE": -2.2796,
  "maxPE": 1.3734,
  "medianPE": -2.03,
  "hienTaiPE": 1.3385704724591452,
  "minPS": 1.3984,
  "maxPS": 128.5477,
  "medianPS": 5.4,
  "hienTaiPS": 0.8032682235426531
}