{
  "minPB": 0,
  "maxPB": 9.2762,
  "medianPB": 1.41,
  "hienTaiPB": 1.0453317939446995,
  "minPE": -34.903,
  "maxPE": 0,
  "medianPE": -5.08,
  "hienTaiPE": 1.700404294041562,
  "minPS": 1.4024,
  "maxPS": 130.948,
  "medianPS": 6.13,
  "hienTaiPS": 1.0204025598067665
}