{
  "minPB": 0,
  "maxPB": 9.2762,
  "medianPB": 1.41,
  "hienTaiPB": 0.9531009483294357,
  "minPE": -34.903,
  "maxPE": 0,
  "medianPE": -4.99,
  "hienTaiPE": 1.5503756363122672,
  "minPS": 1.388,
  "maxPS": 130.948,
  "medianPS": 6.13,
  "hienTaiPS": 0.9303712496484756
}