{
  "minPB": 0,
  "maxPB": 9.2762,
  "medianPB": 1.41,
  "hienTaiPB": 1.0327215352437256,
  "minPE": -34.903,
  "maxPE": 0,
  "medianPE": -5.04,
  "hienTaiPE": 1.6798916317765074,
  "minPS": 1.4015,
  "maxPS": 130.948,
  "medianPS": 6.13,
  "hienTaiPS": 1.0080930325037252
}