{
  "minPB": 0,
  "maxPB": 9.2762,
  "medianPB": 1.41,
  "hienTaiPB": 0.9091116737911541,
  "minPE": -34.903,
  "maxPE": 0,
  "medianPE": -4.81,
  "hienTaiPE": 1.4788198377132395,
  "minPS": 1.3604,
  "maxPS": 130.948,
  "medianPS": 6.09,
  "hienTaiPS": 0.8874310381262384
}