{
  "minPB": 0,
  "maxPB": 9.2762,
  "medianPB": 1.41,
  "hienTaiPB": 1.0557425889187595,
  "minPE": -34.903,
  "maxPE": 0,
  "medianPE": -5.04,
  "hienTaiPE": 1.7173391663766653,
  "minPS": 1.3984,
  "maxPS": 130.948,
  "medianPS": 6.13,
  "hienTaiPS": 1.030565076533696
}