{
  "minPB": 0.4691,
  "maxPB": 1.6289,
  "medianPB": 1.46,
  "hienTaiPB": 0.8944485822783935,
  "minPE": -2.2796,
  "maxPE": 1.3119,
  "medianPE": -2.04,
  "hienTaiPE": 1.4549679048468969,
  "minPS": 1.425,
  "maxPS": 128.5477,
  "medianPS": 5.52,
  "hienTaiPS": 0.8731176342854925
}