{
  "minPB": 0.4691,
  "maxPB": 1.6289,
  "medianPB": 1.45,
  "hienTaiPB": 0.8443008093047525,
  "minPE": -2.2796,
  "maxPE": 1.3734,
  "medianPE": -2.03,
  "hienTaiPE": 1.3733942944440054,
  "minPS": 1.4024,
  "maxPS": 128.5477,
  "medianPS": 5.47,
  "hienTaiPS": 0.8241657931501419
}