{
  "minPB": 0.4691,
  "maxPB": 1.6289,
  "medianPB": 1.46,
  "hienTaiPB": 0.8423946074080936,
  "minPE": -2.2796,
  "maxPE": 1.3703,
  "medianPE": -2.04,
  "hienTaiPE": 1.3702935431713807,
  "minPS": 1.4056,
  "maxPS": 128.5477,
  "medianPS": 5.49,
  "hienTaiPS": 0.822305050650845
}