{
  "minPB": 0.3442,
  "maxPB": 1.0229,
  "medianPB": 0.51,
  "hienTaiPB": 0.4373077039814523,
  "minPE": 3.4654,
  "maxPE": 47.2943,
  "medianPE": 6.17,
  "hienTaiPE": 36.94865958991498,
  "minPS": 0.0953,
  "maxPS": 0.4009,
  "medianPS": 0.16,
  "hienTaiPS": 0.15262399559173526
}