{
  "minPB": 0.5707,
  "maxPB": 0.9783,
  "medianPB": 0.69,
  "hienTaiPB": 0.8268291763921336,
  "minPE": 5.3593,
  "maxPE": 9.7608,
  "medianPE": 7.42,
  "hienTaiPE": 8.097005847714472,
  "minPS": 0.3862,
  "maxPS": 0.7702,
  "medianPS": 0.54,
  "hienTaiPS": 0.41933697063076364
}