{
  "minPB": 0.5707,
  "maxPB": 0.9782,
  "medianPB": 0.69,
  "hienTaiPB": 0.8297405467315425,
  "minPE": 5.3593,
  "maxPE": 9.7608,
  "medianPE": 7.43,
  "hienTaiPE": 8.125516431685298,
  "minPS": 0.3852,
  "maxPS": 0.7678,
  "medianPS": 0.54,
  "hienTaiPS": 0.4208135092597452
}