{
  "minPB": 0.5707,
  "maxPB": 0.9783,
  "medianPB": 0.69,
  "hienTaiPB": 0.8355632874103605,
  "minPE": 5.3593,
  "maxPE": 9.7608,
  "medianPE": 7.42,
  "hienTaiPE": 8.182537599626949,
  "minPS": 0.3862,
  "maxPS": 0.7702,
  "medianPS": 0.54,
  "hienTaiPS": 0.4237665865177083
}