{
  "minPB": 0.5707,
  "maxPB": 0.9782,
  "medianPB": 0.69,
  "hienTaiPB": 0.8326519170709514,
  "minPE": 5.3593,
  "maxPE": 9.7608,
  "medianPE": 7.44,
  "hienTaiPE": 8.154027015656123,
  "minPS": 0.3852,
  "maxPS": 0.7678,
  "medianPS": 0.54,
  "hienTaiPS": 0.42229004788872676
}