{
  "minPB": 0.5707,
  "maxPB": 0.9782,
  "medianPB": 0.69,
  "hienTaiPB": 0.8210064357133158,
  "minPE": 5.3593,
  "maxPE": 9.7608,
  "medianPE": 7.44,
  "hienTaiPE": 8.039984679772822,
  "minPS": 0.3852,
  "maxPS": 0.7678,
  "medianPS": 0.54,
  "hienTaiPS": 0.4163838933728005
}