{
  "minPB": 0.5707,
  "maxPB": 0.9782,
  "medianPB": 0.69,
  "hienTaiPB": 0.8442973984285872,
  "minPE": 5.3593,
  "maxPE": 9.7608,
  "medianPE": 7.44,
  "hienTaiPE": 8.268069351539426,
  "minPS": 0.3852,
  "maxPS": 0.7678,
  "medianPS": 0.54,
  "hienTaiPS": 0.428196202404653
}