{
  "minPB": 0.6937,
  "maxPB": 2.1922,
  "medianPB": 1.18,
  "hienTaiPB": 1.8298311006992722,
  "minPE": 8.3747,
  "maxPE": 76.772,
  "medianPE": 15.65,
  "hienTaiPE": 20.04651523886339,
  "minPS": 2.3416,
  "maxPS": 6.7283,
  "medianPS": 4.13,
  "hienTaiPS": 6.664796263029679
}