{
  "minPB": 0.6937,
  "maxPB": 2.1922,
  "medianPB": 1.18,
  "hienTaiPB": 1.8227753960313215,
  "minPE": 8.3747,
  "maxPE": 76.772,
  "medianPE": 15.65,
  "hienTaiPE": 19.969217235188108,
  "minPS": 2.3392,
  "maxPS": 6.7218,
  "medianPS": 4.13,
  "hienTaiPS": 6.639097260490031
}