{
  "minPB": 0.6937,
  "maxPB": 2.1922,
  "medianPB": 1.17,
  "hienTaiPB": 1.8530916655386698,
  "minPE": 8.3747,
  "maxPE": 76.772,
  "medianPE": 15.64,
  "hienTaiPE": 20.30134382240826,
  "minPS": 2.3392,
  "maxPS": 6.7048,
  "medianPS": 4.12,
  "hienTaiPS": 6.749518249424124
}