{
  "minPB": 0.6937,
  "maxPB": 2.1922,
  "medianPB": 1.19,
  "hienTaiPB": 1.8608451871518021,
  "minPE": 8.3747,
  "maxPE": 76.772,
  "medianPE": 15.66,
  "hienTaiPE": 20.386286683589887,
  "minPS": 2.344,
  "maxPS": 6.7348,
  "medianPS": 4.14,
  "hienTaiPS": 6.777758911555606
}