{
  "minPB": 1.4332,
  "maxPB": 1.8088,
  "medianPB": 1.53,
  "hienTaiPB": 1.7691210264684447,
  "minPE": 15.2919,
  "maxPE": 19.8163,
  "medianPE": 16.33,
  "hienTaiPE": 19.381412635811266,
  "minPS": 2.3573,
  "maxPS": 6.624,
  "medianPS": 4.28,
  "hienTaiPS": 6.443671878540178
}