{
  "minPB": 0.6937,
  "maxPB": 2.1922,
  "medianPB": 1.18,
  "hienTaiPB": 1.8502228625418107,
  "minPE": 8.3747,
  "maxPE": 76.772,
  "medianPE": 15.65,
  "hienTaiPE": 20.26991496377106,
  "minPS": 2.3392,
  "maxPS": 6.7348,
  "medianPS": 4.13,
  "hienTaiPS": 6.739069204435476
}