{
  "minPB": 1.4332,
  "maxPB": 1.8221,
  "medianPB": 1.53,
  "hienTaiPB": 1.8220775790861397,
  "minPE": 15.2919,
  "maxPE": 19.9616,
  "medianPE": 16.33,
  "hienTaiPE": 19.96157237768176,
  "minPS": 2.3573,
  "maxPS": 6.6366,
  "medianPS": 4.28,
  "hienTaiPS": 6.636555600898197
}