{
  "minPB": 0.6937,
  "maxPB": 2.1922,
  "medianPB": 1.18,
  "hienTaiPB": 1.8220775790861397,
  "minPE": 8.3747,
  "maxPE": 76.772,
  "medianPE": 15.65,
  "hienTaiPE": 19.96157237768176,
  "minPS": 2.344,
  "maxPS": 6.7218,
  "medianPS": 4.14,
  "hienTaiPS": 6.636555600898197
}