{
  "minPB": 0.6937,
  "maxPB": 2.1922,
  "medianPB": 1.18,
  "hienTaiPB": 1.8490598342998408,
  "minPE": 8.3747,
  "maxPE": 76.772,
  "medianPE": 15.65,
  "hienTaiPE": 20.257173534593818,
  "minPS": 2.3392,
  "maxPS": 6.7218,
  "medianPS": 4.12,
  "hienTaiPS": 6.7348331051157535
}