{
  "minPB": 1.4332,
  "maxPB": 1.8088,
  "medianPB": 1.53,
  "hienTaiPB": 1.705774754889152,
  "minPE": 15.2919,
  "maxPE": 19.8163,
  "medianPE": 16.29,
  "hienTaiPE": 18.687429459957396,
  "minPS": 2.3573,
  "maxPS": 6.624,
  "medianPS": 4.27,
  "hienTaiPS": 6.212945668925972
}