{
  "minPB": 1.5426,
  "maxPB": 1.6453,
  "medianPB": 1.59,
  "hienTaiPB": 1.6006016852697176,
  "minPE": 19.8883,
  "maxPE": 48.3498,
  "medianPE": 46.47,
  "hienTaiPE": 20.636706194238208,
  "minPS": 2.21,
  "maxPS": 4.9424,
  "medianPS": 2.75,
  "hienTaiPS": 4.898550274336077
}