{
  "minPB": 1.5426,
  "maxPB": 1.6453,
  "medianPB": 1.59,
  "hienTaiPB": 1.5858495960045589,
  "minPE": 19.8883,
  "maxPE": 48.3498,
  "medianPE": 46.47,
  "hienTaiPE": 20.446506137148454,
  "minPS": 2.21,
  "maxPS": 4.9424,
  "medianPS": 2.75,
  "hienTaiPS": 4.853402345540353
}