{
  "minPB": 0.9924,
  "maxPB": 1.6548,
  "medianPB": 1.23,
  "hienTaiPB": 1.6227298191674555,
  "minPE": 5.6198,
  "maxPE": 46.4661,
  "medianPE": 9.18,
  "hienTaiPE": 20.922006279872836,
  "minPS": 2.21,
  "maxPS": 4.9297,
  "medianPS": 2.72,
  "hienTaiPS": 4.966272167529663
}