{
  "minPB": 0.9924,
  "maxPB": 1.6548,
  "medianPB": 1.23,
  "hienTaiPB": 1.5858495960045589,
  "minPE": 5.6198,
  "maxPE": 46.4661,
  "medianPE": 9.21,
  "hienTaiPE": 20.446506137148454,
  "minPS": 2.21,
  "maxPS": 4.935,
  "medianPS": 2.73,
  "hienTaiPS": 4.853402345540353
}