{
  "minPB": 1.5426,
  "maxPB": 1.6453,
  "medianPB": 1.59,
  "hienTaiPB": 1.6263440810374195,
  "minPE": 19.8883,
  "maxPE": 48.3498,
  "medianPE": 46.47,
  "hienTaiPE": 20.968605293859827,
  "minPS": 2.21,
  "maxPS": 4.9424,
  "medianPS": 2.76,
  "hienTaiPS": 4.977333410084616
}