{
  "minPB": 0.9924,
  "maxPB": 1.6548,
  "medianPB": 1.23,
  "hienTaiPB": 1.5563454174742415,
  "minPE": 5.6198,
  "maxPE": 46.4661,
  "medianPE": 9.23,
  "hienTaiPE": 20.06610602296895,
  "minPS": 2.21,
  "maxPS": 4.935,
  "medianPS": 2.73,
  "hienTaiPS": 4.763106487948905
}