{
  "minPB": 0.9924,
  "maxPB": 1.6548,
  "medianPB": 1.23,
  "hienTaiPB": 1.621844693811546,
  "minPE": 5.6198,
  "maxPE": 46.4661,
  "medianPE": 9.2,
  "hienTaiPE": 20.91059427644745,
  "minPS": 2.21,
  "maxPS": 4.935,
  "medianPS": 2.72,
  "hienTaiPS": 4.96356329180192
}