{
  "minPB": 0.5687,
  "maxPB": 2.9574,
  "medianPB": 1.1,
  "hienTaiPB": 1.1322017163712201,
  "minPE": 3.3732,
  "maxPE": 100.0862,
  "medianPE": 21.28,
  "hienTaiPE": 21.284572275364496,
  "minPS": 0.3589,
  "maxPS": 9.0474,
  "medianPS": 1.93,
  "hienTaiPS": 4.125434839518279
}