{
  "minPB": 0.7293,
  "maxPB": 2.6483,
  "medianPB": 1.6,
  "hienTaiPB": 1.8190401294382428,
  "minPE": -102.4709,
  "maxPE": 205.2207,
  "medianPE": 10.41,
  "hienTaiPE": 15.24382828340398,
  "minPS": 0.6845,
  "maxPS": 2.4504,
  "medianPS": 1.16,
  "hienTaiPS": 1.0900175653442108
}