{
  "minPB": 0.7293,
  "maxPB": 2.6483,
  "medianPB": 1.6,
  "hienTaiPB": 1.7711706523477626,
  "minPE": -102.4709,
  "maxPE": 205.2207,
  "medianPE": 10.28,
  "hienTaiPE": 14.842674907524929,
  "minPS": 0.6845,
  "maxPS": 2.4504,
  "medianPS": 1.16,
  "hienTaiPS": 1.0613328925719947
}