{
  "minPB": 1.7552,
  "maxPB": 1.9716,
  "medianPB": 1.94,
  "hienTaiPB": 1.8988225912557095,
  "minPE": 14.709,
  "maxPE": 18.5074,
  "medianPE": 18.2,
  "hienTaiPE": 15.9124172432024,
  "minPS": 0.6845,
  "maxPS": 2.4895,
  "medianPS": 1.16,
  "hienTaiPS": 1.1378253532979044
}