{
  "minPB": 0.7293,
  "maxPB": 2.6483,
  "medianPB": 1.6,
  "hienTaiPB": 1.8828660988922161,
  "minPE": -102.4709,
  "maxPE": 205.2207,
  "medianPE": 10.22,
  "hienTaiPE": 15.778699451242716,
  "minPS": 0.6845,
  "maxPS": 2.4504,
  "medianPS": 1.16,
  "hienTaiPS": 1.1282637957071657
}