{
  "minPB": 1.7552,
  "maxPB": 1.9716,
  "medianPB": 1.94,
  "hienTaiPB": 1.7552141599842692,
  "minPE": 14.709,
  "maxPE": 18.5074,
  "medianPE": 18.2,
  "hienTaiPE": 14.708957115565244,
  "minPS": 0.6845,
  "maxPS": 2.4895,
  "medianPS": 1.16,
  "hienTaiPS": 1.051771334981256
}