{
  "minPB": 0.9976,
  "maxPB": 2.5393,
  "medianPB": 1.42,
  "hienTaiPB": 1.1254343559090323,
  "minPE": 4.0857,
  "maxPE": 16.3569,
  "medianPE": 8.5,
  "hienTaiPE": 8.430481922036435,
  "minPS": 0.3468,
  "maxPS": 1.2184,
  "medianPS": 0.62,
  "hienTaiPS": 0.5413357103223018
}