{
  "minPB": 0.9095,
  "maxPB": 1.288,
  "medianPB": 1.13,
  "hienTaiPB": 1.1242620284549603,
  "minPE": 7.1194,
  "maxPE": 10.0822,
  "medianPE": 8.84,
  "hienTaiPE": 8.421700170034315,
  "minPS": 0.3469,
  "maxPS": 1.2184,
  "medianPS": 0.61,
  "hienTaiPS": 0.5407718189573827
}