{
  "minPB": 0.4546,
  "maxPB": 2.8284,
  "medianPB": 0.98,
  "hienTaiPB": 2.2341845561132407,
  "minPE": -27.0262,
  "maxPE": 51.6823,
  "medianPE": 11.12,
  "hienTaiPE": 27.378260746338484,
  "minPS": 1.185,
  "maxPS": 8.4039,
  "medianPS": 1.92,
  "hienTaiPS": 8.016870768939004
}