{
  "minPB": 0.4546,
  "maxPB": 2.8284,
  "medianPB": 0.98,
  "hienTaiPB": 2.0424941652041166,
  "minPE": -27.0262,
  "maxPE": 51.6823,
  "medianPE": 11.11,
  "hienTaiPE": 25.029238374611218,
  "minPS": 1.185,
  "maxPS": 8.4039,
  "medianPS": 1.92,
  "hienTaiPS": 7.329032744385065
}