{
  "minPB": 0.4546,
  "maxPB": 2.8285,
  "medianPB": 0.98,
  "hienTaiPB": 2.0204607869387,
  "minPE": -27.0262,
  "maxPE": 51.6823,
  "medianPE": 11.1,
  "hienTaiPE": 24.759235803148314,
  "minPS": 1.1819,
  "maxPS": 8.4039,
  "medianPS": 1.95,
  "hienTaiPS": 7.249970902482314
}