{
  "minPB": 0.4546,
  "maxPB": 2.8284,
  "medianPB": 0.98,
  "hienTaiPB": 2.3707915013588234,
  "minPE": -27.0262,
  "maxPE": 51.6823,
  "medianPE": 11.12,
  "hienTaiPE": 29.05227668940849,
  "minPS": 1.185,
  "maxPS": 8.4521,
  "medianPS": 1.92,
  "hienTaiPS": 8.507054188736063
}