{
  "minPB": 0.8653,
  "maxPB": 1.0004,
  "medianPB": 0.91,
  "hienTaiPB": 0.9739595541738236,
  "minPE": 12.152,
  "maxPE": 13.8942,
  "medianPE": 12.96,
  "hienTaiPE": 12.263494706615766,
  "minPS": 0.4764,
  "maxPS": 0.9416,
  "medianPS": 0.6,
  "hienTaiPS": 0.5293947597784343
}