{
  "minPB": 0.8189,
  "maxPB": 1.5361,
  "medianPB": 0.99,
  "hienTaiPB": 0.9296886653477408,
  "minPE": 8.0731,
  "maxPE": 35.6917,
  "medianPE": 13.55,
  "hienTaiPE": 11.706063129042322,
  "minPS": 0.4815,
  "maxPS": 0.9526,
  "medianPS": 0.61,
  "hienTaiPS": 0.5053313616066873
}