{
  "minPB": 0.8189,
  "maxPB": 1.5361,
  "medianPB": 0.99,
  "hienTaiPB": 0.9257042853533933,
  "minPE": 8.0731,
  "maxPE": 35.6917,
  "medianPE": 13.55,
  "hienTaiPE": 11.655894287060713,
  "minPS": 0.4815,
  "maxPS": 0.9526,
  "medianPS": 0.61,
  "hienTaiPS": 0.5031656557712301
}