{
  "minPB": 0.8189,
  "maxPB": 1.5361,
  "medianPB": 0.99,
  "hienTaiPB": 0.9739595541738236,
  "minPE": 8.0731,
  "maxPE": 35.6917,
  "medianPE": 13.54,
  "hienTaiPE": 12.263494706615766,
  "minPS": 0.4816,
  "maxPS": 0.9469,
  "medianPS": 0.61,
  "hienTaiPS": 0.5293947597784343
}