{
  "minPB": 0.6467,
  "maxPB": 1.6421,
  "medianPB": 1.02,
  "hienTaiPB": 0.647492418349178,
  "minPE": 3.6739,
  "maxPE": 5573.1243,
  "medianPE": 9.89,
  "hienTaiPE": 18.63928944381334,
  "minPS": 0.3262,
  "maxPS": 0.8396,
  "medianPS": 0.51,
  "hienTaiPS": 0.31434943769484647
}