{
  "minPB": 0.647,
  "maxPB": 1.6421,
  "medianPB": 1.02,
  "hienTaiPB": 0.6671134007233956,
  "minPE": 3.6739,
  "maxPE": 5573.1243,
  "medianPE": 9.86,
  "hienTaiPE": 19.20411639665617,
  "minPS": 0.3267,
  "maxPS": 0.8396,
  "medianPS": 0.51,
  "hienTaiPS": 0.32387517823105394
}