{
  "minPB": 0.5994,
  "maxPB": 0.6933,
  "medianPB": 0.67,
  "hienTaiPB": 0.6932747105556856,
  "minPE": 18.0745,
  "maxPE": 31.5014,
  "medianPE": 30.88,
  "hienTaiPE": 19.957219000446607,
  "minPS": 0.3266,
  "maxPS": 0.8422,
  "medianPS": 0.51,
  "hienTaiPS": 0.3365761656126639
}