{
  "minPB": 0.5994,
  "maxPB": 0.6933,
  "medianPB": 0.67,
  "hienTaiPB": 0.6605730732653231,
  "minPE": 18.0745,
  "maxPE": 31.5014,
  "medianPE": 30.88,
  "hienTaiPE": 19.01584074570856,
  "minPS": 0.3262,
  "maxPS": 0.8422,
  "medianPS": 0.5,
  "hienTaiPS": 0.32069993138565145
}