{
  "minPB": 0.647,
  "maxPB": 1.6421,
  "medianPB": 1.02,
  "hienTaiPB": 0.6540327458072506,
  "minPE": 3.6739,
  "maxPE": 5573.1243,
  "medianPE": 9.86,
  "hienTaiPE": 18.82756509476095,
  "minPS": 0.3268,
  "maxPS": 0.8396,
  "medianPS": 0.51,
  "hienTaiPS": 0.31752468454024896
}