{
  "minPB": 1.0245,
  "maxPB": 2.1124,
  "medianPB": 1.56,
  "hienTaiPB": 1.1613771531252672,
  "minPE": 5.9616,
  "maxPE": 12.2396,
  "medianPE": 8.59,
  "hienTaiPE": 9.71705299215141,
  "minPS": 0.4555,
  "maxPS": 1.2347,
  "medianPS": 0.92,
  "hienTaiPS": 0.4876713426056675
}