{
  "minPB": 1.027,
  "maxPB": 1.2711,
  "medianPB": 1.11,
  "hienTaiPB": 1.1750878556274407,
  "minPE": 8.5924,
  "maxPE": 11.7228,
  "medianPE": 10.02,
  "hienTaiPE": 9.831768201086533,
  "minPS": 0.4559,
  "maxPS": 1.2339,
  "medianPS": 0.9,
  "hienTaiPS": 0.49342857373365107
}