{
  "minPB": 1.027,
  "maxPB": 1.2711,
  "medianPB": 1.11,
  "hienTaiPB": 1.026958501143176,
  "minPE": 8.5924,
  "maxPE": 11.7228,
  "medianPE": 10.19,
  "hienTaiPE": 8.592394081022775,
  "minPS": 0.4566,
  "maxPS": 1.2339,
  "medianPS": 0.9,
  "hienTaiPS": 0.431227900174456
}