{
  "minPB": 1.0245,
  "maxPB": 2.1118,
  "medianPB": 1.56,
  "hienTaiPB": 1.182884137442402,
  "minPE": 5.9731,
  "maxPE": 12.2301,
  "medianPE": 8.59,
  "hienTaiPE": 9.896998417931993,
  "minPS": 0.4555,
  "maxPS": 1.2339,
  "medianPS": 0.92,
  "hienTaiPS": 0.4967022933946614
}