{
  "minPB": 1.0245,
  "maxPB": 2.1124,
  "medianPB": 1.56,
  "hienTaiPB": 1.1506236609667,
  "minPE": 5.9616,
  "maxPE": 12.2396,
  "medianPE": 8.58,
  "hienTaiPE": 9.62708027926112,
  "minPS": 0.4555,
  "maxPS": 1.2347,
  "medianPS": 0.92,
  "hienTaiPS": 0.4831558672111706
}