{
  "minPB": 0.6153,
  "maxPB": 2.292,
  "medianPB": 1.22,
  "hienTaiPB": 1.1452372448609491,
  "minPE": 2.9681,
  "maxPE": 92.764,
  "medianPE": 9.97,
  "hienTaiPE": 101.63499234908218,
  "minPS": 0.1845,
  "maxPS": 0.947,
  "medianPS": 0.44,
  "hienTaiPS": 0.5166362297646774
}