{
  "minPB": 0.6153,
  "maxPB": 2.292,
  "medianPB": 1.22,
  "hienTaiPB": 1.1312709369967913,
  "minPE": 2.9681,
  "maxPE": 97.8792,
  "medianPE": 10.02,
  "hienTaiPE": 100.39554122287386,
  "minPS": 0.1845,
  "maxPS": 0.947,
  "medianPS": 0.44,
  "hienTaiPS": 0.5103357879382789
}