{
  "minPB": 0.6153,
  "maxPB": 2.292,
  "medianPB": 1.22,
  "hienTaiPB": 1.1284776754239596,
  "minPE": 2.9681,
  "maxPE": 94.9464,
  "medianPE": 9.98,
  "hienTaiPE": 100.1476509976322,
  "minPS": 0.1845,
  "maxPS": 0.947,
  "medianPS": 0.44,
  "hienTaiPS": 0.5090756995729991
}