{
  "minPB": 0.6153,
  "maxPB": 2.292,
  "medianPB": 1.22,
  "hienTaiPB": 1.1256844138511282,
  "minPE": 2.9681,
  "maxPE": 98.4124,
  "medianPE": 10.02,
  "hienTaiPE": 99.89976077239054,
  "minPS": 0.1845,
  "maxPS": 0.947,
  "medianPS": 0.44,
  "hienTaiPS": 0.5078156112077195
}