{
  "minPB": 0.6153,
  "maxPB": 2.292,
  "medianPB": 1.22,
  "hienTaiPB": 1.139650721715286,
  "minPE": 2.9681,
  "maxPE": 94.1959,
  "medianPE": 9.98,
  "hienTaiPE": 101.13921189859886,
  "minPS": 0.1845,
  "maxPS": 0.947,
  "medianPS": 0.44,
  "hienTaiPS": 0.514116053034118
}