{
  "minPB": 0.6153,
  "maxPB": 2.292,
  "medianPB": 1.22,
  "hienTaiPB": 1.1368574601424544,
  "minPE": 2.9681,
  "maxPE": 93.6923,
  "medianPE": 9.98,
  "hienTaiPE": 100.8913216733572,
  "minPS": 0.1845,
  "maxPS": 0.947,
  "medianPS": 0.44,
  "hienTaiPS": 0.5128559646688383
}