{
  "minPB": 0.6153,
  "maxPB": 2.292,
  "medianPB": 1.22,
  "hienTaiPB": 1.1424439832881177,
  "minPE": 2.9681,
  "maxPE": 98.7482,
  "medianPE": 10.04,
  "hienTaiPE": 101.38710212384052,
  "minPS": 0.1845,
  "maxPS": 0.947,
  "medianPS": 0.44,
  "hienTaiPS": 0.5153761413993977
}