{
  "minPB": 0.6153,
  "maxPB": 2.292,
  "medianPB": 1.22,
  "hienTaiPB": 1.1228911522782965,
  "minPE": 2.9681,
  "maxPE": 96.003,
  "medianPE": 9.99,
  "hienTaiPE": 99.65187054714887,
  "minPS": 0.1845,
  "maxPS": 0.947,
  "medianPS": 0.44,
  "hienTaiPS": 0.5065555228424398
}