{
  "minPB": 0.6153,
  "maxPB": 2.292,
  "medianPB": 1.22,
  "hienTaiPB": 1.1200978907054648,
  "minPE": 2.9681,
  "maxPE": 97.5237,
  "medianPE": 10.01,
  "hienTaiPE": 99.40398032190721,
  "minPS": 0.1845,
  "maxPS": 0.947,
  "medianPS": 0.44,
  "hienTaiPS": 0.5052954344771601
}