{
  "minPB": 0.4377,
  "maxPB": 4.2198,
  "medianPB": 1.08,
  "hienTaiPB": 1.0024423614400537,
  "minPE": 3.231,
  "maxPE": 40.3229,
  "medianPE": 8.31,
  "hienTaiPE": 9.504700684579214,
  "minPS": 0.1441,
  "maxPS": 1.072,
  "medianPS": 0.28,
  "hienTaiPS": 0.18371074343357785
}