{
  "minPB": 0.5128,
  "maxPB": 4.2198,
  "medianPB": 1.08,
  "hienTaiPB": 0.9594805459497657,
  "minPE": 3.6187,
  "maxPE": 40.3229,
  "medianPE": 8.35,
  "hienTaiPE": 9.09735636952582,
  "minPS": 0.1506,
  "maxPS": 1.072,
  "medianPS": 0.28,
  "hienTaiPS": 0.17583742585785309
}