{
  "minPB": 0.5128,
  "maxPB": 4.2198,
  "medianPB": 1.08,
  "hienTaiPB": 0.9236790330411924,
  "minPE": 3.6187,
  "maxPE": 40.3229,
  "medianPE": 8.35,
  "hienTaiPE": 8.75790277364799,
  "minPS": 0.1517,
  "maxPS": 1.072,
  "medianPS": 0.28,
  "hienTaiPS": 0.16927632787808244
}