{
  "minPB": 0.4377,
  "maxPB": 4.2198,
  "medianPB": 1.08,
  "hienTaiPB": 1.0740453872572004,
  "minPE": 3.231,
  "maxPE": 40.3229,
  "medianPE": 8.31,
  "hienTaiPE": 10.183607876334873,
  "minPS": 0.1441,
  "maxPS": 1.072,
  "medianPS": 0.28,
  "hienTaiPS": 0.19683293939311913
}