{
  "minPB": 0.4377,
  "maxPB": 4.2198,
  "medianPB": 1.08,
  "hienTaiPB": 0.9809614536949097,
  "minPE": 3.231,
  "maxPE": 40.3229,
  "medianPE": 8.31,
  "hienTaiPE": 9.301028527052518,
  "minPS": 0.1441,
  "maxPS": 1.072,
  "medianPS": 0.28,
  "hienTaiPS": 0.17977408464571548
}