{
  "minPB": 1.1606,
  "maxPB": 1.4019,
  "medianPB": 1.23,
  "hienTaiPB": 1.3780704282173475,
  "minPE": 1.6548,
  "maxPE": 1.9643,
  "medianPE": 1.8,
  "hienTaiPE": 1.8308008593695029,
  "minPS": 0.3547,
  "maxPS": 3222.5366,
  "medianPS": 1.61,
  "hienTaiPS": 0.7164186232424083
}