{
  "minPB": 1.1606,
  "maxPB": 1.4045,
  "medianPB": 1.23,
  "hienTaiPB": 1.5568750662785484,
  "minPE": 1.6548,
  "maxPE": 2.0512,
  "medianPE": 1.8,
  "hienTaiPE": 2.068347270872696,
  "minPS": 0.3547,
  "maxPS": 3222.5366,
  "medianPS": 1.61,
  "hienTaiPS": 0.8093739396081109
}