{
  "minPB": 0.3339,
  "maxPB": 4.4832,
  "medianPB": 0.97,
  "hienTaiPB": 1.380720563656227,
  "minPE": -566.3784,
  "maxPE": 481.5374,
  "medianPE": 9.56,
  "hienTaiPE": 1.8343216302529057,
  "minPS": 0.3415,
  "maxPS": 3091.0045,
  "medianPS": 1.41,
  "hienTaiPS": 0.7177963513640284
}