{
  "minPB": 0.3339,
  "maxPB": 4.4832,
  "medianPB": 0.97,
  "hienTaiPB": 1.3171173131231186,
  "minPE": -566.3784,
  "maxPE": 481.5374,
  "medianPE": 9.55,
  "hienTaiPE": 1.7498231290512363,
  "minPS": 0.3415,
  "maxPS": 3091.0045,
  "medianPS": 1.4,
  "hienTaiPS": 0.684730876445148
}