{
  "minPB": 0.3339,
  "maxPB": 4.4832,
  "medianPB": 0.97,
  "hienTaiPB": 1.6033319405221063,
  "minPE": -566.3784,
  "maxPE": 481.5374,
  "medianPE": 9.56,
  "hienTaiPE": 2.1300663844587486,
  "minPS": 0.3415,
  "maxPS": 3091.0045,
  "medianPS": 1.41,
  "hienTaiPS": 0.8335255135801097
}