{
  "minPB": 1.1606,
  "maxPB": 1.5569,
  "medianPB": 1.24,
  "hienTaiPB": 1.5354884732867906,
  "minPE": 1.6548,
  "maxPE": 2.0683,
  "medianPE": 1.81,
  "hienTaiPE": 2.0399346498436346,
  "minPS": 0.3547,
  "maxPS": 3222.5366,
  "medianPS": 1.61,
  "hienTaiPS": 0.7982556736666373
}