{
  "minPB": 0.3339,
  "maxPB": 4.4832,
  "medianPB": 0.97,
  "hienTaiPB": 1.4275219555068392,
  "minPE": -566.3784,
  "maxPE": 481.5374,
  "medianPE": 9.56,
  "hienTaiPE": 1.8964984440538009,
  "minPS": 0.3415,
  "maxPS": 3091.0045,
  "medianPS": 1.41,
  "hienTaiPS": 0.7421270299918379
}