{
  "minPB": 1.1606,
  "maxPB": 1.5569,
  "medianPB": 1.23,
  "hienTaiPB": 1.6359021050659355,
  "minPE": 1.6548,
  "maxPE": 2.0683,
  "medianPE": 1.8,
  "hienTaiPE": 2.17333665861577,
  "minPS": 0.3547,
  "maxPS": 3222.5366,
  "medianPS": 1.61,
  "hienTaiPS": 0.8504577921948198
}