{
  "minPB": 0.292,
  "maxPB": 1.4191,
  "medianPB": 0.75,
  "hienTaiPB": 0.6960743435178124,
  "minPE": -44.6896,
  "maxPE": 25.2053,
  "medianPE": 7.59,
  "hienTaiPE": 21.00536452502618,
  "minPS": 0.1024,
  "maxPS": 2.1736,
  "medianPS": 0.52,
  "hienTaiPS": 2.0562007085968412
}