{
  "minPB": 0.292,
  "maxPB": 1.4372,
  "medianPB": 0.75,
  "hienTaiPB": 0.7018033504603458,
  "minPE": -44.6896,
  "maxPE": 25.2053,
  "medianPE": 7.59,
  "hienTaiPE": 21.178248183668373,
  "minPS": 0.1024,
  "maxPS": 2.1736,
  "medianPS": 0.52,
  "hienTaiPS": 2.0731241712190376
}