{
  "minPB": 0.292,
  "maxPB": 1.4146,
  "medianPB": 0.75,
  "hienTaiPB": 0.7046678539316126,
  "minPE": -44.6896,
  "maxPE": 25.2053,
  "medianPE": 7.56,
  "hienTaiPE": 21.26469001298947,
  "minPS": 0.1024,
  "maxPS": 2.1736,
  "medianPS": 0.52,
  "hienTaiPS": 2.081585902530136
}