{
  "minPB": 0.292,
  "maxPB": 1.4326,
  "medianPB": 0.75,
  "hienTaiPB": 0.698938846989079,
  "minPE": -44.6896,
  "maxPE": 25.2053,
  "medianPE": 7.59,
  "hienTaiPE": 21.091806354347277,
  "minPS": 0.1024,
  "maxPS": 2.1736,
  "medianPS": 0.52,
  "hienTaiPS": 2.0646624399079396
}