{
  "minPB": 0.3425,
  "maxPB": 1.2676,
  "medianPB": 0.57,
  "hienTaiPB": 0.6233273620501513,
  "minPE": -271.0564,
  "maxPE": 186.9391,
  "medianPE": 8.88,
  "hienTaiPE": -3.3111,
  "minPS": 0.1463,
  "maxPS": 0.9968,
  "medianPS": 0.26,
  "hienTaiPS": 0.25567893961800026
}