{
  "minPB": 0,
  "maxPB": 1.2568,
  "medianPB": 0.54,
  "hienTaiPB": 0.6233273620501513,
  "minPE": -31.2524,
  "maxPE": 179.4616,
  "medianPE": 7.5,
  "hienTaiPE": -3.3111,
  "minPS": 0,
  "maxPS": 0.9827,
  "medianPS": 0.24,
  "hienTaiPS": 0.25567893961800026
}