{
  "minPB": 0.3425,
  "maxPB": 1.2676,
  "medianPB": 0.56,
  "hienTaiPB": 0.5886980641584763,
  "minPE": -271.0564,
  "maxPE": 186.9391,
  "medianPE": 8.88,
  "hienTaiPE": -3.1861,
  "minPS": 0.1453,
  "maxPS": 0.8991,
  "medianPS": 0.26,
  "hienTaiPS": 0.24147455408366691
}