{
  "minPB": 0.6536,
  "maxPB": 1.9451,
  "medianPB": 1.34,
  "hienTaiPB": 1.328128991252125,
  "minPE": 4.9843,
  "maxPE": 137.6983,
  "medianPE": 9.91,
  "hienTaiPE": 10.888844210734172,
  "minPS": 0.5553,
  "maxPS": 6.2889,
  "medianPS": 1.32,
  "hienTaiPS": 1.8478924268846713
}