{
  "minPB": 0.6536,
  "maxPB": 1.9451,
  "medianPB": 1.34,
  "hienTaiPB": 1.2667227631228988,
  "minPE": 4.9843,
  "maxPE": 137.6983,
  "medianPE": 9.92,
  "hienTaiPE": 10.38539698830921,
  "minPS": 0.5553,
  "maxPS": 6.2889,
  "medianPS": 1.32,
  "hienTaiPS": 1.7624548642149704
}