{
  "minPB": 1.0746,
  "maxPB": 1.5048,
  "medianPB": 1.19,
  "hienTaiPB": 1.1009086221248474,
  "minPE": 8.5709,
  "maxPE": 11.8882,
  "medianPE": 9.41,
  "hienTaiPE": 9.270431512783473,
  "minPS": 0.2675,
  "maxPS": 1.9241,
  "medianPS": 0.74,
  "hienTaiPS": 0.2337090837931681
}