{
  "minPB": 1.1142,
  "maxPB": 3.6828,
  "medianPB": 2.05,
  "hienTaiPB": 1.2009912241361973,
  "minPE": -47.2131,
  "maxPE": 188.3686,
  "medianPE": 13.41,
  "hienTaiPE": 10.113198013945606,
  "minPS": 0.2675,
  "maxPS": 1.9742,
  "medianPS": 0.76,
  "hienTaiPS": 0.2549553641380016
}