{
  "minPB": 1.0746,
  "maxPB": 1.5048,
  "medianPB": 1.19,
  "hienTaiPB": 1.1509499231305225,
  "minPE": 8.5709,
  "maxPE": 11.8882,
  "medianPE": 9.45,
  "hienTaiPE": 9.69181476336454,
  "minPS": 0.2652,
  "maxPS": 1.9241,
  "medianPS": 0.73,
  "hienTaiPS": 0.24433222396558482
}