{
  "minPB": 0.5206,
  "maxPB": 2.466,
  "medianPB": 1.04,
  "hienTaiPB": 1.5474832814435533,
  "minPE": 3.9181,
  "maxPE": 23.5598,
  "medianPE": 7.2,
  "hienTaiPE": 8.592454811100575,
  "minPS": 0.2691,
  "maxPS": 0.9041,
  "medianPS": 0.39,
  "hienTaiPS": 0.7201734874784734
}