{
  "minPB": 0.5122,
  "maxPB": 2.466,
  "medianPB": 1.04,
  "hienTaiPB": 1.5761403792480635,
  "minPE": 3.9181,
  "maxPE": 23.4556,
  "medianPE": 7.21,
  "hienTaiPE": 8.751574344639474,
  "minPS": 0,
  "maxPS": 0.9041,
  "medianPS": 0.39,
  "hienTaiPS": 0.7335100335428896
}