{
  "minPB": 0.6858,
  "maxPB": 1.846,
  "medianPB": 1.05,
  "hienTaiPB": 1.3179952260050027,
  "minPE": 10.9094,
  "maxPE": 92.5075,
  "medianPE": 24.89,
  "hienTaiPE": 26.062930874339763,
  "minPS": 0.6576,
  "maxPS": 5.8741,
  "medianPS": 1.84,
  "hienTaiPS": 3.517463376862929
}