{
  "minPB": 0.6868,
  "maxPB": 1.8456,
  "medianPB": 1.05,
  "hienTaiPB": 1.3090292720866015,
  "minPE": 10.9276,
  "maxPE": 92.4734,
  "medianPE": 24.99,
  "hienTaiPE": 25.88563202485446,
  "minPS": 0.658,
  "maxPS": 5.8604,
  "medianPS": 1.82,
  "hienTaiPS": 3.493535054571345
}