{
  "minPB": 0.6858,
  "maxPB": 1.846,
  "medianPB": 1.05,
  "hienTaiPB": 1.3143191848984583,
  "minPE": 10.9094,
  "maxPE": 92.5075,
  "medianPE": 24.87,
  "hienTaiPE": 25.990238346050788,
  "minPS": 0.6576,
  "maxPS": 5.8741,
  "medianPS": 1.85,
  "hienTaiPS": 3.5076527647233795
}