{
  "minPB": 0.6858,
  "maxPB": 1.846,
  "medianPB": 1.05,
  "hienTaiPB": 1.3237334365127797,
  "minPE": 10.9094,
  "maxPE": 92.5075,
  "medianPE": 24.88,
  "hienTaiPE": 26.176402138010356,
  "minPS": 0.6576,
  "maxPS": 5.8741,
  "medianPS": 1.85,
  "hienTaiPS": 3.532777503129543
}