{
  "minPB": 0.6858,
  "maxPB": 1.846,
  "medianPB": 1.05,
  "hienTaiPB": 1.344893087760207,
  "minPE": 10.9094,
  "maxPE": 92.5075,
  "medianPE": 24.91,
  "hienTaiPE": 26.594827422795678,
  "minPS": 0.6576,
  "maxPS": 5.8741,
  "medianPS": 1.83,
  "hienTaiPS": 3.5892483437376828
}