{
  "minPB": 1.0092,
  "maxPB": 1.2513,
  "medianPB": 1.05,
  "hienTaiPB": 1.2574750370557934,
  "minPE": 22.1624,
  "maxPE": 43.0644,
  "medianPE": 41.13,
  "hienTaiPE": 24.866163640313957,
  "minPS": 0.658,
  "maxPS": 5.79,
  "medianPS": 2.6,
  "hienTaiPS": 3.3559472013947333
}