{
  "minPB": 1.0092,
  "maxPB": 1.2513,
  "medianPB": 1.05,
  "hienTaiPB": 1.2439364466390075,
  "minPE": 22.1624,
  "maxPE": 43.0644,
  "medianPE": 41.13,
  "hienTaiPE": 24.598442377591148,
  "minPS": 0.6584,
  "maxPS": 5.7058,
  "medianPS": 2.6,
  "hienTaiPS": 3.3198154347344406
}