{
  "minPB": 0.6858,
  "maxPB": 1.846,
  "medianPB": 1.05,
  "hienTaiPB": 1.3269611799234042,
  "minPE": 10.9094,
  "maxPE": 92.5075,
  "medianPE": 24.84,
  "hienTaiPE": 26.240229723825067,
  "minPS": 0.6576,
  "maxPS": 5.8741,
  "medianPS": 1.94,
  "hienTaiPS": 3.541391699154514
}