{
  "minPB": 0.6858,
  "maxPB": 1.846,
  "medianPB": 1.05,
  "hienTaiPB": 1.312167355958042,
  "minPE": 10.9094,
  "maxPE": 92.5075,
  "medianPE": 24.87,
  "hienTaiPE": 25.947686622174317,
  "minPS": 0.6576,
  "maxPS": 5.8741,
  "medianPS": 1.85,
  "hienTaiPS": 3.501909967373399
}