{
  "minPB": 1.0092,
  "maxPB": 1.2283,
  "medianPB": 1.05,
  "hienTaiPB": 1.2552335485761932,
  "minPE": 22.1624,
  "maxPE": 43.0644,
  "medianPE": 41.15,
  "hienTaiPE": 24.821838927942633,
  "minPS": 0.6576,
  "maxPS": 5.8741,
  "medianPS": 2.6,
  "hienTaiPS": 3.3499651208218375
}