{
  "minPB": 1.4019,
  "maxPB": 4.7793,
  "medianPB": 2.49,
  "hienTaiPB": 1.7418028971153314,
  "minPE": 15.1813,
  "maxPE": 57.8513,
  "medianPE": 28.63,
  "hienTaiPE": 18.83196326210969,
  "minPS": 0.7543,
  "maxPS": 8.9497,
  "medianPS": 1.8,
  "hienTaiPS": 1.0024807544305854
}