{
  "minPB": 1.4019,
  "maxPB": 4.7793,
  "medianPB": 2.49,
  "hienTaiPB": 1.7352176309636667,
  "minPE": 15.1813,
  "maxPE": 57.8513,
  "medianPE": 28.62,
  "hienTaiPE": 18.76076491329264,
  "minPS": 0.7543,
  "maxPS": 8.9497,
  "medianPS": 1.8,
  "hienTaiPS": 0.9986906570603374
}