{
  "minPB": 1.4019,
  "maxPB": 4.7793,
  "medianPB": 2.49,
  "hienTaiPB": 1.8866787524519564,
  "minPE": 15.1813,
  "maxPE": 57.8513,
  "medianPE": 28.62,
  "hienTaiPE": 20.398326936084786,
  "minPS": 0.7562,
  "maxPS": 8.9497,
  "medianPS": 2.12,
  "hienTaiPS": 1.0858628965760404
}