{
  "minPB": 1.4019,
  "maxPB": 4.7793,
  "medianPB": 2.49,
  "hienTaiPB": 1.7911923932528173,
  "minPE": 15.1813,
  "maxPE": 57.8513,
  "medianPE": 28.62,
  "hienTaiPE": 19.365950878237562,
  "minPS": 0.7562,
  "maxPS": 8.9497,
  "medianPS": 2.13,
  "hienTaiPS": 1.030906484707445
}