{
  "minPB": 1.4019,
  "maxPB": 4.7793,
  "medianPB": 2.49,
  "hienTaiPB": 1.8735082201486268,
  "minPE": 15.1813,
  "maxPE": 57.8513,
  "medianPE": 28.62,
  "hienTaiPE": 20.255930238450688,
  "minPS": 0.7562,
  "maxPS": 8.9497,
  "medianPS": 2.12,
  "hienTaiPS": 1.0782827018355445
}