{
  "minPB": 1.4019,
  "maxPB": 4.7793,
  "medianPB": 2.48,
  "hienTaiPB": 1.8636303209211298,
  "minPE": 15.1813,
  "maxPE": 57.8513,
  "medianPE": 28.6,
  "hienTaiPE": 20.14913271522511,
  "minPS": 0.7562,
  "maxPS": 8.9497,
  "medianPS": 2.1,
  "hienTaiPS": 1.0725975557801726
}