{
  "minPB": 1.4019,
  "maxPB": 4.7793,
  "medianPB": 2.49,
  "hienTaiPB": 1.9097271839827832,
  "minPE": 15.1813,
  "maxPE": 57.8513,
  "medianPE": 28.62,
  "hienTaiPE": 20.64752115694446,
  "minPS": 0.7562,
  "maxPS": 8.9497,
  "medianPS": 2.11,
  "hienTaiPS": 1.0991282373719082
}