{
  "minPB": 0.7666,
  "maxPB": 9.6582,
  "medianPB": 1.23,
  "hienTaiPB": 0.883686857482592,
  "minPE": 4.5632,
  "maxPE": 208.5493,
  "medianPE": 17.49,
  "hienTaiPE": 127.19125178210525,
  "minPS": 0.4877,
  "maxPS": 4.1998,
  "medianPS": 0.85,
  "hienTaiPS": 1.0695364816844417
}