{
  "minPB": 0.7666,
  "maxPB": 9.6929,
  "medianPB": 1.23,
  "hienTaiPB": 0.747735033254501,
  "minPE": 4.5632,
  "maxPE": 219.186,
  "medianPE": 17.47,
  "hienTaiPE": 107.6233668925506,
  "minPS": 0.4868,
  "maxPS": 4.2149,
  "medianPS": 0.85,
  "hienTaiPS": 0.904992407579143
}