{
  "minPB": 0.7666,
  "maxPB": 9.6582,
  "medianPB": 1.23,
  "hienTaiPB": 0.8193646506446765,
  "minPE": 4.5632,
  "maxPE": 208.5493,
  "medianPE": 17.48,
  "hienTaiPE": 117.93319624373471,
  "minPS": 0.4877,
  "maxPS": 4.1998,
  "medianPS": 0.85,
  "hienTaiPS": 0.9916865666233723
}