{
  "minPB": 0.7666,
  "maxPB": 9.6582,
  "medianPB": 1.23,
  "hienTaiPB": 0.7902199783257794,
  "minPE": 4.5632,
  "maxPE": 208.5493,
  "medianPE": 17.49,
  "hienTaiPE": 113.73833092053643,
  "minPS": 0.4877,
  "maxPS": 4.1998,
  "medianPS": 0.85,
  "hienTaiPS": 0.9564124307370488
}