{
  "minPB": 0.7155,
  "maxPB": 0.8923,
  "medianPB": 0.83,
  "hienTaiPB": 0.7817229893115237,
  "minPE": 23.1237,
  "maxPE": 112.5153,
  "medianPE": 26.66,
  "hienTaiPE": 112.51533811493927,
  "minPS": 0.4858,
  "maxPS": 4.1481,
  "medianPS": 0.85,
  "hienTaiPS": 0.9461284261054677
}