{
  "minPB": 0.7666,
  "maxPB": 9.6582,
  "medianPB": 1.23,
  "hienTaiPB": 0.8496989014255693,
  "minPE": 4.5632,
  "maxPE": 208.5493,
  "medianPE": 17.49,
  "hienTaiPE": 122.29928055971659,
  "minPS": 0.4877,
  "maxPS": 4.1998,
  "medianPS": 0.85,
  "hienTaiPS": 1.028400463158117
}