{
  "minPB": 0,
  "maxPB": 2.2446,
  "medianPB": 0.76,
  "hienTaiPB": 1.0573385369591988,
  "minPE": -27.701,
  "maxPE": 16.8775,
  "medianPE": 8.86,
  "hienTaiPE": 15.087613072924896,
  "minPS": 0,
  "maxPS": 12.2492,
  "medianPS": 2.99,
  "hienTaiPS": 2.609408876084371
}