{
  "minPB": 0.3933,
  "maxPB": 2.2856,
  "medianPB": 0.79,
  "hienTaiPB": 1.0307574005551965,
  "minPE": -29.7115,
  "maxPE": 17.9714,
  "medianPE": 9.67,
  "hienTaiPE": 14.708315537572036,
  "minPS": 1.2031,
  "maxPS": 7.655,
  "medianPS": 3.17,
  "hienTaiPS": 2.5438092116018027
}