{
  "minPB": 0,
  "maxPB": 2.2446,
  "medianPB": 0.76,
  "hienTaiPB": 1.157756163374318,
  "minPE": -27.701,
  "maxPE": 16.8775,
  "medianPE": 8.87,
  "hienTaiPE": 16.520514873146812,
  "minPS": 0,
  "maxPS": 12.2492,
  "medianPS": 2.99,
  "hienTaiPS": 2.8572298307962942
}