{
  "minPB": 0,
  "maxPB": 2.2446,
  "medianPB": 0.76,
  "hienTaiPB": 1.0780127541623115,
  "minPE": -27.701,
  "maxPE": 16.8775,
  "medianPE": 8.86,
  "hienTaiPE": 15.382622267088232,
  "minPS": 0,
  "maxPS": 12.2492,
  "medianPS": 2.99,
  "hienTaiPS": 2.6604308373485903
}