{
  "minPB": 0.3933,
  "maxPB": 2.2856,
  "medianPB": 0.79,
  "hienTaiPB": 1.027803940954752,
  "minPE": -29.7115,
  "maxPE": 17.9714,
  "medianPE": 9.67,
  "hienTaiPE": 14.666171366977274,
  "minPS": 1.2031,
  "maxPS": 7.655,
  "medianPS": 3.17,
  "hienTaiPS": 2.536520359992629
}