{
  "minPB": 0,
  "maxPB": 2.2446,
  "medianPB": 0.76,
  "hienTaiPB": 1.072105834961422,
  "minPE": -27.701,
  "maxPE": 16.8775,
  "medianPE": 8.86,
  "hienTaiPE": 15.298333925898707,
  "minPS": 0,
  "maxPS": 12.2492,
  "medianPS": 2.99,
  "hienTaiPS": 2.645853134130242
}