{
  "minPB": 0.3933,
  "maxPB": 2.2856,
  "medianPB": 0.79,
  "hienTaiPB": 1.0189435621534177,
  "minPE": -29.7115,
  "maxPE": 17.9714,
  "medianPE": 9.67,
  "hienTaiPE": 14.539738855192986,
  "minPS": 1.2031,
  "maxPS": 7.655,
  "medianPS": 3.17,
  "hienTaiPS": 2.514653805165106
}