{
  "minPB": 0.3933,
  "maxPB": 2.2856,
  "medianPB": 0.79,
  "hienTaiPB": 1.0218970217538623,
  "minPE": -29.7115,
  "maxPE": 17.9714,
  "medianPE": 9.67,
  "hienTaiPE": 14.581883025787748,
  "minPS": 1.2031,
  "maxPS": 7.655,
  "medianPS": 3.17,
  "hienTaiPS": 2.5219426567742804
}