{
  "minPB": 0.739,
  "maxPB": 2.5148,
  "medianPB": 1.75,
  "hienTaiPB": 1.9689130122045966,
  "minPE": 6.2842,
  "maxPE": 23.1776,
  "medianPE": 11.89,
  "hienTaiPE": 16.373840262218934,
  "minPS": 1.1489,
  "maxPS": 3.1518,
  "medianPS": 2.34,
  "hienTaiPS": 2.6553784448169746
}