{
  "minPB": 0.739,
  "maxPB": 2.5148,
  "medianPB": 1.76,
  "hienTaiPB": 1.8844721821832697,
  "minPE": 6.2842,
  "maxPE": 23.1776,
  "medianPE": 11.91,
  "hienTaiPE": 15.671614895324605,
  "minPS": 1.152,
  "maxPS": 3.149,
  "medianPS": 2.33,
  "hienTaiPS": 2.5414971516815186
}