{
  "minPB": 0.739,
  "maxPB": 2.5148,
  "medianPB": 1.76,
  "hienTaiPB": 1.8824126497437252,
  "minPE": 6.2842,
  "maxPE": 23.1776,
  "medianPE": 11.89,
  "hienTaiPE": 15.654487447351574,
  "minPS": 1.1489,
  "maxPS": 3.1518,
  "medianPS": 2.34,
  "hienTaiPS": 2.5387195591660197
}