{
  "minPB": 0.739,
  "maxPB": 2.5148,
  "medianPB": 1.76,
  "hienTaiPB": 1.8576982604691905,
  "minPE": 6.2842,
  "maxPE": 23.1776,
  "medianPE": 11.91,
  "hienTaiPE": 15.448958071675186,
  "minPS": 1.152,
  "maxPS": 3.149,
  "medianPS": 2.33,
  "hienTaiPS": 2.5053884489800327
}