{
  "minPB": 0.739,
  "maxPB": 2.5148,
  "medianPB": 1.75,
  "hienTaiPB": 1.981270206841864,
  "minPE": 6.2842,
  "maxPE": 23.1776,
  "medianPE": 11.89,
  "hienTaiPE": 16.476604950057126,
  "minPS": 1.1489,
  "maxPS": 3.1518,
  "medianPS": 2.34,
  "hienTaiPS": 2.6720439999099685
}