{
  "minPB": 2.8005,
  "maxPB": 3.1102,
  "medianPB": 2.92,
  "hienTaiPB": 3.159825531496851,
  "minPE": 12.5235,
  "maxPE": 13.4569,
  "medianPE": 13.03,
  "hienTaiPE": 13.215188589868939,
  "minPS": 3.1267,
  "maxPS": 4.9148,
  "medianPS": 4.34,
  "hienTaiPS": 4.530411445856176
}