{
  "minPB": 2.8005,
  "maxPB": 3.1598,
  "medianPB": 2.92,
  "hienTaiPB": 3.2494772668553593,
  "minPE": 12.5235,
  "maxPE": 13.474,
  "medianPE": 13.04,
  "hienTaiPE": 13.590134794449567,
  "minPS": 3.1267,
  "maxPS": 4.9148,
  "medianPS": 4.35,
  "hienTaiPS": 4.65894995026425
}