{
  "minPB": 2.2508,
  "maxPB": 3.5864,
  "medianPB": 2.92,
  "hienTaiPB": 3.2319591116703634,
  "minPE": 8.8808,
  "maxPE": 15.4046,
  "medianPE": 12.87,
  "hienTaiPE": 13.516869444129213,
  "minPS": 3.1169,
  "maxPS": 4.9225,
  "medianPS": 4.33,
  "hienTaiPS": 4.633833231012098
}