{
  "minPB": 2.2508,
  "maxPB": 3.5864,
  "medianPB": 2.92,
  "hienTaiPB": 3.278799098796021,
  "minPE": 8.8808,
  "maxPE": 15.4046,
  "medianPE": 12.88,
  "hienTaiPE": 13.712766102739781,
  "minPS": 3.1169,
  "maxPS": 4.9225,
  "medianPS": 4.33,
  "hienTaiPS": 4.700990234360099
}