{
  "minPB": 2.2508,
  "maxPB": 3.594,
  "medianPB": 2.92,
  "hienTaiPB": 3.59483034629834,
  "minPE": 8.8808,
  "maxPE": 15.4046,
  "medianPE": 12.88,
  "hienTaiPE": 13.505961714487182,
  "minPS": 3.1169,
  "maxPS": 4.9225,
  "medianPS": 4.33,
  "hienTaiPS": 4.620401830342498
}