{
  "minPB": 2.2508,
  "maxPB": 3.5864,
  "medianPB": 2.92,
  "hienTaiPB": 3.2506951065206264,
  "minPE": 8.8808,
  "maxPE": 15.4046,
  "medianPE": 12.87,
  "hienTaiPE": 13.59522810757344,
  "minPS": 3.1169,
  "maxPS": 4.9225,
  "medianPS": 4.33,
  "hienTaiPS": 4.660696032351298
}