{
  "minPB": 2.2508,
  "maxPB": 3.5864,
  "medianPB": 2.92,
  "hienTaiPB": 3.260063103945758,
  "minPE": 8.8808,
  "maxPE": 15.4046,
  "medianPE": 12.88,
  "hienTaiPE": 13.634407439295554,
  "minPS": 3.1169,
  "maxPS": 4.9225,
  "medianPS": 4.33,
  "hienTaiPS": 4.674127433020899
}