{
  "minPB": 0.2951,
  "maxPB": 1.9534,
  "medianPB": 0.76,
  "hienTaiPB": 0.8874867101814158,
  "minPE": 1.8354,
  "maxPE": 70.7828,
  "medianPE": 10.3,
  "hienTaiPE": 89.24377536282707,
  "minPS": 0.0759,
  "maxPS": 0.5506,
  "medianPS": 0.2,
  "hienTaiPS": 0.2849797246725483
}