{
  "minPB": 0.2951,
  "maxPB": 1.9503,
  "medianPB": 0.76,
  "hienTaiPB": 0.7937769333299619,
  "minPE": 1.8354,
  "maxPE": 76.0712,
  "medianPE": 10.3,
  "hienTaiPE": 79.82051957917452,
  "minPS": 0.0745,
  "maxPS": 0.559,
  "medianPS": 0.19,
  "hienTaiPS": 0.2548886978437699
}