{
  "minPB": 0.2951,
  "maxPB": 1.9503,
  "medianPB": 0.76,
  "hienTaiPB": 0.7496782148116308,
  "minPE": 1.8354,
  "maxPE": 75.386,
  "medianPE": 10.3,
  "hienTaiPE": 75.38604626922037,
  "minPS": 0.0745,
  "maxPS": 0.559,
  "medianPS": 0.19,
  "hienTaiPS": 0.24072821463022712
}