{
  "minPB": 0.3209,
  "maxPB": 0.9231,
  "medianPB": 0.61,
  "hienTaiPB": 0.34162944217162433,
  "minPE": -31.4377,
  "maxPE": 121.396,
  "medianPE": 8.63,
  "hienTaiPE": 20.639901158884868,
  "minPS": 0.7949,
  "maxPS": 7.11,
  "medianPS": 2.37,
  "hienTaiPS": 3.326159252638224
}