{
  "minPB": 0.4411,
  "maxPB": 0.5005,
  "medianPB": 0.48,
  "hienTaiPB": 0.4834889147736429,
  "minPE": -32.5407,
  "maxPE": -28.68,
  "medianPE": -31.44,
  "hienTaiPE": -31.4377,
  "minPS": 0.7974,
  "maxPS": 7.11,
  "medianPS": 2.4,
  "hienTaiPS": 3.369085785303154
}