{
  "minPB": 0.1627,
  "maxPB": 1.8552,
  "medianPB": 0.77,
  "hienTaiPB": 0.4909426554775299,
  "minPE": -85.9259,
  "maxPE": 539.8841,
  "medianPE": 4.78,
  "hienTaiPE": 23.591495720966883,
  "minPS": 0.0895,
  "maxPS": 1.2345,
  "medianPS": 0.58,
  "hienTaiPS": 0.426807533263346
}