{
  "minPB": 0.1627,
  "maxPB": 1.8552,
  "medianPB": 0.77,
  "hienTaiPB": 0.49370076028358345,
  "minPE": -85.9259,
  "maxPE": 539.8841,
  "medianPE": 4.78,
  "hienTaiPE": 561.8561546173659,
  "minPS": 0.0895,
  "maxPS": 1.2345,
  "medianPS": 0.58,
  "hienTaiPS": 0.4347919590541578
}