{
  "minPB": 0.1627,
  "maxPB": 1.8552,
  "medianPB": 0.77,
  "hienTaiPB": 0.5005960222987172,
  "minPE": -85.9259,
  "maxPE": 539.8841,
  "medianPE": 4.78,
  "hienTaiPE": 24.055373445817356,
  "minPS": 0.0895,
  "maxPS": 1.2345,
  "medianPS": 0.58,
  "hienTaiPS": 0.43519981622077136
}