{
  "minPB": 0.1627,
  "maxPB": 1.8552,
  "medianPB": 0.77,
  "hienTaiPB": 0.5019750747017441,
  "minPE": -85.9259,
  "maxPE": 539.8841,
  "medianPE": 4.78,
  "hienTaiPE": 24.121641692224568,
  "minPS": 0.0895,
  "maxPS": 1.2394,
  "medianPS": 0.59,
  "hienTaiPS": 0.43639871378611783
}