{
  "minPB": 0.1627,
  "maxPB": 1.8552,
  "medianPB": 0.77,
  "hienTaiPB": 0.5130074939259582,
  "minPE": -85.9259,
  "maxPE": 539.8841,
  "medianPE": 4.79,
  "hienTaiPE": 24.65178766348225,
  "minPS": 0.0895,
  "maxPS": 1.2394,
  "medianPS": 0.59,
  "hienTaiPS": 0.44598989430888963
}