{
  "minPB": 0.4774,
  "maxPB": 1.5159,
  "medianPB": 0.69,
  "hienTaiPB": 0.6052286970472289,
  "minPE": 1.9444,
  "maxPE": 41.3034,
  "medianPE": 7.39,
  "hienTaiPE": 64.40728704923205,
  "minPS": 0.0502,
  "maxPS": 0.6302,
  "medianPS": 0.17,
  "hienTaiPS": 0.26762152394549615
}