{
  "minPB": 0.4774,
  "maxPB": 1.5159,
  "medianPB": 0.69,
  "hienTaiPB": 0.5878120438947906,
  "minPE": 1.9444,
  "maxPE": 39.7855,
  "medianPE": 7.38,
  "hienTaiPE": 62.553839939901636,
  "minPS": 0.0502,
  "maxPS": 0.6271,
  "medianPS": 0.17,
  "hienTaiPS": 0.2599201851269207
}