{
  "minPB": 0.4774,
  "maxPB": 1.5159,
  "medianPB": 0.69,
  "hienTaiPB": 0.5895537092100345,
  "minPE": 1.9444,
  "maxPE": 39.1961,
  "medianPE": 7.38,
  "hienTaiPE": 62.73918465083467,
  "minPS": 0.0502,
  "maxPS": 0.6271,
  "medianPS": 0.17,
  "hienTaiPS": 0.26069031900877826
}