{
  "minPB": 0.4774,
  "maxPB": 1.5159,
  "medianPB": 0.69,
  "hienTaiPB": 0.623516182857289,
  "minPE": 1.9444,
  "maxPE": 45.518,
  "medianPE": 7.41,
  "hienTaiPE": 66.35340651402899,
  "minPS": 0.0502,
  "maxPS": 0.6302,
  "medianPS": 0.17,
  "hienTaiPS": 0.27570792970500035
}