{
  "minPB": 0.4774,
  "maxPB": 1.5159,
  "medianPB": 0.69,
  "hienTaiPB": 0.6470286646130806,
  "minPE": 1.9444,
  "maxPE": 47.8361,
  "medianPE": 7.41,
  "hienTaiPE": 68.85556011162505,
  "minPS": 0.0502,
  "maxPS": 0.6302,
  "medianPS": 0.17,
  "hienTaiPS": 0.2861047371100772
}