{
  "minPB": 0.4774,
  "maxPB": 1.5159,
  "medianPB": 0.69,
  "hienTaiPB": 0.5965203704710097,
  "minPE": 1.9444,
  "maxPE": 40.5658,
  "medianPE": 7.39,
  "hienTaiPE": 63.480563494566844,
  "minPS": 0.0502,
  "maxPS": 0.6302,
  "medianPS": 0.17,
  "hienTaiPS": 0.26377085453620847
}