{
  "minPB": 0.4774,
  "maxPB": 1.5159,
  "medianPB": 0.69,
  "hienTaiPB": 0.6113245256505823,
  "minPE": 1.9444,
  "maxPE": 44.4644,
  "medianPE": 7.4,
  "hienTaiPE": 65.0559935374977,
  "minPS": 0.0502,
  "maxPS": 0.6302,
  "medianPS": 0.17,
  "hienTaiPS": 0.2703169925319976
}