{
  "minPB": 0.4774,
  "maxPB": 1.5159,
  "medianPB": 0.69,
  "hienTaiPB": 0.5921662071829001,
  "minPE": 1.9444,
  "maxPE": 39.8283,
  "medianPE": 7.38,
  "hienTaiPE": 63.01720171723424,
  "minPS": 0.0502,
  "maxPS": 0.6271,
  "medianPS": 0.17,
  "hienTaiPS": 0.2618455198315646
}