{
  "minPB": 0.6953,
  "maxPB": 0.7684,
  "medianPB": 0.72,
  "hienTaiPB": 0.7729120157546466,
  "minPE": 13.2302,
  "maxPE": 16.7983,
  "medianPE": 13.78,
  "hienTaiPE": 16.89591033464862,
  "minPS": 0.2077,
  "maxPS": 2.3423,
  "medianPS": 0.82,
  "hienTaiPS": 0.9555483536900111
}