{
  "minPB": 0.4473,
  "maxPB": 2.3431,
  "medianPB": 0.92,
  "hienTaiPB": 0.7928704795502212,
  "minPE": 3.8914,
  "maxPE": 46.6948,
  "medianPE": 17.27,
  "hienTaiPE": 17.33220373911602,
  "minPS": 0.2076,
  "maxPS": 2.3615,
  "medianPS": 0.79,
  "hienTaiPS": 0.9802229309165307
}