{
  "minPB": 0.4473,
  "maxPB": 2.3431,
  "medianPB": 0.92,
  "hienTaiPB": 0.8019839333381548,
  "minPE": 3.8914,
  "maxPE": 46.6948,
  "medianPE": 17.21,
  "hienTaiPE": 17.53142447174954,
  "minPS": 0.2076,
  "maxPS": 2.3615,
  "medianPS": 0.79,
  "hienTaiPS": 0.9914898611569506
}