{
  "minPB": 0.4473,
  "maxPB": 2.3431,
  "medianPB": 0.92,
  "hienTaiPB": 0.820210840914022,
  "minPE": 3.8914,
  "maxPE": 46.6948,
  "medianPE": 17.25,
  "hienTaiPE": 17.929865937016576,
  "minPS": 0.2076,
  "maxPS": 2.3615,
  "medianPS": 0.79,
  "hienTaiPS": 1.0140237216377903
}