{
  "minPB": 0.6953,
  "maxPB": 0.7729,
  "medianPB": 0.72,
  "hienTaiPB": 0.7990676281260161,
  "minPE": 13.2302,
  "maxPE": 16.8959,
  "medianPE": 13.78,
  "hienTaiPE": 17.467673837306815,
  "minPS": 0.2077,
  "maxPS": 2.3423,
  "medianPS": 0.82,
  "hienTaiPS": 0.9878844434800162
}