{
  "minPB": 0.419,
  "maxPB": 2.5131,
  "medianPB": 0.7,
  "hienTaiPB": 0.5884347703299935,
  "minPE": 4.9057,
  "maxPE": 49.4586,
  "medianPE": 20.7,
  "hienTaiPE": 23.493475837301627,
  "minPS": 0.1354,
  "maxPS": 3.0187,
  "medianPS": 0.37,
  "hienTaiPS": 0.3454327374359812
}