{
  "minPB": 0.4225,
  "maxPB": 2.5037,
  "medianPB": 0.7,
  "hienTaiPB": 0.5976290636163996,
  "minPE": 4.9057,
  "maxPE": 49.2251,
  "medianPE": 20.79,
  "hienTaiPE": 23.860561397259467,
  "minPS": 0.1354,
  "maxPS": 2.9994,
  "medianPS": 0.37,
  "hienTaiPS": 0.3508301239584184
}