{
  "minPB": 0.419,
  "maxPB": 2.5131,
  "medianPB": 0.7,
  "hienTaiPB": 0.5700461837571812,
  "minPE": 4.9057,
  "maxPE": 49.4586,
  "medianPE": 20.61,
  "hienTaiPE": 22.75930471738595,
  "minPS": 0.1354,
  "maxPS": 3.0187,
  "medianPS": 0.37,
  "hienTaiPS": 0.33463796439110677
}