{
  "minPB": 0.6579,
  "maxPB": 11.1542,
  "medianPB": 1.78,
  "hienTaiPB": 0.7708312242582561,
  "minPE": -305.9278,
  "maxPE": 511.1328,
  "medianPE": 99.39,
  "hienTaiPE": -164.789,
  "minPS": 1.4285,
  "maxPS": 24.6507,
  "medianPS": 4.87,
  "hienTaiPS": 2.877111348832749
}