{
  "minPB": 0.6579,
  "maxPB": 11.1542,
  "medianPB": 1.8,
  "hienTaiPB": 0.6937481018324305,
  "minPE": -305.9278,
  "maxPE": 511.1328,
  "medianPE": 102.65,
  "hienTaiPE": -152.2734,
  "minPS": 1.4218,
  "maxPS": 24.6507,
  "medianPS": 4.48,
  "hienTaiPS": 2.589400213949474
}