{
  "minPB": 0.6579,
  "maxPB": 11.1542,
  "medianPB": 1.78,
  "hienTaiPB": 0.7611958339550279,
  "minPE": -305.9278,
  "maxPE": 511.1328,
  "medianPE": 99.39,
  "hienTaiPE": -162.7031,
  "minPS": 1.4252,
  "maxPS": 24.6507,
  "medianPS": 4.87,
  "hienTaiPS": 2.84114745697234
}