{
  "minPB": 0.6579,
  "maxPB": 11.1542,
  "medianPB": 1.77,
  "hienTaiPB": 0.7997373951679407,
  "minPE": -305.9278,
  "maxPE": 511.1328,
  "medianPE": 98.96,
  "hienTaiPE": -173.1328,
  "minPS": 1.4285,
  "maxPS": 24.6507,
  "medianPS": 4.84,
  "hienTaiPS": 2.985003024413977
}