{
  "minPB": 0.6579,
  "maxPB": 11.1542,
  "medianPB": 1.79,
  "hienTaiPB": 0.7804666145614843,
  "minPE": -305.9278,
  "maxPE": 511.1328,
  "medianPE": 101.56,
  "hienTaiPE": -150.1875,
  "minPS": 1.4218,
  "maxPS": 24.6507,
  "medianPS": 4.48,
  "hienTaiPS": 2.9130752406931584
}