{
  "minPB": 0.6579,
  "maxPB": 11.1542,
  "medianPB": 1.78,
  "hienTaiPB": 0.7419250533485715,
  "minPE": -305.9278,
  "maxPE": 511.1328,
  "medianPE": 101.15,
  "hienTaiPE": -168.9609,
  "minPS": 1.4218,
  "maxPS": 24.6507,
  "medianPS": 4.87,
  "hienTaiPS": 2.769219673251521
}