{
  "minPB": 0.8607,
  "maxPB": 2.3175,
  "medianPB": 1.24,
  "hienTaiPB": 2.0362702725611337,
  "minPE": -334.5062,
  "maxPE": 161.2073,
  "medianPE": 9.48,
  "hienTaiPE": 192.15322293842445,
  "minPS": 0.1461,
  "maxPS": 0.4499,
  "medianPS": 0.27,
  "hienTaiPS": 0.4341383331791953
}