{
  "minPB": 0.8607,
  "maxPB": 2.3175,
  "medianPB": 1.24,
  "hienTaiPB": 2.160097518865527,
  "minPE": -334.5062,
  "maxPE": 155.6519,
  "medianPE": 9.43,
  "hienTaiPE": 203.83821622522055,
  "minPS": 0.1462,
  "maxPS": 0.45,
  "medianPS": 0.28,
  "hienTaiPS": 0.4605386372238761
}