{
  "minPB": 0.7537,
  "maxPB": 4.4829,
  "medianPB": 2.3,
  "hienTaiPB": 3.4403326032759245,
  "minPE": 1.5416,
  "maxPE": 25.2221,
  "medianPE": 5.97,
  "hienTaiPE": 29.359055176098995,
  "minPS": 0.126,
  "maxPS": 1.5667,
  "medianPS": 0.48,
  "hienTaiPS": 1.2101225317853306
}