{
  "minPB": 0,
  "maxPB": 4.4616,
  "medianPB": 2.19,
  "hienTaiPB": 3.5508019987939585,
  "minPE": 0,
  "maxPE": 24.7266,
  "medianPE": 5.84,
  "hienTaiPE": 30.301777131294834,
  "minPS": 0,
  "maxPS": 1.5297,
  "medianPS": 0.37,
  "hienTaiPS": 1.2489796773013735
}