{
  "minPB": 0,
  "maxPB": 4.4616,
  "medianPB": 2.19,
  "hienTaiPB": 3.740178105396303,
  "minPE": 0,
  "maxPE": 25.1297,
  "medianPE": 5.84,
  "hienTaiPE": 31.91787191163056,
  "minPS": 0,
  "maxPS": 1.5297,
  "medianPS": 0.37,
  "hienTaiPS": 1.3155919267574467
}