{
  "minPB": 0.7537,
  "maxPB": 4.4829,
  "medianPB": 2.3,
  "hienTaiPB": 3.4561139454927865,
  "minPE": 1.5416,
  "maxPE": 25.5329,
  "medianPE": 5.98,
  "hienTaiPE": 29.493729741126973,
  "minPS": 0.1203,
  "maxPS": 1.5509,
  "medianPS": 0.44,
  "hienTaiPS": 1.2156735525733369
}