{
  "minPB": 0,
  "maxPB": 4.4616,
  "medianPB": 2.19,
  "hienTaiPB": 3.6375993809866998,
  "minPE": 0,
  "maxPE": 24.7266,
  "medianPE": 5.84,
  "hienTaiPE": 31.04248723894871,
  "minPS": 0,
  "maxPS": 1.5297,
  "medianPS": 0.37,
  "hienTaiPS": 1.279510291635407
}