{
  "minPB": 0.7537,
  "maxPB": 4.4829,
  "medianPB": 2.3,
  "hienTaiPB": 3.4876766299265105,
  "minPE": 1.5416,
  "maxPE": 25.1297,
  "medianPE": 5.97,
  "hienTaiPE": 29.763078871182927,
  "minPS": 0.126,
  "maxPS": 1.5667,
  "medianPS": 0.48,
  "hienTaiPS": 1.226775594149349
}