{
  "minPB": 0,
  "maxPB": 2.7789,
  "medianPB": 2.37,
  "hienTaiPB": 1.7512198883122745,
  "minPE": 0,
  "maxPE": 25.2629,
  "medianPE": 21.6,
  "hienTaiPE": 26.767824573807047,
  "minPS": 1.8407,
  "maxPS": 2.4495,
  "medianPS": 2.19,
  "hienTaiPS": 2.449536159701601
}