{
  "minPB": 0,
  "maxPB": 2.7752,
  "medianPB": 0,
  "hienTaiPB": 1.7512198883122745,
  "minPE": 0,
  "maxPE": 25.182,
  "medianPE": 0,
  "hienTaiPE": 26.767824573807047,
  "minPS": 0,
  "maxPS": 2.2333,
  "medianPS": 0,
  "hienTaiPS": 2.449536159701601
}