{
  "minPB": 1.0027,
  "maxPB": 1.5581,
  "medianPB": 1.09,
  "hienTaiPB": 1.603051614009268,
  "minPE": -2.7689,
  "maxPE": 123.3626,
  "medianPE": 101.44,
  "hienTaiPE": -2.7157,
  "minPS": 0.0558,
  "maxPS": 0.4706,
  "medianPS": 0.14,
  "hienTaiPS": 0.21030368988598802
}