{
  "minPB": 0.6206,
  "maxPB": 8.1786,
  "medianPB": 1.75,
  "hienTaiPB": 1.7528695218606016,
  "minPE": -76.9772,
  "maxPE": 208.8091,
  "medianPE": 2.54,
  "hienTaiPE": -3.2589,
  "minPS": 0.0558,
  "maxPS": 0.4685,
  "medianPS": 0.14,
  "hienTaiPS": 0.2299582403426224
}