{
  "minPB": 1.0027,
  "maxPB": 1.5957,
  "medianPB": 1.1,
  "hienTaiPB": 1.6220784883063875,
  "minPE": -2.7729,
  "maxPE": 123.3626,
  "medianPE": 101.44,
  "hienTaiPE": -3.0448,
  "minPS": 0.0558,
  "maxPS": 0.4706,
  "medianPS": 0.14,
  "hienTaiPS": 0.2127998177939806
}