{
  "minPB": 0.8536,
  "maxPB": 2.4225,
  "medianPB": 1.26,
  "hienTaiPB": 1.4857766190772976,
  "minPE": -37.3815,
  "maxPE": 204.1692,
  "medianPE": 19.99,
  "hienTaiPE": 25.990043762524017,
  "minPS": 0.1937,
  "maxPS": 1.6349,
  "medianPS": 0.33,
  "hienTaiPS": 0.6135710565749489
}