{
  "minPB": 1.2384,
  "maxPB": 1.5377,
  "medianPB": 1.4,
  "hienTaiPB": 1.5376934112841365,
  "minPE": 18.2942,
  "maxPE": 26.8982,
  "medianPE": 20.7,
  "hienTaiPE": 26.89820161353635,
  "minPS": 0.1937,
  "maxPS": 1.6337,
  "medianPS": 0.34,
  "hienTaiPS": 0.6350107808506713
}