{
  "minPB": 1.2384,
  "maxPB": 1.5377,
  "medianPB": 1.4,
  "hienTaiPB": 1.5069532053721924,
  "minPE": 18.2942,
  "maxPE": 26.8982,
  "medianPE": 20.72,
  "hienTaiPE": 26.360476570173788,
  "minPS": 0.1937,
  "maxPS": 1.6337,
  "medianPS": 0.34,
  "hienTaiPS": 0.622316207266362
}