{
  "minPB": 0.8536,
  "maxPB": 2.4225,
  "medianPB": 1.26,
  "hienTaiPB": 1.6821723790702736,
  "minPE": -37.3815,
  "maxPE": 204.1692,
  "medianPE": 20.03,
  "hienTaiPE": 29.425509317340413,
  "minPS": 0.1937,
  "maxPS": 1.6349,
  "medianPS": 0.33,
  "hienTaiPS": 0.694675276696925
}