{
  "minPB": 0.8536,
  "maxPB": 2.4225,
  "medianPB": 1.26,
  "hienTaiPB": 1.571166079943809,
  "minPE": -37.3815,
  "maxPE": 204.1692,
  "medianPE": 20.08,
  "hienTaiPE": 27.483724438531148,
  "minPS": 0.1937,
  "maxPS": 1.6349,
  "medianPS": 0.33,
  "hienTaiPS": 0.648833760975808
}