{
  "minPB": 0.8536,
  "maxPB": 2.4225,
  "medianPB": 1.26,
  "hienTaiPB": 1.582522878239055,
  "minPE": -37.3815,
  "maxPE": 204.1692,
  "medianPE": 20.02,
  "hienTaiPE": 27.682383968440096,
  "minPS": 0.1937,
  "maxPS": 1.6349,
  "medianPS": 0.33,
  "hienTaiPS": 0.6535237006611223
}