{
  "minPB": 0.8536,
  "maxPB": 2.4225,
  "medianPB": 1.26,
  "hienTaiPB": 1.5370102955972045,
  "minPE": -37.3815,
  "maxPE": 204.1692,
  "medianPE": 20.16,
  "hienTaiPE": 26.886252168128294,
  "minPS": 0.1937,
  "maxPS": 1.6349,
  "medianPS": 0.33,
  "hienTaiPS": 0.6347286792154644
}