{
  "minPB": 1.2384,
  "maxPB": 1.5199,
  "medianPB": 1.4,
  "hienTaiPB": 1.5370102955972045,
  "minPE": 18.2942,
  "maxPE": 26.5875,
  "medianPE": 20.67,
  "hienTaiPE": 26.886252168128294,
  "minPS": 0.1937,
  "maxPS": 1.6337,
  "medianPS": 0.34,
  "hienTaiPS": 0.6347286792154644
}