{
  "minPB": 1.0472,
  "maxPB": 1.4574,
  "medianPB": 1.27,
  "hienTaiPB": 1.451716934093659,
  "minPE": 27.086,
  "maxPE": 54.6864,
  "medianPE": 32.95,
  "hienTaiPE": 54.68643496914326,
  "minPS": 0.131,
  "maxPS": 5.995,
  "medianPS": 0.62,
  "hienTaiPS": 1.1399686062458443
}