{
  "minPB": 0.4578,
  "maxPB": 1.9068,
  "medianPB": 1.02,
  "hienTaiPB": 1.3908665236825475,
  "minPE": 19.765,
  "maxPE": 426.581,
  "medianPE": 68.99,
  "hienTaiPE": 52.39418919199354,
  "minPS": 0.131,
  "maxPS": 5.995,
  "medianPS": 0.6,
  "hienTaiPS": 1.0921854910139825
}