{
  "minPB": 0.726,
  "maxPB": 1.164,
  "medianPB": 0.91,
  "hienTaiPB": 0.9364560236544889,
  "minPE": 21.1215,
  "maxPE": 86.4445,
  "medianPE": 65.5,
  "hienTaiPE": 23.988022782435085,
  "minPS": 0.1271,
  "maxPS": 0.2706,
  "medianPS": 0.18,
  "hienTaiPS": 0.18480683941310128
}