{
  "minPB": 0.4156,
  "maxPB": 1.1896,
  "medianPB": 0.8,
  "hienTaiPB": 0.8657800973409425,
  "minPE": -96.4474,
  "maxPE": 170.2182,
  "medianPE": 12.02,
  "hienTaiPE": 22.1776059686664,
  "minPS": 0.1255,
  "maxPS": 0.2742,
  "medianPS": 0.18,
  "hienTaiPS": 0.17085915341965965
}