{
  "minPB": 0.4156,
  "maxPB": 1.1896,
  "medianPB": 0.8,
  "hienTaiPB": 0.8952283999715868,
  "minPE": -96.4474,
  "maxPE": 170.2182,
  "medianPE": 12.03,
  "hienTaiPE": 22.931946307736684,
  "minPS": 0.1255,
  "maxPS": 0.2742,
  "medianPS": 0.18,
  "hienTaiPS": 0.17667068925026033
}