{
  "minPB": 0.5976,
  "maxPB": 2.1061,
  "medianPB": 0.92,
  "hienTaiPB": 1.6024375976170524,
  "minPE": 3.3227,
  "maxPE": 27.7593,
  "medianPE": 8.61,
  "hienTaiPE": 13.304927928959646,
  "minPS": 0.2811,
  "maxPS": 1.7004,
  "medianPS": 0.67,
  "hienTaiPS": 1.0307341997732418
}