{
  "minPB": 0.5976,
  "maxPB": 2.1061,
  "medianPB": 0.92,
  "hienTaiPB": 1.338582410860831,
  "minPE": 3.3227,
  "maxPE": 27.7593,
  "medianPE": 8.63,
  "hienTaiPE": 11.11415666354862,
  "minPS": 0.2811,
  "maxPS": 1.7089,
  "medianPS": 0.66,
  "hienTaiPS": 0.8610149138668043
}