{
  "minPB": 0.5976,
  "maxPB": 2.1061,
  "medianPB": 0.92,
  "hienTaiPB": 1.4865987351387113,
  "minPE": 3.3227,
  "maxPE": 27.7593,
  "medianPE": 8.62,
  "hienTaiPE": 12.343125909998708,
  "minPS": 0.2811,
  "maxPS": 1.7089,
  "medianPS": 0.66,
  "hienTaiPS": 0.9562232937655375
}