{
  "minPB": 0.5976,
  "maxPB": 2.1061,
  "medianPB": 0.92,
  "hienTaiPB": 1.5123407045783428,
  "minPE": 3.3227,
  "maxPE": 27.7593,
  "medianPE": 8.61,
  "hienTaiPE": 12.556859691990029,
  "minPS": 0.2811,
  "maxPS": 1.7004,
  "medianPS": 0.67,
  "hienTaiPS": 0.9727812728783606
}