{
  "minPB": 0.2605,
  "maxPB": 1.3143,
  "medianPB": 0.5,
  "hienTaiPB": 0.6649571308445406,
  "minPE": 4.6441,
  "maxPE": 69.9858,
  "medianPE": 10.6,
  "hienTaiPE": 11.36370231979488,
  "minPS": 0.4687,
  "maxPS": 3.9069,
  "medianPS": 1.52,
  "hienTaiPS": 1.596686711867259
}