{
  "minPB": 0.2605,
  "maxPB": 1.3143,
  "medianPB": 0.5,
  "hienTaiPB": 0.688000199735193,
  "minPE": 4.6441,
  "maxPE": 69.9858,
  "medianPE": 10.6,
  "hienTaiPE": 11.757493984342227,
  "minPS": 0.4687,
  "maxPS": 3.9069,
  "medianPS": 1.52,
  "hienTaiPS": 1.6520174395062233
}