{
  "minPB": 0.2605,
  "maxPB": 1.3143,
  "medianPB": 0.5,
  "hienTaiPB": 0.6888231664812877,
  "minPE": 4.643,
  "maxPE": 69.9858,
  "medianPE": 10.6,
  "hienTaiPE": 11.771557972361775,
  "minPS": 0.4696,
  "maxPS": 3.8708,
  "medianPS": 1.52,
  "hienTaiPS": 1.6539935369219008
}