{
  "minPB": 0.2605,
  "maxPB": 1.3143,
  "medianPB": 0.5,
  "hienTaiPB": 0.6715408648132984,
  "minPE": 4.6441,
  "maxPE": 69.9858,
  "medianPE": 10.6,
  "hienTaiPE": 11.476214223951265,
  "minPS": 0.4696,
  "maxPS": 3.8708,
  "medianPS": 1.52,
  "hienTaiPS": 1.6124954911926774
}