{
  "minPB": 0.2605,
  "maxPB": 1.3143,
  "medianPB": 0.5,
  "hienTaiPB": 0.6871772329890983,
  "minPE": 4.6441,
  "maxPE": 69.9858,
  "medianPE": 10.61,
  "hienTaiPE": 11.743429996322678,
  "minPS": 0.4687,
  "maxPS": 3.9069,
  "medianPS": 1.52,
  "hienTaiPS": 1.650041342090546
}