{
  "minPB": 0.8615,
  "maxPB": 4.5245,
  "medianPB": 1.34,
  "hienTaiPB": 1.2215703499559722,
  "minPE": 11.3534,
  "maxPE": 461.4876,
  "medianPE": 22.63,
  "hienTaiPE": 20.42586417475033,
  "minPS": 1.773,
  "maxPS": 10.787,
  "medianPS": 2.48,
  "hienTaiPS": 1.8948160761527673
}