{
  "minPB": 0.8615,
  "maxPB": 4.5245,
  "medianPB": 1.35,
  "hienTaiPB": 1.1507546774947566,
  "minPE": 11.3534,
  "maxPE": 461.4876,
  "medianPE": 22.67,
  "hienTaiPE": 19.24175610664886,
  "minPS": 1.7711,
  "maxPS": 9.0681,
  "medianPS": 2.46,
  "hienTaiPS": 1.7849716659410126
}