{
  "minPB": 0.8615,
  "maxPB": 4.5245,
  "medianPB": 1.35,
  "hienTaiPB": 1.1596066365524085,
  "minPE": 11.3534,
  "maxPE": 461.4876,
  "medianPE": 22.67,
  "hienTaiPE": 19.389769615161544,
  "minPS": 1.7711,
  "maxPS": 9.0681,
  "medianPS": 2.46,
  "hienTaiPS": 1.798702217217482
}