{
  "minPB": 0.7601,
  "maxPB": 4.5245,
  "medianPB": 1.33,
  "hienTaiPB": 1.1684585956100604,
  "minPE": 11.3534,
  "maxPE": 461.4876,
  "medianPE": 22.61,
  "hienTaiPE": 19.537783123674227,
  "minPS": 1.773,
  "maxPS": 10.787,
  "medianPS": 2.48,
  "hienTaiPS": 1.8124327684939512
}