{
  "minPB": 0.6634,
  "maxPB": 1.9779,
  "medianPB": 1.08,
  "hienTaiPB": 1.4899000369727602,
  "minPE": -872.5759,
  "maxPE": 3721.6681,
  "medianPE": 101.11,
  "hienTaiPE": 109.27468122397777,
  "minPS": 1.1808,
  "maxPS": 4.1826,
  "medianPS": 2.53,
  "hienTaiPS": 2.554201521648856
}