{
  "minPB": 0.9096,
  "maxPB": 1.3622,
  "medianPB": 1.12,
  "hienTaiPB": 1.5390667381928613,
  "minPE": 46.9699,
  "maxPE": 96.5691,
  "medianPE": 59.53,
  "hienTaiPE": 112.88074570436903,
  "minPS": 1.1808,
  "maxPS": 4.087,
  "medianPS": 2.53,
  "hienTaiPS": 2.6384901718632685
}