{
  "minPB": 0.9096,
  "maxPB": 1.248,
  "medianPB": 1.12,
  "hienTaiPB": 1.3621943195179522,
  "minPE": 46.9699,
  "maxPE": 87.4197,
  "medianPE": 59.53,
  "hienTaiPE": 99.90827997620825,
  "minPS": 1.1808,
  "maxPS": 4.087,
  "medianPS": 2.53,
  "hienTaiPS": 2.335269962650383
}