{
  "minPB": 0.6634,
  "maxPB": 1.9779,
  "medianPB": 1.08,
  "hienTaiPB": 1.3302678901542502,
  "minPE": -872.5759,
  "maxPE": 3721.6681,
  "medianPE": 101.11,
  "hienTaiPE": 97.56667966426586,
  "minPS": 1.1808,
  "maxPS": 4.1826,
  "medianPS": 2.53,
  "hienTaiPS": 2.2805370729007644
}