{
  "minPB": 0.261,
  "maxPB": 1.5106,
  "medianPB": 0.87,
  "hienTaiPB": 1.4431634633966093,
  "minPE": -150.4132,
  "maxPE": 40.8206,
  "medianPE": 10.34,
  "hienTaiPE": 15.586859911646687,
  "minPS": 0.2894,
  "maxPS": 1.1823,
  "medianPS": 0.5,
  "hienTaiPS": 0.3824738718886556
}