{
  "minPB": 0.261,
  "maxPB": 1.5106,
  "medianPB": 0.87,
  "hienTaiPB": 1.3933992060381055,
  "minPE": -150.4132,
  "maxPE": 40.8206,
  "medianPE": 10.33,
  "hienTaiPE": 15.04938198365887,
  "minPS": 0.2894,
  "maxPS": 1.1823,
  "medianPS": 0.5,
  "hienTaiPS": 0.3692851176855985
}