{
  "minPB": 0.261,
  "maxPB": 1.5106,
  "medianPB": 0.87,
  "hienTaiPB": 1.1943421766040905,
  "minPE": -150.4132,
  "maxPE": 41.2303,
  "medianPE": 10.33,
  "hienTaiPE": 12.899470271707603,
  "minPS": 0.291,
  "maxPS": 1.1807,
  "medianPS": 0.49,
  "hienTaiPS": 0.3165301008733702
}