{
  "minPB": 0.261,
  "maxPB": 1.5106,
  "medianPB": 0.87,
  "hienTaiPB": 1.564019516981547,
  "minPE": -150.4132,
  "maxPE": 40.8206,
  "medianPE": 10.33,
  "hienTaiPE": 16.892163451045672,
  "minPS": 0.2894,
  "maxPS": 1.1823,
  "medianPS": 0.5,
  "hienTaiPS": 0.41450370352465143
}