{
  "minPB": 0.261,
  "maxPB": 1.5106,
  "medianPB": 0.87,
  "hienTaiPB": 1.3365257690569583,
  "minPE": -150.4132,
  "maxPE": 41.2303,
  "medianPE": 10.33,
  "hienTaiPE": 14.435121494529938,
  "minPS": 0.291,
  "maxPS": 1.1807,
  "medianPS": 0.49,
  "hienTaiPS": 0.3542122557392476
}