{
  "minPB": 0.261,
  "maxPB": 1.5106,
  "medianPB": 0.87,
  "hienTaiPB": 1.2334426645286292,
  "minPE": -150.4132,
  "maxPE": 41.2303,
  "medianPE": 10.33,
  "hienTaiPE": 13.321774357983745,
  "minPS": 0.291,
  "maxPS": 1.1807,
  "medianPS": 0.49,
  "hienTaiPS": 0.32689269346148647
}