{
  "minPB": 1.2416,
  "maxPB": 2.2512,
  "medianPB": 1.72,
  "hienTaiPB": 1.9740788442489192,
  "minPE": 8.4746,
  "maxPE": 14.1838,
  "medianPE": 10.92,
  "hienTaiPE": 11.991500507748432,
  "minPS": 2.0485,
  "maxPS": 3.273,
  "medianPS": 2.52,
  "hienTaiPS": 2.4875756250664343
}