{
  "minPB": 1.2432,
  "maxPB": 2.2512,
  "medianPB": 1.72,
  "hienTaiPB": 2.228275298165903,
  "minPE": 8.4908,
  "maxPE": 14.1838,
  "medianPE": 10.92,
  "hienTaiPE": 13.535611532033846,
  "minPS": 2.0684,
  "maxPS": 3.2511,
  "medianPS": 2.51,
  "hienTaiPS": 2.8078935822667694
}