{
  "minPB": 0.0805,
  "maxPB": 2.8884,
  "medianPB": 0.24,
  "hienTaiPB": 0.3150544074808112,
  "minPE": -13.2359,
  "maxPE": 161.0727,
  "medianPE": -2.45,
  "hienTaiPE": -32.7093,
  "minPS": 0.7332,
  "maxPS": 32.0953,
  "medianPS": 2.12,
  "hienTaiPS": 2.834388954737506
}