{
  "minPB": 0.2688,
  "maxPB": 0.3321,
  "medianPB": 0.3,
  "hienTaiPB": 0.2835489667327301,
  "minPE": -12.9202,
  "maxPE": -10.4592,
  "medianPE": -11.69,
  "hienTaiPE": -11.0744,
  "minPS": 0.7351,
  "maxPS": 31.9013,
  "medianPS": 2.14,
  "hienTaiPS": 2.5509500592637555
}