{
  "minPB": 0.2688,
  "maxPB": 0.3321,
  "medianPB": 0.3,
  "hienTaiPB": 0.2996167415142515,
  "minPE": -12.9202,
  "maxPE": -10.4592,
  "medianPE": -11.69,
  "hienTaiPE": -29.4384,
  "minPS": 0.7351,
  "maxPS": 31.9013,
  "medianPS": 2.14,
  "hienTaiPS": 2.695503895955368
}