{
  "minPB": 0.6422,
  "maxPB": 1.6626,
  "medianPB": 0.98,
  "hienTaiPB": 0.8894380224639689,
  "minPE": 5.3189,
  "maxPE": 18.1141,
  "medianPE": 9.32,
  "hienTaiPE": 11.217287537073261,
  "minPS": 0.0463,
  "maxPS": 0.1274,
  "medianPS": 0.07,
  "hienTaiPS": 0.060153487082874185
}