{
  "minPB": 0.8559,
  "maxPB": 1.0429,
  "medianPB": 0.91,
  "hienTaiPB": 0.9000944968840561,
  "minPE": 10.2101,
  "maxPE": 12.3684,
  "medianPE": 10.9,
  "hienTaiPE": 11.35168334058348,
  "minPS": 0.0465,
  "maxPS": 0.1279,
  "medianPS": 0.07,
  "hienTaiPS": 0.06087419395641428
}