{
  "minPB": 0.6422,
  "maxPB": 1.6626,
  "medianPB": 0.98,
  "hienTaiPB": 0.9062198719444211,
  "minPE": 5.3189,
  "maxPE": 18.1141,
  "medianPE": 9.3,
  "hienTaiPE": 11.42893447173502,
  "minPS": 0.0463,
  "maxPS": 0.1274,
  "medianPS": 0.07,
  "hienTaiPS": 0.06128845853726804
}