{
  "minPB": 0.6422,
  "maxPB": 1.6626,
  "medianPB": 0.98,
  "hienTaiPB": 0.9146107966846472,
  "minPE": 5.3189,
  "maxPE": 18.1141,
  "medianPE": 9.3,
  "hienTaiPE": 11.534757939065901,
  "minPS": 0.0463,
  "maxPS": 0.1274,
  "medianPS": 0.07,
  "hienTaiPS": 0.06185594426446496
}