{
  "minPB": 0.8559,
  "maxPB": 1.0429,
  "medianPB": 0.91,
  "hienTaiPB": 0.8844034676198331,
  "minPE": 10.2101,
  "maxPE": 12.3684,
  "medianPE": 10.89,
  "hienTaiPE": 11.153793456674734,
  "minPS": 0.0465,
  "maxPS": 0.1279,
  "medianPS": 0.07,
  "hienTaiPS": 0.05981299564655603
}