{
  "minPB": 0.1841,
  "maxPB": 0.2184,
  "medianPB": 0.2,
  "hienTaiPB": 0.18863724164305848,
  "minPE": -726.0236,
  "maxPE": 1434.0052,
  "medianPE": -660.02,
  "hienTaiPE": 1434.0052309985765,
  "minPS": 0.0924,
  "maxPS": 2.8501,
  "medianPS": 0.49,
  "hienTaiPS": 0.4347834682927743
}