{
  "minPB": 0.1841,
  "maxPB": 0.2184,
  "medianPB": 0.2,
  "hienTaiPB": 0.1956863175149833,
  "minPE": -726.0236,
  "maxPE": 1434.0052,
  "medianPE": -660.02,
  "hienTaiPE": 1487.5917422622076,
  "minPS": 0.0924,
  "maxPS": 2.8501,
  "medianPS": 0.49,
  "hienTaiPS": 0.4510306400026622
}