{
  "minPB": 0.1985,
  "maxPB": 8.0912,
  "medianPB": 0.93,
  "hienTaiPB": 0.19856551751900892,
  "minPE": -660.0215,
  "maxPE": 63910.8222,
  "medianPE": 16.05,
  "hienTaiPE": 1509.4791905248173,
  "minPS": 0.0922,
  "maxPS": 2.762,
  "medianPS": 0.5,
  "hienTaiPS": 0.4576668087292361
}