{
  "minPB": 0.1841,
  "maxPB": 0.2184,
  "medianPB": 0.2,
  "hienTaiPB": 0.19856551751900892,
  "minPE": -726.0236,
  "maxPE": 1487.5917,
  "medianPE": -660.02,
  "hienTaiPE": 1509.4791905248173,
  "minPS": 0.0924,
  "maxPS": 2.8501,
  "medianPS": 0.49,
  "hienTaiPS": 0.4576668087292361
}