{
  "minPB": 0.6165,
  "maxPB": 5.2229,
  "medianPB": 1.08,
  "hienTaiPB": 1.1805641582273207,
  "minPE": -47.8936,
  "maxPE": 70.4458,
  "medianPE": 7.88,
  "hienTaiPE": 37.7552385331561,
  "minPS": 0.488,
  "maxPS": 15.1218,
  "medianPS": 1.75,
  "hienTaiPS": 5.495641414790883
}