{
  "minPB": 0.6165,
  "maxPB": 5.1843,
  "medianPB": 1.08,
  "hienTaiPB": 1.2959576473773597,
  "minPE": -47.8936,
  "maxPE": 70.2706,
  "medianPE": 7.92,
  "hienTaiPE": 41.44560019429166,
  "minPS": 0.4864,
  "maxPS": 15.1218,
  "medianPS": 1.72,
  "hienTaiPS": 6.032809372627586
}