{
  "minPB": 0.6165,
  "maxPB": 5.2229,
  "medianPB": 1.08,
  "hienTaiPB": 1.2160698471965634,
  "minPE": -47.8936,
  "maxPE": 70.4458,
  "medianPE": 7.88,
  "hienTaiPE": 38.89073442889012,
  "minPS": 0.4813,
  "maxPS": 15.22,
  "medianPS": 1.72,
  "hienTaiPS": 5.660923863356023
}