{
  "minPB": 0.6165,
  "maxPB": 5.2229,
  "medianPB": 1.08,
  "hienTaiPB": 1.2959576473773597,
  "minPE": -47.8936,
  "maxPE": 70.4458,
  "medianPE": 7.88,
  "hienTaiPE": 41.44560019429166,
  "minPS": 0.4813,
  "maxPS": 15.22,
  "medianPS": 1.72,
  "hienTaiPS": 6.032809372627586
}