{
  "minPB": 0.6165,
  "maxPB": 5.1843,
  "medianPB": 1.08,
  "hienTaiPB": 1.287081225135049,
  "minPE": -47.8936,
  "maxPE": 70.2706,
  "medianPE": 7.91,
  "hienTaiPE": 41.161726220358155,
  "minPS": 0.4864,
  "maxPS": 15.1218,
  "medianPS": 1.72,
  "hienTaiPS": 5.991488760486301
}