{
  "minPB": 0.6165,
  "maxPB": 5.2229,
  "medianPB": 1.08,
  "hienTaiPB": 1.145058469258078,
  "minPE": -47.8936,
  "maxPE": 70.4458,
  "medianPE": 7.88,
  "hienTaiPE": 36.619742637422085,
  "minPS": 0.488,
  "maxPS": 15.1218,
  "medianPS": 1.76,
  "hienTaiPS": 5.330358966225743
}