{
  "minPB": 0.6165,
  "maxPB": 5.2229,
  "medianPB": 1.08,
  "hienTaiPB": 1.2604519584081169,
  "minPE": -47.8936,
  "maxPE": 70.4458,
  "medianPE": 7.89,
  "hienTaiPE": 40.31010429855764,
  "minPS": 0.4813,
  "maxPS": 15.22,
  "medianPS": 1.72,
  "hienTaiPS": 5.867526924062447
}