{
  "minPB": 0.1767,
  "maxPB": 0.8495,
  "medianPB": 0.4,
  "hienTaiPB": 0.39483616926275095,
  "minPE": -164.7249,
  "maxPE": 1249.1538,
  "medianPE": 7.2,
  "hienTaiPE": 408.8364139382378,
  "minPS": 0.204,
  "maxPS": 1.8136,
  "medianPS": 0.38,
  "hienTaiPS": 0.312407052058573
}