{
  "minPB": 0.1767,
  "maxPB": 0.8495,
  "medianPB": 0.4,
  "hienTaiPB": 0.4038097185641771,
  "minPE": -164.7249,
  "maxPE": 1249.1538,
  "medianPE": 6.97,
  "hienTaiPE": 418.1281506186523,
  "minPS": 0.204,
  "maxPS": 1.8136,
  "medianPS": 0.38,
  "hienTaiPS": 0.31950721233263146
}