{
  "minPB": 1.497,
  "maxPB": 1.8746,
  "medianPB": 1.63,
  "hienTaiPB": 1.633056468931865,
  "minPE": 5.9178,
  "maxPE": 9.3915,
  "medianPE": 8.17,
  "hienTaiPE": 6.4557744246781175,
  "minPS": 0.3642,
  "maxPS": 1.4305,
  "medianPS": 0.84,
  "hienTaiPS": 1.033790150517463
}