{
  "minPB": 1.0667,
  "maxPB": 3.901,
  "medianPB": 2.06,
  "hienTaiPB": 2.041320586164831,
  "minPE": -824.2238,
  "maxPE": 252.6587,
  "medianPE": 23.31,
  "hienTaiPE": 8.069718030847646,
  "minPS": 0.3642,
  "maxPS": 1.4305,
  "medianPS": 0.9,
  "hienTaiPS": 1.2922376881468285
}