{
  "minPB": 1.497,
  "maxPB": 1.8746,
  "medianPB": 1.63,
  "hienTaiPB": 1.6806872826090444,
  "minPE": 5.9178,
  "maxPE": 9.3915,
  "medianPE": 8.17,
  "hienTaiPE": 6.644067845397896,
  "minPS": 0.3642,
  "maxPS": 1.4305,
  "medianPS": 0.87,
  "hienTaiPS": 1.0639423632408889
}