{
  "minPB": 1.0667,
  "maxPB": 3.901,
  "medianPB": 2.06,
  "hienTaiPB": 2.6164286393070033,
  "minPE": -824.2238,
  "maxPE": 252.6587,
  "medianPE": 23.51,
  "hienTaiPE": 10.343226590738457,
  "minPS": 0.3642,
  "maxPS": 1.4305,
  "medianPS": 0.9,
  "hienTaiPS": 1.656304119487395
}