{
  "minPB": 0.0981,
  "maxPB": 0.6802,
  "medianPB": 0.29,
  "hienTaiPB": 0.5426156990821996,
  "minPE": 0.3486,
  "maxPE": 140.3596,
  "medianPE": 2.17,
  "hienTaiPE": 38.00760385284981,
  "minPS": 0.0158,
  "maxPS": 0.3441,
  "medianPS": 0.06,
  "hienTaiPS": 0.3873117154672796
}