{
  "minPB": 0.5025,
  "maxPB": 2.5793,
  "medianPB": 1.62,
  "hienTaiPB": 2.601413055298911,
  "minPE": -106.7645,
  "maxPE": 29.3301,
  "medianPE": 8.54,
  "hienTaiPE": 16.48166359315942,
  "minPS": 2.1907,
  "maxPS": 6.5463,
  "medianPS": 3.71,
  "hienTaiPS": 6.351423346984537
}