{
  "minPB": 0.5025,
  "maxPB": 2.5829,
  "medianPB": 1.63,
  "hienTaiPB": 2.594022677300903,
  "minPE": -106.7645,
  "maxPE": 29.3301,
  "medianPE": 8.55,
  "hienTaiPE": 16.43484068522431,
  "minPS": 2.1907,
  "maxPS": 6.5463,
  "medianPS": 3.71,
  "hienTaiPS": 6.333379530657876
}