{
  "minPB": 0.5025,
  "maxPB": 2.5771,
  "medianPB": 1.62,
  "hienTaiPB": 2.56446116530887,
  "minPE": -106.7645,
  "maxPE": 29.4678,
  "medianPE": 8.54,
  "hienTaiPE": 16.247549053483862,
  "minPS": 2.1907,
  "maxPS": 6.5463,
  "medianPS": 3.71,
  "hienTaiPS": 6.261204265351234
}