{
  "minPB": 0.5025,
  "maxPB": 2.5808,
  "medianPB": 1.62,
  "hienTaiPB": 2.5866322993028947,
  "minPE": -106.7645,
  "maxPE": 29.3301,
  "medianPE": 8.55,
  "hienTaiPE": 16.388017777289196,
  "minPS": 2.1907,
  "maxPS": 6.5463,
  "medianPS": 3.71,
  "hienTaiPS": 6.315335714331216
}