{
  "minPB": 0.5025,
  "maxPB": 2.5793,
  "medianPB": 1.62,
  "hienTaiPB": 2.6124986222959237,
  "minPE": -106.7645,
  "maxPE": 29.3301,
  "medianPE": 8.54,
  "hienTaiPE": 16.55189795506209,
  "minPS": 2.1907,
  "maxPS": 6.5463,
  "medianPS": 3.71,
  "hienTaiPS": 6.378489071474528
}