{
  "minPB": 0.5025,
  "maxPB": 2.5771,
  "medianPB": 1.62,
  "hienTaiPB": 2.4979477633267955,
  "minPE": -106.7645,
  "maxPE": 29.6055,
  "medianPE": 8.54,
  "hienTaiPE": 15.826142882067852,
  "minPS": 2.1924,
  "maxPS": 6.531,
  "medianPS": 3.73,
  "hienTaiPS": 6.098809918411288
}