{
  "minPB": 0.5025,
  "maxPB": 2.5771,
  "medianPB": 1.62,
  "hienTaiPB": 2.5829371103038907,
  "minPE": -106.7645,
  "maxPE": 29.3301,
  "medianPE": 8.54,
  "hienTaiPE": 16.36460632332164,
  "minPS": 2.1907,
  "maxPS": 6.5463,
  "medianPS": 3.71,
  "hienTaiPS": 6.306313806167885
}