{
  "minPB": 0.5012,
  "maxPB": 1.4124,
  "medianPB": 0.9,
  "hienTaiPB": 1.1782355939841471,
  "minPE": 4.1035,
  "maxPE": 98.3616,
  "medianPE": 9.57,
  "hienTaiPE": 10.829667885287526,
  "minPS": 0.3989,
  "maxPS": 1.0959,
  "medianPS": 0.62,
  "hienTaiPS": 0.6064130377578341
}