{
  "minPB": 0.9603,
  "maxPB": 1.1651,
  "medianPB": 1.04,
  "hienTaiPB": 1.1125347244311277,
  "minPE": 8.1276,
  "maxPE": 10.7089,
  "medianPE": 8.84,
  "hienTaiPE": 10.225783058970377,
  "minPS": 0.3989,
  "maxPS": 1.1108,
  "medianPS": 0.61,
  "hienTaiPS": 0.5725981843512634
}