{
  "minPB": 0.9603,
  "maxPB": 1.1651,
  "medianPB": 1.05,
  "hienTaiPB": 1.1417059105126683,
  "minPE": 8.1276,
  "maxPE": 10.7089,
  "medianPE": 8.86,
  "hienTaiPE": 10.49390792185519,
  "minPS": 0.3989,
  "maxPS": 1.1108,
  "medianPS": 0.61,
  "hienTaiPS": 0.5876119792637808
}