{
  "minPB": 0.5012,
  "maxPB": 1.4124,
  "medianPB": 0.9,
  "hienTaiPB": 1.1037746084907252,
  "minPE": 4.1035,
  "maxPE": 98.3616,
  "medianPE": 9.57,
  "hienTaiPE": 10.14526508212809,
  "minPS": 0.3989,
  "maxPS": 1.0959,
  "medianPS": 0.62,
  "hienTaiPS": 0.5680895372303874
}