{
  "minPB": 0.9603,
  "maxPB": 1.1651,
  "medianPB": 1.06,
  "hienTaiPB": 1.1628177899290384,
  "minPE": 8.1276,
  "maxPE": 10.7089,
  "medianPE": 8.93,
  "hienTaiPE": 10.6879562460451,
  "minPS": 0.3989,
  "maxPS": 1.1108,
  "medianPS": 0.61,
  "hienTaiPS": 0.5984778188250922
}