{
  "minPB": 0.5012,
  "maxPB": 1.4124,
  "medianPB": 0.9,
  "hienTaiPB": 1.1212948403715302,
  "minPE": 4.1035,
  "maxPE": 98.3616,
  "medianPE": 9.54,
  "hienTaiPE": 10.306301035812663,
  "minPS": 0.3989,
  "maxPS": 1.0959,
  "medianPS": 0.62,
  "hienTaiPS": 0.5771068314721395
}