{
  "minPB": 0.9603,
  "maxPB": 1.1651,
  "medianPB": 1.05,
  "hienTaiPB": 1.1504660264530708,
  "minPE": 8.1276,
  "maxPE": 10.7089,
  "medianPE": 8.9,
  "hienTaiPE": 10.574425898697477,
  "minPS": 0.3989,
  "maxPS": 1.1108,
  "medianPS": 0.61,
  "hienTaiPS": 0.5921206263846569
}