{
  "minPB": 0.5461,
  "maxPB": 3.6166,
  "medianPB": 0.76,
  "hienTaiPB": 0.6002830536044677,
  "minPE": -118.9032,
  "maxPE": 85.992,
  "medianPE": 5.08,
  "hienTaiPE": 43.80303313762424,
  "minPS": 0.6437,
  "maxPS": 6.8942,
  "medianPS": 1.84,
  "hienTaiPS": 1.6068072490311764
}