{
  "minPB": 0.5461,
  "maxPB": 3.6413,
  "medianPB": 0.76,
  "hienTaiPB": 0.5832939105779261,
  "minPE": -118.9032,
  "maxPE": 85.992,
  "medianPE": 5.02,
  "hienTaiPE": 42.56332465259714,
  "minPS": 0.6437,
  "maxPS": 6.8942,
  "medianPS": 1.82,
  "hienTaiPS": 1.5613315721718035
}