{
  "minPB": 0.5461,
  "maxPB": 3.6166,
  "medianPB": 0.76,
  "hienTaiPB": 0.5776308629024123,
  "minPE": -118.9032,
  "maxPE": 85.992,
  "medianPE": 5.11,
  "hienTaiPE": 42.15008849092143,
  "minPS": 0.6437,
  "maxPS": 6.8942,
  "medianPS": 1.83,
  "hienTaiPS": 1.5461730132186793
}