{
  "minPB": 0.5461,
  "maxPB": 3.6166,
  "medianPB": 0.76,
  "hienTaiPB": 0.5946200059289538,
  "minPE": -118.9032,
  "maxPE": 85.992,
  "medianPE": 5.11,
  "hienTaiPE": 43.389796975948535,
  "minPS": 0.6437,
  "maxPS": 6.8942,
  "medianPS": 1.84,
  "hienTaiPS": 1.5916486900780522
}