{
  "minPB": 0.5461,
  "maxPB": 3.6413,
  "medianPB": 0.76,
  "hienTaiPB": 0.58895695825344,
  "minPE": -118.9032,
  "maxPE": 85.992,
  "medianPE": 5.04,
  "hienTaiPE": 42.97656081427284,
  "minPS": 0.6437,
  "maxPS": 6.8942,
  "medianPS": 1.82,
  "hienTaiPS": 1.5764901311249278
}