{
  "minPB": 0.2428,
  "maxPB": 9.657,
  "medianPB": 0.55,
  "hienTaiPB": 15.62866931443961,
  "minPE": -66.9035,
  "maxPE": 97.5982,
  "medianPE": -0.41,
  "hienTaiPE": 100.18825724509813,
  "minPS": 0.1525,
  "maxPS": 42.3348,
  "medianPS": 2.12,
  "hienTaiPS": 5.224214842152665
}