{
  "minPB": 0.2427,
  "maxPB": 9.6123,
  "medianPB": 0.55,
  "hienTaiPB": 14.508400421160156,
  "minPE": -66.5339,
  "maxPE": 74.7357,
  "medianPE": -0.41,
  "hienTaiPE": 6.259890258186736,
  "minPS": 0.1525,
  "maxPS": 44.2591,
  "medianPS": 2.08,
  "hienTaiPS": 4.269356320603128
}