{
  "minPB": 0.2428,
  "maxPB": 9.657,
  "medianPB": 0.55,
  "hienTaiPB": 16.16125616534296,
  "minPE": -66.9035,
  "maxPE": 97.5982,
  "medianPE": -0.41,
  "hienTaiPE": 103.60242817354448,
  "minPS": 0.1525,
  "maxPS": 42.3348,
  "medianPS": 2.12,
  "hienTaiPS": 5.402243315034483
}