{
  "minPB": 0.2428,
  "maxPB": 9.7216,
  "medianPB": 0.55,
  "hienTaiPB": 15.610304250615359,
  "minPE": -66.9035,
  "maxPE": 97.5982,
  "medianPE": -0.41,
  "hienTaiPE": 6.73532496134016,
  "minPS": 0.1525,
  "maxPS": 42.3348,
  "medianPS": 2.12,
  "hienTaiPS": 4.593611231028682
}