{
  "minPB": 0.2428,
  "maxPB": 9.657,
  "medianPB": 0.55,
  "hienTaiPB": 15.51847893149409,
  "minPE": -66.9035,
  "maxPE": 97.5982,
  "medianPE": -0.41,
  "hienTaiPE": 6.695705402744041,
  "minPS": 0.1525,
  "maxPS": 42.3348,
  "medianPS": 2.12,
  "hienTaiPS": 4.566589988493219
}