{
  "minPB": 0.2427,
  "maxPB": 9.6172,
  "medianPB": 0.55,
  "hienTaiPB": 15.481748803845585,
  "minPE": -66.9036,
  "maxPE": 75.4631,
  "medianPE": -0.41,
  "hienTaiPE": 6.679857579305594,
  "minPS": 0.1525,
  "maxPS": 44.5101,
  "medianPS": 2.08,
  "hienTaiPS": 4.555781491479034
}