{
  "minPB": 0.6791,
  "maxPB": 2.6287,
  "medianPB": 1.35,
  "hienTaiPB": 0.7692959588006812,
  "minPE": -21.3494,
  "maxPE": 96.2454,
  "medianPE": 9.87,
  "hienTaiPE": 16.775800094622117,
  "minPS": 0.6592,
  "maxPS": 13.6274,
  "medianPS": 2.59,
  "hienTaiPS": 1.5301130333196635
}