{
  "minPB": 0.6791,
  "maxPB": 2.6287,
  "medianPB": 1.35,
  "hienTaiPB": 1.2911999228872082,
  "minPE": -21.3495,
  "maxPE": 96.2454,
  "medianPE": 9.87,
  "hienTaiPE": 28.156799136597925,
  "minPS": 0.6588,
  "maxPS": 13.6487,
  "medianPS": 2.77,
  "hienTaiPS": 2.5681687366603545
}