{
  "minPB": 0.6791,
  "maxPB": 2.6287,
  "medianPB": 1.35,
  "hienTaiPB": 1.2821388707967716,
  "minPE": -21.3374,
  "maxPE": 95.823,
  "medianPE": 9.88,
  "hienTaiPE": 27.95920756370952,
  "minPS": 0.6592,
  "maxPS": 13.6487,
  "medianPS": 2.77,
  "hienTaiPS": 2.550146499911861
}