{
  "minPB": 0.6791,
  "maxPB": 2.6287,
  "medianPB": 1.35,
  "hienTaiPB": 1.3274441312489544,
  "minPE": -21.3374,
  "maxPE": 95.823,
  "medianPE": 9.87,
  "hienTaiPE": 28.94716542815155,
  "minPS": 0.6588,
  "maxPS": 13.6487,
  "medianPS": 2.77,
  "hienTaiPS": 2.6402576836543292
}