{
  "minPB": 0.6791,
  "maxPB": 2.6287,
  "medianPB": 1.35,
  "hienTaiPB": 1.3093220270680812,
  "minPE": -21.3374,
  "maxPE": 95.823,
  "medianPE": 9.87,
  "hienTaiPE": 28.551982282374738,
  "minPS": 0.659,
  "maxPS": 13.6487,
  "medianPS": 2.77,
  "hienTaiPS": 2.604213210157342
}