{
  "minPB": 0.6791,
  "maxPB": 2.6287,
  "medianPB": 1.35,
  "hienTaiPB": 1.3183830791585178,
  "minPE": -21.3374,
  "maxPE": 95.823,
  "medianPE": 9.87,
  "hienTaiPE": 28.749573855263144,
  "minPS": 0.6588,
  "maxPS": 13.6487,
  "medianPS": 2.77,
  "hienTaiPS": 2.6222354469058358
}