{
  "minPB": 0.6791,
  "maxPB": 2.6287,
  "medianPB": 1.35,
  "hienTaiPB": 1.304791501022863,
  "minPE": -21.3494,
  "maxPE": 96.2454,
  "medianPE": 9.87,
  "hienTaiPE": 28.453186495930535,
  "minPS": 0.6592,
  "maxPS": 13.6274,
  "medianPS": 2.59,
  "hienTaiPS": 2.5952020917830954
}