{
  "minPB": 0.6791,
  "maxPB": 2.6287,
  "medianPB": 1.35,
  "hienTaiPB": 1.2504251884802438,
  "minPE": -21.3374,
  "maxPE": 95.823,
  "medianPE": 9.88,
  "hienTaiPE": 27.267637058600098,
  "minPS": 0.6592,
  "maxPS": 13.6487,
  "medianPS": 2.77,
  "hienTaiPS": 2.487068671292133
}