{
  "minPB": 0.6791,
  "maxPB": 2.6287,
  "medianPB": 1.35,
  "hienTaiPB": 0.7640087013518793,
  "minPE": -21.3494,
  "maxPE": 96.2454,
  "medianPE": 9.86,
  "hienTaiPE": 16.660502499470073,
  "minPS": 0.6592,
  "maxPS": 13.6274,
  "medianPS": 2.59,
  "hienTaiPS": 1.5195967925408342
}