{
  "minPB": 1.3262,
  "maxPB": 1.7141,
  "medianPB": 1.34,
  "hienTaiPB": 1.7485265372418706,
  "minPE": 7.2462,
  "maxPE": 8.1464,
  "medianPE": 7.34,
  "hienTaiPE": 8.30986640766002,
  "minPS": 0.2947,
  "maxPS": 1.2402,
  "medianPS": 0.49,
  "hienTaiPS": 0.6478740850066143
}