{
  "minPB": 1.3262,
  "maxPB": 1.5599,
  "medianPB": 1.34,
  "hienTaiPB": 1.6438682580398218,
  "minPE": 7.2462,
  "maxPE": 7.4854,
  "medianPE": 7.34,
  "hienTaiPE": 7.8124782925236795,
  "minPS": 0.2947,
  "maxPS": 1.2402,
  "medianPS": 0.49,
  "hienTaiPS": 0.6090954989044265
}