{
  "minPB": 0.8838,
  "maxPB": 2.2373,
  "medianPB": 1.37,
  "hienTaiPB": 1.653200843446374,
  "minPE": 3.4234,
  "maxPE": 18.6466,
  "medianPE": 7.25,
  "hienTaiPE": 7.856831372854308,
  "minPS": 0.2947,
  "maxPS": 1.2473,
  "medianPS": 0.49,
  "hienTaiPS": 0.6125534619963413
}