{
  "minPB": 1.3262,
  "maxPB": 1.5599,
  "medianPB": 1.34,
  "hienTaiPB": 1.559874989380853,
  "minPE": 7.2462,
  "maxPE": 7.4679,
  "medianPE": 7.34,
  "hienTaiPE": 7.413300569548017,
  "minPS": 0.2947,
  "maxPS": 1.2402,
  "medianPS": 0.49,
  "hienTaiPS": 0.577973831077193
}