{
  "minPB": 0.8838,
  "maxPB": 2.2373,
  "medianPB": 1.37,
  "hienTaiPB": 1.6198701812801164,
  "minPE": 3.4234,
  "maxPE": 18.6466,
  "medianPE": 7.25,
  "hienTaiPE": 7.698427514530633,
  "minPS": 0.2947,
  "maxPS": 1.2473,
  "medianPS": 0.49,
  "hienTaiPS": 0.6002035938109312
}