{
  "minPB": 1.3262,
  "maxPB": 1.6439,
  "medianPB": 1.34,
  "hienTaiPB": 1.7141292938862929,
  "minPE": 7.2462,
  "maxPE": 7.8125,
  "medianPE": 7.34,
  "hienTaiPE": 8.146393625869987,
  "minPS": 0.2947,
  "maxPS": 1.2402,
  "medianPS": 0.49,
  "hienTaiPS": 0.635129021039271
}