{
  "minPB": 0.7471,
  "maxPB": 2.9909,
  "medianPB": 1.67,
  "hienTaiPB": 1.401432416316952,
  "minPE": 4.089,
  "maxPE": 24.4192,
  "medianPE": 12.66,
  "hienTaiPE": 15.798620292984479,
  "minPS": 0.3857,
  "maxPS": 3.6124,
  "medianPS": 1.5,
  "hienTaiPS": 1.5019074423327394
}