{
  "minPB": 0.7471,
  "maxPB": 2.9909,
  "medianPB": 1.67,
  "hienTaiPB": 1.4246239693056486,
  "minPE": 4.089,
  "maxPE": 24.4192,
  "medianPE": 12.65,
  "hienTaiPE": 16.06006318199368,
  "minPS": 0.3857,
  "maxPS": 3.6124,
  "medianPS": 1.5,
  "hienTaiPS": 1.5267617026077493
}