{
  "minPB": 0.7471,
  "maxPB": 2.9909,
  "medianPB": 1.66,
  "hienTaiPB": 1.3583623893379442,
  "minPE": 4.089,
  "maxPE": 24.4192,
  "medianPE": 12.67,
  "hienTaiPE": 15.31308349911025,
  "minPS": 0.3857,
  "maxPS": 3.6124,
  "medianPS": 1.5,
  "hienTaiPS": 1.4557495303934354
}