{
  "minPB": 0.7471,
  "maxPB": 2.9909,
  "medianPB": 1.67,
  "hienTaiPB": 1.3186054413573214,
  "minPE": 4.089,
  "maxPE": 24.4191,
  "medianPE": 12.64,
  "hienTaiPE": 14.864895689380196,
  "minPS": 0.3865,
  "maxPS": 3.5918,
  "medianPS": 1.52,
  "hienTaiPS": 1.413142227064847
}