{
  "minPB": 0.7471,
  "maxPB": 2.9909,
  "medianPB": 1.67,
  "hienTaiPB": 1.2324653873993054,
  "minPE": 4.089,
  "maxPE": 24.4191,
  "medianPE": 12.63,
  "hienTaiPE": 13.89382210163174,
  "minPS": 0.3865,
  "maxPS": 3.5918,
  "medianPS": 1.52,
  "hienTaiPS": 1.320826403186239
}