{
  "minPB": 0.7471,
  "maxPB": 2.9909,
  "medianPB": 1.67,
  "hienTaiPB": 1.4179978113088783,
  "minPE": 4.089,
  "maxPE": 24.4192,
  "medianPE": 12.66,
  "hienTaiPE": 15.985365213705336,
  "minPS": 0.3857,
  "maxPS": 3.6124,
  "medianPS": 1.5,
  "hienTaiPS": 1.5196604853863178
}