{
  "minPB": 0.3316,
  "maxPB": 1.0629,
  "medianPB": 0.66,
  "hienTaiPB": 0.7229676151184657,
  "minPE": 4.7335,
  "maxPE": 161.5176,
  "medianPE": 14.7,
  "hienTaiPE": 20.041342771475076,
  "minPS": 0.0644,
  "maxPS": 0.8698,
  "medianPS": 0.26,
  "hienTaiPS": 0.061400570604706745
}