{
  "minPB": 0.7943,
  "maxPB": 2.3405,
  "medianPB": 1.3,
  "hienTaiPB": 1.5411079160548342,
  "minPE": 3.2489,
  "maxPE": 8.0698,
  "medianPE": 6.17,
  "hienTaiPE": 9.333117183281544,
  "minPS": 0.1222,
  "maxPS": 0.5107,
  "medianPS": 0.37,
  "hienTaiPS": 0.3797970163156119
}