{
  "minPB": 0.7943,
  "maxPB": 2.3395,
  "medianPB": 1.3,
  "hienTaiPB": 1.5535016642426644,
  "minPE": 3.2707,
  "maxPE": 8.0831,
  "medianPE": 6.18,
  "hienTaiPE": 9.001660685183696,
  "minPS": 0.1229,
  "maxPS": 0.5104,
  "medianPS": 0.36,
  "hienTaiPS": 0.36630889797916966
}