{
  "minPB": 0.7943,
  "maxPB": 2.3395,
  "medianPB": 1.3,
  "hienTaiPB": 1.5354376914026333,
  "minPE": 3.2707,
  "maxPE": 8.0915,
  "medianPE": 6.19,
  "hienTaiPE": 8.896990212100164,
  "minPS": 0.1229,
  "maxPS": 0.51,
  "medianPS": 0.36,
  "hienTaiPS": 0.3620494921887142
}