{
  "minPB": 0.7943,
  "maxPB": 2.3405,
  "medianPB": 1.3,
  "hienTaiPB": 1.4719741029981688,
  "minPE": 3.2489,
  "maxPE": 8.0758,
  "medianPE": 6.18,
  "hienTaiPE": 8.91443529094742,
  "minPS": 0.1222,
  "maxPS": 0.5107,
  "medianPS": 0.37,
  "hienTaiPS": 0.3627593931537901
}