{
  "minPB": 0.7943,
  "maxPB": 2.3405,
  "medianPB": 1.3,
  "hienTaiPB": 1.5526302182309453,
  "minPE": 3.2489,
  "maxPE": 8.0735,
  "medianPE": 6.17,
  "hienTaiPE": 9.402897498670566,
  "minPS": 0.1222,
  "maxPS": 0.5107,
  "medianPS": 0.37,
  "hienTaiPS": 0.3826366201759156
}