{
  "minPB": 0.8115,
  "maxPB": 2.1793,
  "medianPB": 1.26,
  "hienTaiPB": 1.3539630601223147,
  "minPE": 3.5828,
  "maxPE": 8.1946,
  "medianPE": 5.87,
  "hienTaiPE": 7.011508802417014,
  "minPS": 0.183,
  "maxPS": 0.5369,
  "medianPS": 0.31,
  "hienTaiPS": 0.4101720070420117
}