{
  "minPB": 0.8069,
  "maxPB": 2.1793,
  "medianPB": 1.26,
  "hienTaiPB": 1.347972073130623,
  "minPE": 3.5554,
  "maxPE": 8.1946,
  "medianPE": 5.87,
  "hienTaiPE": 6.98048442718508,
  "minPS": 0.1816,
  "maxPS": 0.5374,
  "medianPS": 0.29,
  "hienTaiPS": 0.40835708665687004
}