{
  "minPB": 0.8069,
  "maxPB": 2.1793,
  "medianPB": 1.26,
  "hienTaiPB": 1.3719360210973897,
  "minPE": 3.5554,
  "maxPE": 8.1946,
  "medianPE": 5.87,
  "hienTaiPE": 7.104581928112815,
  "minPS": 0.1816,
  "maxPS": 0.5374,
  "medianPS": 0.29,
  "hienTaiPS": 0.4156167681974366
}