{
  "minPB": 1.3996,
  "maxPB": 2.4515,
  "medianPB": 1.64,
  "hienTaiPB": 2.025382361785714,
  "minPE": 9.0321,
  "maxPE": 14.7724,
  "medianPE": 11.09,
  "hienTaiPE": 12.56998275446582,
  "minPS": 2.1705,
  "maxPS": 4.5901,
  "medianPS": 3.35,
  "hienTaiPS": 3.794305264772289
}