{
  "minPB": 1.3996,
  "maxPB": 2.4515,
  "medianPB": 1.64,
  "hienTaiPB": 2.070027871551994,
  "minPE": 9.0321,
  "maxPE": 14.7724,
  "medianPE": 11.08,
  "hienTaiPE": 12.835347185931523,
  "minPS": 2.0982,
  "maxPS": 4.5859,
  "medianPS": 3.37,
  "hienTaiPS": 3.885148950861271
}