{
  "minPB": 0.9734,
  "maxPB": 1.957,
  "medianPB": 1.23,
  "hienTaiPB": 1.1462944947606695,
  "minPE": 1.9274,
  "maxPE": 17.1998,
  "medianPE": 9.06,
  "hienTaiPE": 5.9882162579818115,
  "minPS": 0.0249,
  "maxPS": 0.1486,
  "medianPS": 0.06,
  "hienTaiPS": 0.048959300429424
}