{
  "minPB": 0.9734,
  "maxPB": 1.9545,
  "medianPB": 1.23,
  "hienTaiPB": 1.168338619659913,
  "minPE": 1.88,
  "maxPE": 17.1998,
  "medianPE": 8.74,
  "hienTaiPE": 6.103374262943,
  "minPS": 0.0249,
  "maxPS": 0.1486,
  "medianPS": 0.06,
  "hienTaiPS": 0.04990082543768216
}