{
  "minPB": 0.9734,
  "maxPB": 1.9545,
  "medianPB": 1.23,
  "hienTaiPB": 1.149233711413902,
  "minPE": 1.88,
  "maxPE": 17.1998,
  "medianPE": 9.06,
  "hienTaiPE": 6.003570658643303,
  "minPS": 0.0249,
  "maxPS": 0.1486,
  "medianPS": 0.06,
  "hienTaiPS": 0.049084837097191754
}