{
  "minPB": 0.9734,
  "maxPB": 1.957,
  "medianPB": 1.23,
  "hienTaiPB": 1.1022062449621821,
  "minPE": 1.9274,
  "maxPE": 17.1998,
  "medianPE": 9.06,
  "hienTaiPE": 5.757900248059434,
  "minPS": 0.0249,
  "maxPS": 0.1486,
  "medianPS": 0.06,
  "hienTaiPS": 0.047076250412907694
}