{
  "minPB": 0.563,
  "maxPB": 2.3923,
  "medianPB": 1.17,
  "hienTaiPB": 2.0633490533716414,
  "minPE": 3.8281,
  "maxPE": 30.0723,
  "medianPE": 9.92,
  "hienTaiPE": 9.850919021446806,
  "minPS": 0.184,
  "maxPS": 0.4527,
  "medianPS": 0.26,
  "hienTaiPS": 0.4039282628163935
}