{
  "minPB": 0.5631,
  "maxPB": 2.3923,
  "medianPB": 1.17,
  "hienTaiPB": 2.3690303946118845,
  "minPE": 3.8281,
  "maxPE": 30.0723,
  "medianPE": 9.99,
  "hienTaiPE": 11.310314432031518,
  "minPS": 0.184,
  "maxPS": 0.4592,
  "medianPS": 0.26,
  "hienTaiPS": 0.46376948693734066
}