{
  "minPB": 0.563,
  "maxPB": 2.3923,
  "medianPB": 1.17,
  "hienTaiPB": 2.139769388681702,
  "minPE": 3.8281,
  "maxPE": 30.0723,
  "medianPE": 9.99,
  "hienTaiPE": 10.215767874092984,
  "minPS": 0.1835,
  "maxPS": 0.4527,
  "medianPS": 0.26,
  "hienTaiPS": 0.4188885688466303
}