{
  "minPB": 0.5631,
  "maxPB": 2.3923,
  "medianPB": 1.17,
  "hienTaiPB": 2.2060003459504216,
  "minPE": 3.8281,
  "maxPE": 30.0723,
  "medianPE": 9.93,
  "hienTaiPE": 10.531970213053006,
  "minPS": 0.184,
  "maxPS": 0.4527,
  "medianPS": 0.26,
  "hienTaiPS": 0.43185416740616883
}