{
  "minPB": 0.7504,
  "maxPB": 0.8981,
  "medianPB": 0.79,
  "hienTaiPB": 0.8699341530050232,
  "minPE": 6.9082,
  "maxPE": 8.2653,
  "medianPE": 7.3,
  "hienTaiPE": 8.006051452553816,
  "minPS": 1.8013,
  "maxPS": 6.1207,
  "medianPS": 2.47,
  "hienTaiPS": 3.0513775219596666
}