{
  "minPB": 0.7504,
  "maxPB": 0.8581,
  "medianPB": 0.79,
  "hienTaiPB": 0.8962004535313955,
  "minPE": 6.9082,
  "maxPE": 7.8968,
  "medianPE": 7.28,
  "hienTaiPE": 8.24778164874852,
  "minPS": 1.8013,
  "maxPS": 6.1207,
  "medianPS": 2.47,
  "hienTaiPS": 3.143509091612786
}