{
  "minPB": 0.6904,
  "maxPB": 1.8668,
  "medianPB": 0.92,
  "hienTaiPB": 0.9343366430433697,
  "minPE": 5.8149,
  "maxPE": 66.2032,
  "medianPE": 8.56,
  "hienTaiPE": 8.598751080610159,
  "minPS": 1.7967,
  "maxPS": 6.1263,
  "medianPS": 2.47,
  "hienTaiPS": 3.277275435936734
}