{
  "minPB": 0.6904,
  "maxPB": 1.8668,
  "medianPB": 0.92,
  "hienTaiPB": 0.917795070842551,
  "minPE": 5.8149,
  "maxPE": 66.2032,
  "medianPE": 8.56,
  "hienTaiPE": 8.446518089540174,
  "minPS": 1.7967,
  "maxPS": 6.1263,
  "medianPS": 2.46,
  "hienTaiPS": 3.219254284086222
}