{
  "minPB": 0.7504,
  "maxPB": 0.8981,
  "medianPB": 0.79,
  "hienTaiPB": 0.8741291338513404,
  "minPE": 6.9082,
  "maxPE": 8.2653,
  "medianPE": 7.3,
  "hienTaiPE": 8.044658090058595,
  "minPS": 1.8013,
  "maxPS": 6.1207,
  "medianPS": 2.47,
  "hienTaiPS": 3.066091819835301
}