{
  "minPB": 0.6904,
  "maxPB": 1.8668,
  "medianPB": 0.92,
  "hienTaiPB": 0.9123129936002047,
  "minPE": 5.8149,
  "maxPE": 66.2032,
  "medianPE": 8.56,
  "hienTaiPE": 8.396066233710062,
  "minPS": 1.7967,
  "maxPS": 6.1263,
  "medianPS": 2.46,
  "hienTaiPS": 3.2000253720896543
}