{
  "minPB": 0,
  "maxPB": 1.6817,
  "medianPB": 0.43,
  "hienTaiPB": 0.5028279968173535,
  "minPE": -172.5533,
  "maxPE": 400.8622,
  "medianPE": 10.89,
  "hienTaiPE": 381.96669060283523,
  "minPS": 0,
  "maxPS": 4.6815,
  "medianPS": 0.82,
  "hienTaiPS": 0.3885837513140177
}