{
  "minPB": 0,
  "maxPB": 1.6817,
  "medianPB": 0.43,
  "hienTaiPB": 0.4878182058675817,
  "minPE": -172.5533,
  "maxPE": 400.8622,
  "medianPE": 10.89,
  "hienTaiPE": 370.56469983857147,
  "minPS": 0,
  "maxPS": 4.6815,
  "medianPS": 0.82,
  "hienTaiPS": 0.37698423634942013
}