{
  "minPB": 0,
  "maxPB": 1.6817,
  "medianPB": 0.43,
  "hienTaiPB": 0.45779862396803817,
  "minPE": -172.5533,
  "maxPE": 400.8622,
  "medianPE": 10.89,
  "hienTaiPE": 347.760718310044,
  "minPS": 0,
  "maxPS": 4.6815,
  "medianPS": 0.82,
  "hienTaiPS": 0.35378520642022504
}