{
  "minPB": 0.2969,
  "maxPB": 1.7347,
  "medianPB": 0.45,
  "hienTaiPB": 0.4803133103926958,
  "minPE": -186.9328,
  "maxPE": 411.4112,
  "medianPE": 14.69,
  "hienTaiPE": 364.8637044564396,
  "minPS": 0.3609,
  "maxPS": 4.9098,
  "medianPS": 1,
  "hienTaiPS": 0.37118447886712136
}