{
  "minPB": 0,
  "maxPB": 1.6817,
  "medianPB": 0.43,
  "hienTaiPB": 0.49532310134246754,
  "minPE": -172.5533,
  "maxPE": 400.8622,
  "medianPE": 10.89,
  "hienTaiPE": 376.2656952207033,
  "minPS": 0,
  "maxPS": 4.6815,
  "medianPS": 0.82,
  "hienTaiPS": 0.3827839938317189
}