{
  "minPB": 0.9901,
  "maxPB": 1.4899,
  "medianPB": 1.02,
  "hienTaiPB": 1.483750931601917,
  "minPE": 7.745,
  "maxPE": 11.6837,
  "medianPE": 7.96,
  "hienTaiPE": 11.635444722252723,
  "minPS": 0.0926,
  "maxPS": 0.4406,
  "medianPS": 0.21,
  "hienTaiPS": 0.45226641899009773
}