{
  "minPB": 0.5711,
  "maxPB": 1.4402,
  "medianPB": 0.93,
  "hienTaiPB": 1.5078171778455165,
  "minPE": 4.232,
  "maxPE": 13.8194,
  "medianPE": 6.29,
  "hienTaiPE": 11.824170115359774,
  "minPS": 0.0926,
  "maxPS": 0.3716,
  "medianPS": 0.21,
  "hienTaiPS": 0.45960212121296035
}