{
  "minPB": 0.5711,
  "maxPB": 1.4402,
  "medianPB": 0.93,
  "hienTaiPB": 1.4707150482199673,
  "minPE": 4.232,
  "maxPE": 13.8194,
  "medianPE": 6.29,
  "hienTaiPE": 11.533218467653072,
  "minPS": 0.0926,
  "maxPS": 0.3716,
  "medianPS": 0.2,
  "hienTaiPS": 0.4482929136193805
}