{
  "minPB": 0.5711,
  "maxPB": 1.4402,
  "medianPB": 0.93,
  "hienTaiPB": 1.5058116573252165,
  "minPE": 4.232,
  "maxPE": 13.8194,
  "medianPE": 6.29,
  "hienTaiPE": 11.80844299926752,
  "minPS": 0.0926,
  "maxPS": 0.3716,
  "medianPS": 0.21,
  "hienTaiPS": 0.45899081269438846
}