{
  "minPB": 0.9901,
  "maxPB": 1.4774,
  "medianPB": 1.01,
  "hienTaiPB": 1.4640299798189675,
  "minPE": 7.745,
  "maxPE": 11.5856,
  "medianPE": 7.93,
  "hienTaiPE": 11.480794747345557,
  "minPS": 0.0926,
  "maxPS": 0.4381,
  "medianPS": 0.21,
  "hienTaiPS": 0.44625521855747424
}