{
  "minPB": 0.9901,
  "maxPB": 1.4774,
  "medianPB": 1.01,
  "hienTaiPB": 1.4619576086146575,
  "minPE": 7.745,
  "maxPE": 11.5856,
  "medianPE": 7.94,
  "hienTaiPE": 11.464543394050228,
  "minPS": 0.0926,
  "maxPS": 0.4381,
  "medianPS": 0.21,
  "hienTaiPS": 0.4456235330882833
}