{
  "minPB": 0.5711,
  "maxPB": 1.4402,
  "medianPB": 0.93,
  "hienTaiPB": 1.5041403902249666,
  "minPE": 4.232,
  "maxPE": 13.8194,
  "medianPE": 6.29,
  "hienTaiPE": 11.79533706919064,
  "minPS": 0.0926,
  "maxPS": 0.3716,
  "medianPS": 0.21,
  "hienTaiPS": 0.4584813889289119
}