{
  "minPB": 0.5711,
  "maxPB": 1.4402,
  "medianPB": 0.94,
  "hienTaiPB": 1.6445268266459636,
  "minPE": 4.232,
  "maxPE": 13.8194,
  "medianPE": 6.29,
  "hienTaiPE": 12.896235195648433,
  "minPS": 0.0926,
  "maxPS": 0.3716,
  "medianPS": 0.21,
  "hienTaiPS": 0.5012729852289437
}