{
  "minPB": 2.1557,
  "maxPB": 2.5989,
  "medianPB": 2.33,
  "hienTaiPB": 2.2266783590427397,
  "minPE": 9.4606,
  "maxPE": 10.8814,
  "medianPE": 10.23,
  "hienTaiPE": 9.772247672365761,
  "minPS": 0.398,
  "maxPS": 0.7802,
  "medianPS": 0.59,
  "hienTaiPS": 0.6903766765809793
}