{
  "minPB": 2.1557,
  "maxPB": 2.5989,
  "medianPB": 2.32,
  "hienTaiPB": 2.318701838248216,
  "minPE": 9.4606,
  "maxPE": 10.8814,
  "medianPE": 10.18,
  "hienTaiPE": 10.176112122216217,
  "minPS": 0.398,
  "maxPS": 0.7802,
  "medianPS": 0.59,
  "hienTaiPS": 0.7189083517927543
}