{
  "minPB": 1.6029,
  "maxPB": 4.2936,
  "medianPB": 2.76,
  "hienTaiPB": 2.5353555412595337,
  "minPE": 5.8088,
  "maxPE": 24.9099,
  "medianPE": 8.89,
  "hienTaiPE": 11.126942598635797,
  "minPS": 0.398,
  "maxPS": 0.7802,
  "medianPS": 0.58,
  "hienTaiPS": 0.7860813509133897
}