{
  "minPB": 0.4629,
  "maxPB": 3.7664,
  "medianPB": 1.55,
  "hienTaiPB": 3.3293996723479653,
  "minPE": -5.9063,
  "maxPE": 37.3174,
  "medianPE": 15.82,
  "hienTaiPE": 30.433124719416192,
  "minPS": 0.0945,
  "maxPS": 1.3892,
  "medianPS": 0.34,
  "hienTaiPS": 1.1973552358935646
}