{
  "minPB": 0.4629,
  "maxPB": 3.7664,
  "medianPB": 1.55,
  "hienTaiPB": 3.2627376099427776,
  "minPE": -5.9063,
  "maxPE": 37.3174,
  "medianPE": 15.82,
  "hienTaiPE": 29.8237851810964,
  "minPS": 0.0945,
  "maxPS": 1.3892,
  "medianPS": 0.34,
  "hienTaiPS": 1.1733814936843496
}