{
  "minPB": 0.4629,
  "maxPB": 3.7561,
  "medianPB": 1.56,
  "hienTaiPB": 3.288661745322573,
  "minPE": -5.7882,
  "maxPE": 37.3165,
  "medianPE": 15.89,
  "hienTaiPE": 30.060750557109653,
  "minPS": 0.0962,
  "maxPS": 1.3665,
  "medianPS": 0.34,
  "hienTaiPS": 1.1827046156546
}