{
  "minPB": 0.4629,
  "maxPB": 3.7561,
  "medianPB": 1.56,
  "hienTaiPB": 3.2738479536769756,
  "minPE": -5.7882,
  "maxPE": 37.3165,
  "medianPE": 15.87,
  "hienTaiPE": 29.925341770816367,
  "minPS": 0.0962,
  "maxPS": 1.3665,
  "medianPS": 0.34,
  "hienTaiPS": 1.1773771173858856
}