{
  "minPB": 0.4629,
  "maxPB": 3.7664,
  "medianPB": 1.55,
  "hienTaiPB": 3.30347553696817,
  "minPE": -5.9063,
  "maxPE": 37.3174,
  "medianPE": 15.85,
  "hienTaiPE": 30.19615934340294,
  "minPS": 0.0948,
  "maxPS": 1.3681,
  "medianPS": 0.34,
  "hienTaiPS": 1.1880321139233143
}