{
  "minPB": 0.4629,
  "maxPB": 3.7613,
  "medianPB": 1.55,
  "hienTaiPB": 3.325696224436566,
  "minPE": -5.8472,
  "maxPE": 37.317,
  "medianPE": 15.87,
  "hienTaiPE": 30.39927252284287,
  "minPS": 0.0955,
  "maxPS": 1.3673,
  "medianPS": 0.34,
  "hienTaiPS": 1.196023361326386
}