{
  "minPB": 0.4629,
  "maxPB": 3.7664,
  "medianPB": 1.55,
  "hienTaiPB": 3.3516203598163608,
  "minPE": -5.9063,
  "maxPE": 37.3174,
  "medianPE": 15.86,
  "hienTaiPE": 30.636237898856123,
  "minPS": 0.0948,
  "maxPS": 1.3681,
  "medianPS": 0.34,
  "hienTaiPS": 1.2053464832966363
}