{
  "minPB": 0.4629,
  "maxPB": 3.7664,
  "medianPB": 1.55,
  "hienTaiPB": 3.3071789848795694,
  "minPE": -5.9063,
  "maxPE": 37.3174,
  "medianPE": 15.83,
  "hienTaiPE": 30.23001153997626,
  "minPS": 0.0945,
  "maxPS": 1.3892,
  "medianPS": 0.34,
  "hienTaiPS": 1.189363988490493
}