{
  "minPB": 0.5134,
  "maxPB": 0.9532,
  "medianPB": 0.7,
  "hienTaiPB": 1.019954378817895,
  "minPE": 0,
  "maxPE": 17.9922,
  "medianPE": 10.06,
  "hienTaiPE": 12.972228586239655,
  "minPS": 0.2323,
  "maxPS": 0.4329,
  "medianPS": 0.35,
  "hienTaiPS": 0.4318410466994011
}