{
  "minPB": 0.5129,
  "maxPB": 0.9436,
  "medianPB": 0.7,
  "hienTaiPB": 0.8977284408603787,
  "minPE": 0,
  "maxPE": 18.0123,
  "medianPE": 9.93,
  "hienTaiPE": 11.417705325905152,
  "minPS": 0.2323,
  "maxPS": 0.4297,
  "medianPS": 0.35,
  "hienTaiPS": 0.3800914997808778
}