{
  "minPB": 0.7755,
  "maxPB": 0.8534,
  "medianPB": 0.83,
  "hienTaiPB": 0.7831732341815755,
  "minPE": 9.8632,
  "maxPE": 12.3261,
  "medianPE": 11.93,
  "hienTaiPE": 9.960741801219227,
  "minPS": 0.2316,
  "maxPS": 0.4329,
  "medianPS": 0.36,
  "hienTaiPS": 0.33158968304827563
}