{
  "minPB": 0.5134,
  "maxPB": 0.9436,
  "medianPB": 0.7,
  "hienTaiPB": 0.9558911285780934,
  "minPE": 0,
  "maxPE": 17.9922,
  "medianPE": 9.93,
  "hienTaiPE": 12.15744398082295,
  "minPS": 0.2323,
  "maxPS": 0.4297,
  "medianPS": 0.35,
  "hienTaiPS": 0.4047171462455544
}