{
  "minPB": 0.7294,
  "maxPB": 0.7515,
  "medianPB": 0.75,
  "hienTaiPB": 0.7294151471330045,
  "minPE": 10.3751,
  "maxPE": 25.6391,
  "medianPE": 25.64,
  "hienTaiPE": 10.375075106006719,
  "minPS": 0.7472,
  "maxPS": 3.4573,
  "medianPS": 1.73,
  "hienTaiPS": 0.6841301136266409
}