{
  "minPB": 0.7338,
  "maxPB": 0.9944,
  "medianPB": 0.78,
  "hienTaiPB": 0.7288869504225066,
  "minPE": -121.007,
  "maxPE": 226.0452,
  "medianPE": 14.35,
  "hienTaiPE": 10.375075106006719,
  "minPS": 0.7472,
  "maxPS": 3.4573,
  "medianPS": 1.74,
  "hienTaiPS": 0.6841301136266409
}