{
  "minPB": 0.2514,
  "maxPB": 2.8001,
  "medianPB": 0.76,
  "hienTaiPB": 0.9479092444938265,
  "minPE": -73.5867,
  "maxPE": 206.8058,
  "medianPE": 6.25,
  "hienTaiPE": 49.849292656549046,
  "minPS": 0.139,
  "maxPS": 4.1754,
  "medianPS": 0.3,
  "hienTaiPS": 1.221821611046448
}