{
  "minPB": 0.2514,
  "maxPB": 2.8001,
  "medianPB": 0.76,
  "hienTaiPB": 0.9127126587232776,
  "minPE": -73.5867,
  "maxPE": 206.8058,
  "medianPE": 6.23,
  "hienTaiPE": 49.423345094403764,
  "minPS": 0.139,
  "maxPS": 4.1754,
  "medianPS": 0.3,
  "hienTaiPS": 1.30478941313871
}