{
  "minPB": 0.2514,
  "maxPB": 2.8001,
  "medianPB": 0.76,
  "hienTaiPB": 0.9772260252513676,
  "minPE": -73.5867,
  "maxPE": 206.8058,
  "medianPE": 6.25,
  "hienTaiPE": 51.39102335726706,
  "minPS": 0.139,
  "maxPS": 4.1754,
  "medianPS": 0.3,
  "hienTaiPS": 1.2596099082953072
}