{
  "minPB": 0.2514,
  "maxPB": 2.8001,
  "medianPB": 0.76,
  "hienTaiPB": 0.9185924637362856,
  "minPE": -73.5867,
  "maxPE": 206.8058,
  "medianPE": 6.23,
  "hienTaiPE": 49.95477891262316,
  "minPS": 0.139,
  "maxPS": 4.1754,
  "medianPS": 0.3,
  "hienTaiPS": 1.3188194068283736
}