{
  "minPB": 0.2514,
  "maxPB": 2.8001,
  "medianPB": 0.76,
  "hienTaiPB": 0.9967705457563949,
  "minPE": -73.5867,
  "maxPE": 206.8058,
  "medianPE": 6.24,
  "hienTaiPE": 52.4188438244124,
  "minPS": 0.139,
  "maxPS": 4.1754,
  "medianPS": 0.3,
  "hienTaiPS": 1.2848021064612134
}