{
  "minPB": 0.2514,
  "maxPB": 2.8001,
  "medianPB": 0.76,
  "hienTaiPB": 1.0065428060089086,
  "minPE": -73.5867,
  "maxPE": 206.8058,
  "medianPE": 6.23,
  "hienTaiPE": 52.93275405798507,
  "minPS": 0.139,
  "maxPS": 4.1754,
  "medianPS": 0.3,
  "hienTaiPS": 1.2973982055441664
}