{
  "minPB": 0.681,
  "maxPB": 2.052,
  "medianPB": 1.12,
  "hienTaiPB": 0.6810237574065138,
  "minPE": 5.4134,
  "maxPE": 14.9546,
  "medianPE": 7.7,
  "hienTaiPE": 14.774289077131526,
  "minPS": 0.0303,
  "maxPS": 0.074,
  "medianPS": 0.05,
  "hienTaiPS": 0.035610538546918986
}