{
  "minPB": 0.6807,
  "maxPB": 2.052,
  "medianPB": 1.12,
  "hienTaiPB": 0.6787637228133506,
  "minPE": 5.4134,
  "maxPE": 14.9546,
  "medianPE": 7.7,
  "hienTaiPE": 14.725259356742816,
  "minPS": 0.0303,
  "maxPS": 0.074,
  "medianPS": 0.05,
  "hienTaiPS": 0.035492361980944694
}