{
  "minPB": 0.681,
  "maxPB": 2.052,
  "medianPB": 1.12,
  "hienTaiPB": 0.6825304471352893,
  "minPE": 5.4134,
  "maxPE": 14.9546,
  "medianPE": 7.7,
  "hienTaiPE": 14.806975557390667,
  "minPS": 0.0303,
  "maxPS": 0.074,
  "medianPS": 0.05,
  "hienTaiPS": 0.03568932292423518
}