{
  "minPB": 0.681,
  "maxPB": 2.052,
  "medianPB": 1.13,
  "hienTaiPB": 0.6930772752367176,
  "minPE": 5.4134,
  "maxPE": 14.7832,
  "medianPE": 7.69,
  "hienTaiPE": 15.035780919204651,
  "minPS": 0.0303,
  "maxPS": 0.0736,
  "medianPS": 0.05,
  "hienTaiPS": 0.036240813565448525
}