{
  "minPB": 0,
  "maxPB": 1.578,
  "medianPB": 1.11,
  "hienTaiPB": 1.1575425634403467,
  "minPE": 0,
  "maxPE": 52.451,
  "medianPE": 17.14,
  "hienTaiPE": 14.188249208720892,
  "minPS": 1.0836,
  "maxPS": 2.1955,
  "medianPS": 1.66,
  "hienTaiPS": 1.4852300466361195
}