{
  "minPB": 0,
  "maxPB": 1.578,
  "medianPB": 1.11,
  "hienTaiPB": 1.184255084135124,
  "minPE": 0,
  "maxPE": 52.451,
  "medianPE": 17.14,
  "hienTaiPE": 14.51567034430676,
  "minPS": 1.0836,
  "maxPS": 2.1955,
  "medianPS": 1.66,
  "hienTaiPS": 1.519504586173876
}