{
  "minPB": 1.0249,
  "maxPB": 1.2137,
  "medianPB": 1.15,
  "hienTaiPB": 1.1931592577000496,
  "minPE": 12.7319,
  "maxPE": 15.0773,
  "medianPE": 14.3,
  "hienTaiPE": 14.624810722835381,
  "minPS": 1.0836,
  "maxPS": 2.1955,
  "medianPS": 1.63,
  "hienTaiPS": 1.5309294326864615
}