{
  "minPB": 1.0249,
  "maxPB": 1.2137,
  "medianPB": 1.15,
  "hienTaiPB": 1.2109676048299012,
  "minPE": 12.7319,
  "maxPE": 15.0773,
  "medianPE": 14.3,
  "hienTaiPE": 14.843091479892625,
  "minPS": 1.0836,
  "maxPS": 2.1955,
  "medianPS": 1.63,
  "hienTaiPS": 1.5537791257116327
}