{
  "minPB": 0.3196,
  "maxPB": 2.4457,
  "medianPB": 1,
  "hienTaiPB": 0.6790332498895371,
  "minPE": -1.3281,
  "maxPE": 31.6759,
  "medianPE": 5.01,
  "hienTaiPE": 11.285085197679924,
  "minPS": 0.0463,
  "maxPS": 0.7857,
  "medianPS": 0.12,
  "hienTaiPS": 0.274133222407086
}