{
  "minPB": 0.3196,
  "maxPB": 2.4457,
  "medianPB": 1,
  "hienTaiPB": 0.6654864518867533,
  "minPE": -1.3281,
  "maxPE": 31.6759,
  "medianPE": 4.99,
  "hienTaiPE": 11.059946340868354,
  "minPS": 0.0463,
  "maxPS": 0.7857,
  "medianPS": 0.12,
  "hienTaiPS": 0.26866423043886484
}