{
  "minPB": 0.3196,
  "maxPB": 2.4457,
  "medianPB": 1,
  "hienTaiPB": 0.6841132991405809,
  "minPE": -1.3281,
  "maxPE": 31.6759,
  "medianPE": 5.01,
  "hienTaiPE": 11.369512268984263,
  "minPS": 0.0463,
  "maxPS": 0.7857,
  "medianPS": 0.12,
  "hienTaiPS": 0.27618409439516894
}