{
  "minPB": 0.3196,
  "maxPB": 2.4457,
  "medianPB": 1,
  "hienTaiPB": 0.6646397770115793,
  "minPE": -1.3308,
  "maxPE": 31.8502,
  "medianPE": 4.99,
  "hienTaiPE": 11.045875162317632,
  "minPS": 0.0469,
  "maxPS": 0.7817,
  "medianPS": 0.12,
  "hienTaiPS": 0.26832241844085103
}