{
  "minPB": 0.3196,
  "maxPB": 2.4457,
  "medianPB": 1,
  "hienTaiPB": 0.6578663780101874,
  "minPE": -1.3308,
  "maxPE": 31.8502,
  "medianPE": 4.99,
  "hienTaiPE": 10.933305733911848,
  "minPS": 0.0469,
  "maxPS": 0.7777,
  "medianPS": 0.12,
  "hienTaiPS": 0.26558792245674046
}