{
  "minPB": 0.3196,
  "maxPB": 2.4457,
  "medianPB": 1,
  "hienTaiPB": 0.6553263533846655,
  "minPE": -1.3308,
  "maxPE": 31.8502,
  "medianPE": 4.99,
  "hienTaiPE": 10.891092198259678,
  "minPS": 0.0469,
  "maxPS": 0.7777,
  "medianPS": 0.12,
  "hienTaiPS": 0.264562486462699
}