{
  "minPB": 1.0731,
  "maxPB": 2.7811,
  "medianPB": 1.72,
  "hienTaiPB": 1.7528171171101685,
  "minPE": 3.5676,
  "maxPE": 14.0726,
  "medianPE": 7.65,
  "hienTaiPE": 12.177114807582052,
  "minPS": 0.1777,
  "maxPS": 1.2366,
  "medianPS": 0.49,
  "hienTaiPS": 0.3143861784484833
}