{
  "minPB": 1.0731,
  "maxPB": 2.7811,
  "medianPB": 1.72,
  "hienTaiPB": 1.7606228041389616,
  "minPE": 3.5676,
  "maxPE": 14.0726,
  "medianPE": 7.65,
  "hienTaiPE": 12.235101068570538,
  "minPS": 0.1774,
  "maxPS": 1.2366,
  "medianPS": 0.54,
  "hienTaiPS": 0.31588325548871415
}