{
  "minPB": 1.0731,
  "maxPB": 2.7811,
  "medianPB": 1.72,
  "hienTaiPB": 1.7689669880448335,
  "minPE": 3.5676,
  "maxPE": 14.0726,
  "medianPE": 7.65,
  "hienTaiPE": 12.266898108598971,
  "minPS": 0.1774,
  "maxPS": 1.2366,
  "medianPS": 0.54,
  "hienTaiPS": 0.3173498480094141
}