{
  "minPB": 0.9564,
  "maxPB": 1.1064,
  "medianPB": 1,
  "hienTaiPB": 0.9972789923780025,
  "minPE": 3.5576,
  "maxPE": 5.1056,
  "medianPE": 3.73,
  "hienTaiPE": 5.182409701507018,
  "minPS": 0.0125,
  "maxPS": 2.8443,
  "medianPS": 0.08,
  "hienTaiPS": 2.980708416150978
}