{
  "minPB": 0.9564,
  "maxPB": 1.1064,
  "medianPB": 1,
  "hienTaiPB": 0.9760710340590779,
  "minPE": 3.5576,
  "maxPE": 5.1056,
  "medianPE": 3.73,
  "hienTaiPE": 5.072201495196489,
  "minPS": 0.0125,
  "maxPS": 2.8482,
  "medianPS": 0.08,
  "hienTaiPS": 2.917321199199919
}