{
  "minPB": 0,
  "maxPB": 7.5427,
  "medianPB": 0.73,
  "hienTaiPB": 0.9501021055052927,
  "minPE": -47.3944,
  "maxPE": 62.4505,
  "medianPE": 3.19,
  "hienTaiPE": 4.9372526711427795,
  "minPS": 0.0125,
  "maxPS": 2.8418,
  "medianPS": 0.08,
  "hienTaiPS": 2.839704198851684
}