{
  "minPB": 0,
  "maxPB": 7.5427,
  "medianPB": 0.72,
  "hienTaiPB": 0.944980455707185,
  "minPE": -47.3944,
  "maxPE": 62.4505,
  "medianPE": 3.16,
  "hienTaiPE": 4.910637764176632,
  "minPS": 0.0125,
  "maxPS": 2.8443,
  "medianPS": 0.08,
  "hienTaiPS": 2.824396401560782
}