{
  "minPB": 0.9563,
  "maxPB": 1.1064,
  "medianPB": 1.01,
  "hienTaiPB": 0.9738348207669464,
  "minPE": 3.5576,
  "maxPE": 5.0231,
  "medianPE": 3.73,
  "hienTaiPE": 5.0605809020140855,
  "minPS": 0.0125,
  "maxPS": 2.8349,
  "medianPS": 0.08,
  "hienTaiPS": 2.910637513058821
}