{
  "minPB": 0,
  "maxPB": 7.5411,
  "medianPB": 0.75,
  "hienTaiPB": 1.0315435508864692,
  "minPE": -47.3944,
  "maxPE": 62.4505,
  "medianPE": 3.21,
  "hienTaiPE": 5.360467177688995,
  "minPS": 0.0125,
  "maxPS": 2.8512,
  "medianPS": 0.08,
  "hienTaiPS": 3.0831197360548996
}