{
  "minPB": 0,
  "maxPB": 7.5427,
  "medianPB": 0.73,
  "hienTaiPB": 0.9437541451921452,
  "minPE": -47.3944,
  "maxPE": 62.4505,
  "medianPE": 3.18,
  "hienTaiPE": 4.904265180818539,
  "minPS": 0.0125,
  "maxPS": 2.8418,
  "medianPS": 0.08,
  "hienTaiPS": 2.8207311543221154
}