{
  "minPB": 0,
  "maxPB": 7.5427,
  "medianPB": 0.75,
  "hienTaiPB": 0.9954755945617675,
  "minPE": -47.3944,
  "maxPE": 62.4505,
  "medianPE": 3.2,
  "hienTaiPE": 5.173038255392177,
  "minPS": 0.0125,
  "maxPS": 2.8471,
  "medianPS": 0.08,
  "hienTaiPS": 2.9753183466823505
}