{
  "minPB": 0,
  "maxPB": 7.5427,
  "medianPB": 0.73,
  "hienTaiPB": 0.9520497751468265,
  "minPE": -47.3944,
  "maxPE": 62.4505,
  "medianPE": 3.19,
  "hienTaiPE": 4.947373832946807,
  "minPS": 0.0125,
  "maxPS": 2.8443,
  "medianPS": 0.08,
  "hienTaiPS": 2.8455254738778017
}