{
  "minPB": 0.93,
  "maxPB": 1.9917,
  "medianPB": 1.36,
  "hienTaiPB": 1.0308589440720934,
  "minPE": 6.1702,
  "maxPE": 268.8635,
  "medianPE": 11.91,
  "hienTaiPE": 16.693337052479794,
  "minPS": 0.0719,
  "maxPS": 0.2733,
  "medianPS": 0.15,
  "hienTaiPS": 0.10900258593105644
}