{
  "minPB": 0.93,
  "maxPB": 1.9917,
  "medianPB": 1.36,
  "hienTaiPB": 0.9105378685810289,
  "minPE": 6.1419,
  "maxPE": 268.8635,
  "medianPE": 11.9,
  "hienTaiPE": 14.744903390202975,
  "minPS": 0.0719,
  "maxPS": 0.2734,
  "medianPS": 0.15,
  "hienTaiPS": 0.09627988662680065
}