{
  "minPB": 0.93,
  "maxPB": 1.9917,
  "medianPB": 1.36,
  "hienTaiPB": 0.9414311176935996,
  "minPE": 6.1702,
  "maxPE": 268.8635,
  "medianPE": 11.9,
  "hienTaiPE": 15.24517689808486,
  "minPS": 0.0719,
  "maxPS": 0.2733,
  "medianPS": 0.15,
  "hienTaiPS": 0.0995465256373528
}