{
  "minPB": 0.6817,
  "maxPB": 3.5838,
  "medianPB": 2.54,
  "hienTaiPB": 3.9904222673122955,
  "minPE": -37.609,
  "maxPE": -1.2734,
  "medianPE": -9.68,
  "hienTaiPE": -9.7928,
  "minPS": 0.3308,
  "maxPS": 9.4946,
  "medianPS": 4.09,
  "hienTaiPS": 5.380209785619661
}