{
  "minPB": 2.6171,
  "maxPB": 3.9904,
  "medianPB": 3.1,
  "hienTaiPB": 3.9904222673122955,
  "minPE": -18.1789,
  "maxPE": -9.7928,
  "medianPE": -17.8,
  "hienTaiPE": -9.7928,
  "minPS": 0.3308,
  "maxPS": 9.4946,
  "medianPS": 4.09,
  "hienTaiPS": 5.380209785619661
}