{
  "minPB": 0.6094,
  "maxPB": 2.025,
  "medianPB": 1.01,
  "hienTaiPB": 0.8823176549372147,
  "minPE": 3.2849,
  "maxPE": 12.2371,
  "medianPE": 7.42,
  "hienTaiPE": 8.20669701715968,
  "minPS": 0.2262,
  "maxPS": 0.7702,
  "medianPS": 0.39,
  "hienTaiPS": 0.3951948139419302
}