{
  "minPB": 0.6094,
  "maxPB": 2.025,
  "medianPB": 1,
  "hienTaiPB": 0.8727272456444188,
  "minPE": 3.297,
  "maxPE": 12.236,
  "medianPE": 7.42,
  "hienTaiPE": 8.117493788712292,
  "minPS": 0.226,
  "maxPS": 0.7741,
  "medianPS": 0.4,
  "hienTaiPS": 0.39089921813821354
}