{
  "minPB": 0.0227,
  "maxPB": 0.7183,
  "medianPB": 0.17,
  "hienTaiPB": 0.022705305338884315,
  "minPE": 0.1222,
  "maxPE": 4.9481,
  "medianPE": 1.7,
  "hienTaiPE": 0.12240593366034995,
  "minPS": 0.0087,
  "maxPS": 0.3839,
  "medianPS": 0.14,
  "hienTaiPS": 0.008703909748086656
}