{
  "minPB": -7.2654,
  "maxPB": -5.9007,
  "medianPB": -6.81,
  "hienTaiPB": -7.3282,
  "minPE": 87.1365,
  "maxPE": 107.245,
  "medianPE": 100.54,
  "hienTaiPE": 105.01068235898983,
  "minPS": 0.5816,
  "maxPS": 5.4248,
  "medianPS": 1.78,
  "hienTaiPS": 4.745781407122778
}