{
  "minPB": -7.3282,
  "maxPB": -5.9007,
  "medianPB": -6.81,
  "hienTaiPB": -7.3282,
  "minPE": 86.1807,
  "maxPE": 118.4163,
  "medianPE": 100.54,
  "hienTaiPE": 118.41630138354171,
  "minPS": 0.5816,
  "maxPS": 5.4248,
  "medianPS": 1.81,
  "hienTaiPS": 5.351625842074623
}