{
  "minPB": -6.6571,
  "maxPB": 0,
  "medianPB": 0,
  "hienTaiPB": -7.7959,
  "minPE": -858.0764,
  "maxPE": 1481.1508,
  "medianPE": 23.83,
  "hienTaiPE": 91.6815435134072,
  "minPS": 0.5816,
  "maxPS": 5.5505,
  "medianPS": 1.74,
  "hienTaiPS": 4.919947094983123
}