{
  "minPB": 1.3655,
  "maxPB": 2.5767,
  "medianPB": 2.03,
  "hienTaiPB": 2.713547021041793,
  "minPE": 13.036,
  "maxPE": 26.3319,
  "medianPE": 18.6,
  "hienTaiPE": 22.28609441885659,
  "minPS": 0.334,
  "maxPS": 3.8146,
  "medianPS": 2.43,
  "hienTaiPS": 4.011580561713125
}