{
  "minPB": 1.3655,
  "maxPB": 2.574,
  "medianPB": 2.03,
  "hienTaiPB": 2.537243118544727,
  "minPE": 13.036,
  "maxPE": 26.3319,
  "medianPE": 18.58,
  "hienTaiPE": 20.83812783232071,
  "minPS": 0.334,
  "maxPS": 3.8139,
  "medianPS": 2.43,
  "hienTaiPS": 3.7509411466865665
}