{
  "minPB": 2.2498,
  "maxPB": 2.6527,
  "medianPB": 2.46,
  "hienTaiPB": 2.5603925874812985,
  "minPE": 17.9817,
  "maxPE": 21.202,
  "medianPE": 19.77,
  "hienTaiPE": 21.028252140639765,
  "minPS": 0.3404,
  "maxPS": 3.8403,
  "medianPS": 2.46,
  "hienTaiPS": 3.7851642350944017
}