{
  "minPB": 2.2498,
  "maxPB": 2.6527,
  "medianPB": 2.46,
  "hienTaiPB": 2.4989161832192783,
  "minPE": 17.9817,
  "maxPE": 21.202,
  "medianPE": 19.77,
  "hienTaiPE": 20.523352487421604,
  "minPS": 0.3331,
  "maxPS": 3.8439,
  "medianPS": 2.46,
  "hienTaiPS": 3.6942804042894886
}