{
  "minPB": 1.3655,
  "maxPB": 2.5755,
  "medianPB": 2.03,
  "hienTaiPB": 2.651917309038471,
  "minPE": 13.036,
  "maxPE": 26.3319,
  "medianPE": 18.6,
  "hienTaiPE": 21.77993566425883,
  "minPS": 0.334,
  "maxPS": 3.8146,
  "medianPS": 2.43,
  "hienTaiPS": 3.9204700879386243
}