{
  "minPB": 1.3655,
  "maxPB": 2.5743,
  "medianPB": 2.03,
  "hienTaiPB": 2.5754933999995253,
  "minPE": 13.036,
  "maxPE": 26.3319,
  "medianPE": 18.59,
  "hienTaiPE": 21.152273626530015,
  "minPS": 0.334,
  "maxPS": 3.8139,
  "medianPS": 2.43,
  "hienTaiPS": 3.8074885675988503
}