{
  "minPB": 2.2498,
  "maxPB": 2.6527,
  "medianPB": 2.46,
  "hienTaiPB": 2.560085971998695,
  "minPE": 17.9817,
  "maxPE": 21.202,
  "medianPE": 19.77,
  "hienTaiPE": 21.025733937880574,
  "minPS": 0.3331,
  "maxPS": 3.8439,
  "medianPS": 2.46,
  "hienTaiPS": 3.784710949155225
}