{
  "minPB": 2.2498,
  "maxPB": 2.6527,
  "medianPB": 2.46,
  "hienTaiPB": 2.580322593850532,
  "minPE": 17.9817,
  "maxPE": 21.202,
  "medianPE": 19.77,
  "hienTaiPE": 21.1919353199873,
  "minPS": 0.3368,
  "maxPS": 3.8421,
  "medianPS": 2.46,
  "hienTaiPS": 3.8146278211408826
}