{
  "minPB": 1.3655,
  "maxPB": 2.574,
  "medianPB": 2.03,
  "hienTaiPB": 2.5197660360363225,
  "minPE": 13.036,
  "maxPE": 26.3319,
  "medianPE": 18.58,
  "hienTaiPE": 20.694590275046718,
  "minPS": 0.334,
  "maxPS": 3.8139,
  "medianPS": 2.43,
  "hienTaiPS": 3.7251038481534993
}