{
  "minPB": 1.3655,
  "maxPB": 2.5808,
  "medianPB": 2.03,
  "hienTaiPB": 2.705881633976703,
  "minPE": 13.036,
  "maxPE": 26.3319,
  "medianPE": 18.61,
  "hienTaiPE": 22.223139349876767,
  "minPS": 0.334,
  "maxPS": 3.8254,
  "medianPS": 2.43,
  "hienTaiPS": 4.00024841323371
}