{
  "minPB": 0.3446,
  "maxPB": 1.5417,
  "medianPB": 0.88,
  "hienTaiPB": 0.8838873508773734,
  "minPE": -4.2454,
  "maxPE": 104.7815,
  "medianPE": 6.35,
  "hienTaiPE": 57.94225775388143,
  "minPS": 0.0831,
  "maxPS": 0.5058,
  "medianPS": 0.26,
  "hienTaiPS": 0.38805883834623206
}