{
  "minPB": 0.7878,
  "maxPB": 1.0478,
  "medianPB": 0.88,
  "hienTaiPB": 0.8070275812358627,
  "minPE": 41.7643,
  "maxPE": 52.9038,
  "medianPE": 47.37,
  "hienTaiPE": 52.903800557891735,
  "minPS": 0.0831,
  "maxPS": 0.5058,
  "medianPS": 0.26,
  "hienTaiPS": 0.35431459153351624
}