{
  "minPB": 0.3446,
  "maxPB": 1.5427,
  "medianPB": 0.88,
  "hienTaiPB": 0.8673625004044486,
  "minPE": -4.2454,
  "maxPE": 104.7815,
  "medianPE": 6.32,
  "hienTaiPE": 56.85898945674364,
  "minPS": 0.0831,
  "maxPS": 0.5058,
  "medianPS": 0.26,
  "hienTaiPS": 0.38080382528149814
}