{
  "minPB": 0.7878,
  "maxPB": 1.0478,
  "medianPB": 0.88,
  "hienTaiPB": 0.8095255237492117,
  "minPE": 41.7643,
  "maxPE": 52.274,
  "medianPE": 47.37,
  "hienTaiPE": 53.06755041676141,
  "minPS": 0.0831,
  "maxPS": 0.5058,
  "medianPS": 0.26,
  "hienTaiPS": 0.35541127955492946
}