{
  "minPB": 0.3446,
  "maxPB": 1.5427,
  "medianPB": 0.88,
  "hienTaiPB": 0.8646724084669957,
  "minPE": -4.2454,
  "maxPE": 104.7815,
  "medianPE": 6.35,
  "hienTaiPE": 56.68264345488401,
  "minPS": 0.0831,
  "maxPS": 0.5058,
  "medianPS": 0.26,
  "hienTaiPS": 0.3796227766430531
}