{
  "minPB": 0.7878,
  "maxPB": 1.0478,
  "medianPB": 0.88,
  "hienTaiPB": 0.7974201100306738,
  "minPE": 41.7643,
  "maxPE": 51.9507,
  "medianPE": 47.11,
  "hienTaiPE": 52.273993408393025,
  "minPS": 0.0831,
  "maxPS": 0.5058,
  "medianPS": 0.26,
  "hienTaiPS": 0.35009656068192674
}