{
  "minPB": 0.4025,
  "maxPB": 1.7256,
  "medianPB": 0.94,
  "hienTaiPB": 0.5491174007021713,
  "minPE": 4.1966,
  "maxPE": 37.7674,
  "medianPE": 15.12,
  "hienTaiPE": 6.45358999624778,
  "minPS": 0.2221,
  "maxPS": 1.283,
  "medianPS": 0.57,
  "hienTaiPS": 0.9314797851168984
}