{
  "minPB": 0.4025,
  "maxPB": 1.7256,
  "medianPB": 0.94,
  "hienTaiPB": 0.5554472842837526,
  "minPE": 4.1966,
  "maxPE": 37.7674,
  "medianPE": 15.06,
  "hienTaiPE": 6.527982964504239,
  "minPS": 0.2221,
  "maxPS": 1.283,
  "medianPS": 0.57,
  "hienTaiPS": 0.9422173042536927
}