{
  "minPB": 0.4025,
  "maxPB": 1.7256,
  "medianPB": 0.94,
  "hienTaiPB": 0.5483261652544736,
  "minPE": 4.1966,
  "maxPE": 37.7674,
  "medianPE": 15.11,
  "hienTaiPE": 6.444290875215723,
  "minPS": 0.2221,
  "maxPS": 1.283,
  "medianPS": 0.57,
  "hienTaiPS": 0.9301375952247992
}