{
  "minPB": 0.4025,
  "maxPB": 1.7256,
  "medianPB": 0.94,
  "hienTaiPB": 0.547534929806776,
  "minPE": 4.1966,
  "maxPE": 37.7674,
  "medianPE": 15.13,
  "hienTaiPE": 6.434991754183665,
  "minPS": 0.2235,
  "maxPS": 1.2812,
  "medianPS": 0.58,
  "hienTaiPS": 0.9287954053326999
}