{
  "minPB": 0.4025,
  "maxPB": 1.7256,
  "medianPB": 0.94,
  "hienTaiPB": 0.5459524589113807,
  "minPE": 4.1966,
  "maxPE": 37.7674,
  "medianPE": 15.06,
  "hienTaiPE": 6.416393512119551,
  "minPS": 0.2221,
  "maxPS": 1.283,
  "medianPS": 0.57,
  "hienTaiPS": 0.9261110255485013
}