{
  "minPB": 0.4025,
  "maxPB": 1.7256,
  "medianPB": 0.94,
  "hienTaiPB": 0.5467436943590783,
  "minPE": 4.1966,
  "maxPE": 37.7674,
  "medianPE": 15.08,
  "hienTaiPE": 6.425692633151608,
  "minPS": 0.2221,
  "maxPS": 1.283,
  "medianPS": 0.57,
  "hienTaiPS": 0.9274532154406007
}