{
  "minPB": 0.5678,
  "maxPB": 3.8255,
  "medianPB": 1.15,
  "hienTaiPB": 0.5958630196974587,
  "minPE": -125.8263,
  "maxPE": 1606.2868,
  "medianPE": 7.87,
  "hienTaiPE": 79.72534410061033,
  "minPS": 0.562,
  "maxPS": 4.7638,
  "medianPS": 1.24,
  "hienTaiPS": 2.175477431335421
}