{
  "minPB": 0.5678,
  "maxPB": 3.8255,
  "medianPB": 1.15,
  "hienTaiPB": 0.5760559387102856,
  "minPE": -125.8263,
  "maxPE": 1606.2868,
  "medianPE": 7.86,
  "hienTaiPE": 77.07519415820776,
  "minPS": 0.5618,
  "maxPS": 4.7638,
  "medianPS": 1.27,
  "hienTaiPS": 2.1031623920666536
}