{
  "minPB": 0.5678,
  "maxPB": 3.8255,
  "medianPB": 1.15,
  "hienTaiPB": 0.5801824139159467,
  "minPE": -125.8263,
  "maxPE": 1606.2868,
  "medianPE": 7.85,
  "hienTaiPE": 77.62730872954164,
  "minPS": 0.5618,
  "maxPS": 4.7638,
  "medianPS": 1.27,
  "hienTaiPS": 2.118228025247647
}