{
  "minPB": 0.5678,
  "maxPB": 3.8255,
  "medianPB": 1.15,
  "hienTaiPB": 0.5950377246563265,
  "minPE": -125.8263,
  "maxPE": 1606.2868,
  "medianPE": 7.86,
  "hienTaiPE": 79.61492118634355,
  "minPS": 0.562,
  "maxPS": 4.7638,
  "medianPS": 1.24,
  "hienTaiPS": 2.1724643046992225
}