{
  "minPB": 0.5678,
  "maxPB": 3.8255,
  "medianPB": 1.15,
  "hienTaiPB": 0.5900859544095333,
  "minPE": -125.8263,
  "maxPE": 1606.2868,
  "medianPE": 7.86,
  "hienTaiPE": 78.95238370074291,
  "minPS": 0.562,
  "maxPS": 4.7638,
  "medianPS": 1.24,
  "hienTaiPS": 2.1543855448820306
}