{
  "minPB": 0.2735,
  "maxPB": 6.8779,
  "medianPB": 1.47,
  "hienTaiPB": 1.5267918548538868,
  "minPE": -100.4836,
  "maxPE": 112.3278,
  "medianPE": 13.67,
  "hienTaiPE": 66.33216340724817,
  "minPS": 0.1182,
  "maxPS": 7.474,
  "medianPS": 0.65,
  "hienTaiPS": 1.5778193691490559
}