{
  "minPB": 0.2735,
  "maxPB": 6.8779,
  "medianPB": 1.47,
  "hienTaiPB": 1.5513186316386882,
  "minPE": -100.4836,
  "maxPE": 112.3278,
  "medianPE": 13.7,
  "hienTaiPE": 67.39774032945297,
  "minPS": 0.1182,
  "maxPS": 7.4677,
  "medianPS": 0.65,
  "hienTaiPS": 1.6031658650390004
}