{
  "minPB": 0.2735,
  "maxPB": 6.8779,
  "medianPB": 1.47,
  "hienTaiPB": 1.5329235490500872,
  "minPE": -100.4836,
  "maxPE": 112.3278,
  "medianPE": 13.69,
  "hienTaiPE": 66.59855763779937,
  "minPS": 0.1182,
  "maxPS": 7.474,
  "medianPS": 0.65,
  "hienTaiPS": 1.5841559931215419
}