{
  "minPB": 0.2735,
  "maxPB": 6.8779,
  "medianPB": 1.47,
  "hienTaiPB": 1.5697137142272892,
  "minPE": -100.4836,
  "maxPE": 112.3278,
  "medianPE": 13.78,
  "hienTaiPE": 68.19692302110656,
  "minPS": 0.118,
  "maxPS": 7.4677,
  "medianPS": 0.65,
  "hienTaiPS": 1.622175736956459
}