{
  "minPB": 0.2735,
  "maxPB": 6.8779,
  "medianPB": 1.47,
  "hienTaiPB": 1.5758454084234896,
  "minPE": -100.4836,
  "maxPE": 112.3278,
  "medianPE": 13.76,
  "hienTaiPE": 68.46331725165776,
  "minPS": 0.118,
  "maxPS": 7.4677,
  "medianPS": 0.65,
  "hienTaiPS": 1.6285123609289451
}