{
  "minPB": 2.9339,
  "maxPB": 3.2861,
  "medianPB": 3.1,
  "hienTaiPB": 3.3063245266915127,
  "minPE": -47.8869,
  "maxPE": -35.9774,
  "medianPE": -44.83,
  "hienTaiPE": -37.3236,
  "minPS": 6.6806,
  "maxPS": 67.8492,
  "medianPS": 22.15,
  "hienTaiPS": 47.70945773124994
}