{
  "minPB": 1.2156,
  "maxPB": 8.0936,
  "medianPB": 2.76,
  "hienTaiPB": 3.4635518856825005,
  "minPE": -196.3506,
  "maxPE": 620.5721,
  "medianPE": 38.37,
  "hienTaiPE": -39.5019,
  "minPS": 6.6806,
  "maxPS": 67.8651,
  "medianPS": 20.77,
  "hienTaiPS": 49.97821023192559
}