{
  "minPB": 1.2156,
  "maxPB": 8.0936,
  "medianPB": 2.76,
  "hienTaiPB": 3.6096570520760554,
  "minPE": -196.3506,
  "maxPE": 620.5721,
  "medianPE": 37.79,
  "hienTaiPE": -41.512,
  "minPS": 6.6806,
  "maxPS": 67.8651,
  "medianPS": 20.77,
  "hienTaiPS": 52.08647220200681
}