{
  "minPB": 1.2156,
  "maxPB": 8.0936,
  "medianPB": 2.76,
  "hienTaiPB": 3.589434883717086,
  "minPE": -196.3506,
  "maxPE": 620.5721,
  "medianPE": 37.74,
  "hienTaiPE": -41.1801,
  "minPS": 6.6806,
  "maxPS": 67.8651,
  "medianPS": 20.91,
  "hienTaiPS": 51.79467123728969
}