{
  "minPB": 1.2156,
  "maxPB": 8.0936,
  "medianPB": 2.76,
  "hienTaiPB": 3.6399903046145097,
  "minPE": -196.3506,
  "maxPE": 620.5721,
  "medianPE": 37.76,
  "hienTaiPE": -41.6966,
  "minPS": 6.6806,
  "maxPS": 67.8651,
  "medianPS": 20.81,
  "hienTaiPS": 52.5241736490825
}