{
  "minPB": 2.9339,
  "maxPB": 3.3023,
  "medianPB": 3.1,
  "hienTaiPB": 3.298033437664335,
  "minPE": -47.8869,
  "maxPE": -35.9774,
  "medianPE": -44.82,
  "hienTaiPE": -38.1674,
  "minPS": 6.6806,
  "maxPS": 67.8492,
  "medianPS": 22.37,
  "hienTaiPS": 47.589819335715916
}