{
  "minPB": 1.2156,
  "maxPB": 8.0936,
  "medianPB": 2.76,
  "hienTaiPB": 3.5465638867960707,
  "minPE": -196.3506,
  "maxPE": 620.5721,
  "medianPE": 38.09,
  "hienTaiPE": -40.0313,
  "minPS": 6.6806,
  "maxPS": 67.8651,
  "medianPS": 20.77,
  "hienTaiPS": 51.176053192089384
}