{
  "minPB": 0.8417,
  "maxPB": 4.8435,
  "medianPB": 1.39,
  "hienTaiPB": 1.199973380089293,
  "minPE": 4.6442,
  "maxPE": 146.1473,
  "medianPE": 13.76,
  "hienTaiPE": 21.454746767179238,
  "minPS": 0.1787,
  "maxPS": 1.0063,
  "medianPS": 0.42,
  "hienTaiPS": 0.34745712675129964
}