{
  "minPB": 0.8397,
  "maxPB": 4.909,
  "medianPB": 1.39,
  "hienTaiPB": 1.2379472212313594,
  "minPE": 4.6327,
  "maxPE": 146.3361,
  "medianPE": 13.57,
  "hienTaiPE": 22.13369444968491,
  "minPS": 0.1772,
  "maxPS": 0.963,
  "medianPS": 0.41,
  "hienTaiPS": 0.358452605445961
}