{
  "minPB": 0.8397,
  "maxPB": 4.909,
  "medianPB": 1.39,
  "hienTaiPB": 1.18098645951826,
  "minPE": 4.6327,
  "maxPE": 146.3361,
  "medianPE": 13.69,
  "hienTaiPE": 21.1152729259264,
  "minPS": 0.1777,
  "maxPS": 1.0063,
  "medianPS": 0.42,
  "hienTaiPS": 0.341959387403969
}