{
  "minPB": 0.8397,
  "maxPB": 4.909,
  "medianPB": 1.39,
  "hienTaiPB": 1.2151629165461195,
  "minPE": 4.6327,
  "maxPE": 146.3361,
  "medianPE": 13.67,
  "hienTaiPE": 21.72632584018151,
  "minPS": 0.1777,
  "maxPS": 1.0063,
  "medianPS": 0.42,
  "hienTaiPS": 0.3518553182291642
}