{
  "minPB": 0.8397,
  "maxPB": 4.909,
  "medianPB": 1.39,
  "hienTaiPB": 1.2037707642034998,
  "minPE": 4.6327,
  "maxPE": 146.3361,
  "medianPE": 13.67,
  "hienTaiPE": 21.522641535429806,
  "minPS": 0.1777,
  "maxPS": 1.0063,
  "medianPS": 0.42,
  "hienTaiPS": 0.3485566746207658
}