{
  "minPB": 0.8397,
  "maxPB": 4.909,
  "medianPB": 1.39,
  "hienTaiPB": 1.199973380089293,
  "minPE": 4.6327,
  "maxPE": 146.3361,
  "medianPE": 13.58,
  "hienTaiPE": 21.454746767179238,
  "minPS": 0.1772,
  "maxPS": 0.963,
  "medianPS": 0.41,
  "hienTaiPS": 0.34745712675129964
}