{
  "minPB": 0.8397,
  "maxPB": 4.909,
  "medianPB": 1.39,
  "hienTaiPB": 1.1885812277466732,
  "minPE": 4.6327,
  "maxPE": 146.3361,
  "medianPE": 13.57,
  "hienTaiPE": 21.251062462427537,
  "minPS": 0.1772,
  "maxPS": 0.963,
  "medianPS": 0.41,
  "hienTaiPS": 0.34415848314290126
}