{
  "minPB": 0.931,
  "maxPB": 2.8938,
  "medianPB": 1.61,
  "hienTaiPB": 3.1837702061200317,
  "minPE": 3.3927,
  "maxPE": 20.1175,
  "medianPE": 6.87,
  "hienTaiPE": 19.954119350481335,
  "minPS": 0.5537,
  "maxPS": 2.6411,
  "medianPS": 0.91,
  "hienTaiPS": 2.563632011882623
}