{
  "minPB": 0.9321,
  "maxPB": 2.9848,
  "medianPB": 1.61,
  "hienTaiPB": 3.220747792718406,
  "minPE": 3.3927,
  "maxPE": 20.1859,
  "medianPE": 6.9,
  "hienTaiPE": 20.18587451134639,
  "minPS": 0.5529,
  "maxPS": 2.5859,
  "medianPS": 0.87,
  "hienTaiPS": 2.593407064285441
}