{
  "minPB": 0.931,
  "maxPB": 2.8974,
  "medianPB": 1.61,
  "hienTaiPB": 3.2503298619971055,
  "minPE": 3.3927,
  "maxPE": 20.1175,
  "medianPE": 6.87,
  "hienTaiPE": 20.371278640038437,
  "minPS": 0.5537,
  "maxPS": 2.6411,
  "medianPS": 0.91,
  "hienTaiPS": 2.6172271062076953
}