{
  "minPB": 0.931,
  "maxPB": 2.8927,
  "medianPB": 1.61,
  "hienTaiPB": 3.254027620656943,
  "minPE": 3.3927,
  "maxPE": 20.1175,
  "medianPE": 6.86,
  "hienTaiPE": 20.394454156124944,
  "minPS": 0.5537,
  "maxPS": 2.6411,
  "medianPS": 0.91,
  "hienTaiPS": 2.6202046114479773
}