{
  "minPB": 0.9321,
  "maxPB": 2.9232,
  "medianPB": 1.61,
  "hienTaiPB": 3.2651208966364553,
  "minPE": 3.3927,
  "maxPE": 20.1696,
  "medianPE": 6.89,
  "hienTaiPE": 20.463980704384458,
  "minPS": 0.5529,
  "maxPS": 2.5793,
  "medianPS": 0.87,
  "hienTaiPS": 2.6291371271688226
}