{
  "minPB": 0.9321,
  "maxPB": 2.9229,
  "medianPB": 1.61,
  "hienTaiPB": 3.279911931275805,
  "minPE": 3.3927,
  "maxPE": 20.1435,
  "medianPE": 6.89,
  "hienTaiPE": 20.556682768730482,
  "minPS": 0.5529,
  "maxPS": 2.5793,
  "medianPS": 0.87,
  "hienTaiPS": 2.6410471481299496
}