{
  "minPB": 0.4693,
  "maxPB": 1.5598,
  "medianPB": 0.69,
  "hienTaiPB": 0.8143944217266936,
  "minPE": -8.0328,
  "maxPE": 64.0081,
  "medianPE": 5.56,
  "hienTaiPE": 10.403844509666374,
  "minPS": 0.121,
  "maxPS": 0.4126,
  "medianPS": 0.22,
  "hienTaiPS": 0.2934729730114608
}