{
  "minPB": 0.4693,
  "maxPB": 1.5598,
  "medianPB": 0.69,
  "hienTaiPB": 0.9090914475088673,
  "minPE": -8.0328,
  "maxPE": 64.0081,
  "medianPE": 5.56,
  "hienTaiPE": 11.613593871255487,
  "minPS": 0.121,
  "maxPS": 0.4126,
  "medianPS": 0.22,
  "hienTaiPS": 0.32759773731511904
}