{
  "minPB": 0.4693,
  "maxPB": 1.5598,
  "medianPB": 0.69,
  "hienTaiPB": 0.8049247191484763,
  "minPE": -8.0328,
  "maxPE": 64.0081,
  "medianPE": 5.56,
  "hienTaiPE": 10.282869573507462,
  "minPS": 0.121,
  "maxPS": 0.4126,
  "medianPS": 0.22,
  "hienTaiPS": 0.290060496581095
}