{
  "minPB": 0.767,
  "maxPB": 0.9943,
  "medianPB": 0.79,
  "hienTaiPB": 1.0890157964949974,
  "minPE": 5.3578,
  "maxPE": 12.7024,
  "medianPE": 5.58,
  "hienTaiPE": 13.912117658274802,
  "minPS": 0.1208,
  "maxPS": 0.4126,
  "medianPS": 0.22,
  "hienTaiPS": 0.39243478949206967
}