{
  "minPB": 0,
  "maxPB": 2.1847,
  "medianPB": 1.18,
  "hienTaiPB": 0.9890723824327515,
  "minPE": 0,
  "maxPE": 20.9123,
  "medianPE": 6.94,
  "hienTaiPE": 6.3604658329778685,
  "minPS": 0,
  "maxPS": 0.9186,
  "medianPS": 0.35,
  "hienTaiPS": 0.439515201187155
}