{
  "minPB": 0,
  "maxPB": 2.1847,
  "medianPB": 1.18,
  "hienTaiPB": 1.0565091357804393,
  "minPE": 0,
  "maxPE": 20.9123,
  "medianPE": 6.92,
  "hienTaiPE": 6.794133957953632,
  "minPS": 0,
  "maxPS": 0.9186,
  "medianPS": 0.35,
  "hienTaiPS": 0.4694821467226428
}