{
  "minPB": 0.8064,
  "maxPB": 2.2156,
  "medianPB": 1.26,
  "hienTaiPB": 0.9441145468676265,
  "minPE": 4.0426,
  "maxPE": 21.384,
  "medianPE": 9.2,
  "hienTaiPE": 6.071353749660693,
  "minPS": 0.2382,
  "maxPS": 0.9219,
  "medianPS": 0.37,
  "hienTaiPS": 0.41953723749682975
}