{
  "minPB": 0.8064,
  "maxPB": 2.2156,
  "medianPB": 1.26,
  "hienTaiPB": 0.9890723824327515,
  "minPE": 4.0426,
  "maxPE": 21.384,
  "medianPE": 9.2,
  "hienTaiPE": 6.3604658329778685,
  "minPS": 0.2382,
  "maxPS": 0.9219,
  "medianPS": 0.39,
  "hienTaiPS": 0.439515201187155
}