{
  "minPB": 0,
  "maxPB": 2.1847,
  "medianPB": 1.18,
  "hienTaiPB": 1.0340302179978766,
  "minPE": 0,
  "maxPE": 20.9123,
  "medianPE": 6.9,
  "hienTaiPE": 6.649577916295044,
  "minPS": 0,
  "maxPS": 0.9186,
  "medianPS": 0.35,
  "hienTaiPS": 0.4594931648774802
}