{
  "minPB": 0.3561,
  "maxPB": 2.6375,
  "medianPB": 0.88,
  "hienTaiPB": 0.9383745985686138,
  "minPE": -67.5287,
  "maxPE": 283.7714,
  "medianPE": 9.07,
  "hienTaiPE": 21.863906671535275,
  "minPS": 0.1875,
  "maxPS": 1.1893,
  "medianPS": 0.38,
  "hienTaiPS": 0.35599267977714755
}