{
  "minPB": 0.3578,
  "maxPB": 2.6342,
  "medianPB": 0.88,
  "hienTaiPB": 1.086720582901152,
  "minPE": -67.4229,
  "maxPE": 281.6239,
  "medianPE": 9.08,
  "hienTaiPE": 25.320333093873575,
  "minPS": 0.1869,
  "maxPS": 1.1985,
  "medianPS": 0.39,
  "hienTaiPS": 0.41227093430074074
}