{
  "minPB": 0.3561,
  "maxPB": 2.6375,
  "medianPB": 0.88,
  "hienTaiPB": 0.9659738514676907,
  "minPE": -67.5287,
  "maxPE": 283.7714,
  "medianPE": 9.07,
  "hienTaiPE": 22.506962750109842,
  "minPS": 0.1875,
  "maxPS": 1.1893,
  "medianPS": 0.38,
  "hienTaiPS": 0.36646305271176954
}