{
  "minPB": 0.3578,
  "maxPB": 2.6342,
  "medianPB": 0.88,
  "hienTaiPB": 1.0372719214569726,
  "minPE": -67.4229,
  "maxPE": 281.6239,
  "medianPE": 9.07,
  "hienTaiPE": 24.16819095309414,
  "minPS": 0.1869,
  "maxPS": 1.1985,
  "medianPS": 0.39,
  "hienTaiPS": 0.39351151612620966
}