{
  "minPB": 0.3578,
  "maxPB": 2.6342,
  "medianPB": 0.88,
  "hienTaiPB": 1.0579713611312802,
  "minPE": -67.4229,
  "maxPE": 281.6239,
  "medianPE": 9.08,
  "hienTaiPE": 24.650483012025067,
  "minPS": 0.1869,
  "maxPS": 1.1985,
  "medianPS": 0.39,
  "hienTaiPS": 0.40136429582717614
}