{
  "minPB": 0.3561,
  "maxPB": 2.6375,
  "medianPB": 0.88,
  "hienTaiPB": 0.9418245051809984,
  "minPE": -67.5287,
  "maxPE": 283.7714,
  "medianPE": 9.07,
  "hienTaiPE": 21.944288681357097,
  "minPS": 0.1875,
  "maxPS": 1.1893,
  "medianPS": 0.38,
  "hienTaiPS": 0.3573014763939753
}