{
  "minPB": 1.5195,
  "maxPB": 3.0622,
  "medianPB": 2.06,
  "hienTaiPB": 1.9137610745448643,
  "minPE": -237.502,
  "maxPE": 656.2813,
  "medianPE": 26.4,
  "hienTaiPE": 40.14233967488609,
  "minPS": 0.097,
  "maxPS": 0.4284,
  "medianPS": 0.25,
  "hienTaiPS": 0.24290130213128003
}