{
  "minPB": 1.5195,
  "maxPB": 3.0622,
  "medianPB": 2.06,
  "hienTaiPB": 1.7708054280125973,
  "minPE": -237.502,
  "maxPE": 656.2813,
  "medianPE": 26.26,
  "hienTaiPE": 37.143755265436766,
  "minPS": 0.097,
  "maxPS": 0.4284,
  "medianPS": 0.25,
  "hienTaiPS": 0.22475686751424465
}