{
  "minPB": 1.5195,
  "maxPB": 3.0622,
  "medianPB": 2.06,
  "hienTaiPB": 1.92298401948243,
  "minPE": -237.502,
  "maxPE": 656.2813,
  "medianPE": 26.32,
  "hienTaiPE": 40.335796733560244,
  "minPS": 0.097,
  "maxPS": 0.4284,
  "medianPS": 0.25,
  "hienTaiPS": 0.24407191081625007
}