{
  "minPB": 1.5195,
  "maxPB": 3.0622,
  "medianPB": 2.06,
  "hienTaiPB": 1.9045381296072985,
  "minPE": -237.502,
  "maxPE": 656.2813,
  "medianPE": 26.22,
  "hienTaiPE": 39.94888261621194,
  "minPS": 0.097,
  "maxPS": 0.4286,
  "medianPS": 0.25,
  "hienTaiPS": 0.24173069344631
}