{
  "minPB": 1.5195,
  "maxPB": 3.0622,
  "medianPB": 2.06,
  "hienTaiPB": 1.8860922397321673,
  "minPE": -237.502,
  "maxPE": 656.2813,
  "medianPE": 26.28,
  "hienTaiPE": 39.56196849886364,
  "minPS": 0.097,
  "maxPS": 0.4284,
  "medianPS": 0.25,
  "hienTaiPS": 0.23938947607636996
}