{
  "minPB": 1.5195,
  "maxPB": 3.0622,
  "medianPB": 2.06,
  "hienTaiPB": 1.8584234049194706,
  "minPE": -237.502,
  "maxPE": 656.2813,
  "medianPE": 26.24,
  "hienTaiPE": 38.98159732284119,
  "minPS": 0.097,
  "maxPS": 0.4286,
  "medianPS": 0.25,
  "hienTaiPS": 0.23587765002145988
}