{
  "minPB": 1.5195,
  "maxPB": 3.0622,
  "medianPB": 2.06,
  "hienTaiPB": 1.9091496020760814,
  "minPE": -237.502,
  "maxPE": 656.2813,
  "medianPE": 26.36,
  "hienTaiPE": 40.04561114554902,
  "minPS": 0.097,
  "maxPS": 0.4284,
  "medianPS": 0.25,
  "hienTaiPS": 0.24231599778879503
}