{
  "minPB": 1.5195,
  "maxPB": 3.0622,
  "medianPB": 2.06,
  "hienTaiPB": 1.8630348773882535,
  "minPE": -237.502,
  "maxPE": 656.2813,
  "medianPE": 26.27,
  "hienTaiPE": 39.07832585217827,
  "minPS": 0.097,
  "maxPS": 0.4284,
  "medianPS": 0.25,
  "hienTaiPS": 0.2364629543639449
}