{
  "minPB": 0.9057,
  "maxPB": 2.5333,
  "medianPB": 1.31,
  "hienTaiPB": 1.467090055295859,
  "minPE": 6.2752,
  "maxPE": 16.7747,
  "medianPE": 9.59,
  "hienTaiPE": 8.624530647363848,
  "minPS": 1.0636,
  "maxPS": 3.7612,
  "medianPS": 2.56,
  "hienTaiPS": 3.5023859291618566
}