{
  "minPB": 0.9057,
  "maxPB": 2.5333,
  "medianPB": 1.31,
  "hienTaiPB": 1.4616830894901003,
  "minPE": 6.2752,
  "maxPE": 16.7747,
  "medianPE": 9.59,
  "hienTaiPE": 8.592744907877249,
  "minPS": 1.0711,
  "maxPS": 3.8311,
  "medianPS": 2.56,
  "hienTaiPS": 3.4894778729118743
}