{
  "minPB": 0.9057,
  "maxPB": 2.5333,
  "medianPB": 1.31,
  "hienTaiPB": 1.4724970211016177,
  "minPE": 6.2752,
  "maxPE": 16.7747,
  "medianPE": 9.59,
  "hienTaiPE": 8.656316386850447,
  "minPS": 1.0711,
  "maxPS": 3.8311,
  "medianPS": 2.55,
  "hienTaiPS": 3.515293985411839
}