{
  "minPB": 0.9057,
  "maxPB": 2.5333,
  "medianPB": 1.31,
  "hienTaiPB": 1.4959272062599054,
  "minPE": 6.2752,
  "maxPE": 16.7747,
  "medianPE": 9.59,
  "hienTaiPE": 8.794054591292374,
  "minPS": 1.0711,
  "maxPS": 3.8311,
  "medianPS": 2.55,
  "hienTaiPS": 3.571228895828429
}