{
  "minPB": 0.9057,
  "maxPB": 2.5333,
  "medianPB": 1.31,
  "hienTaiPB": 1.4238343288497894,
  "minPE": 6.2752,
  "maxPE": 16.7747,
  "medianPE": 9.59,
  "hienTaiPE": 8.370244731471056,
  "minPS": 1.0636,
  "maxPS": 3.7612,
  "medianPS": 2.56,
  "hienTaiPS": 3.3991214791619986
}