{
  "minPB": 0.9057,
  "maxPB": 2.5333,
  "medianPB": 1.31,
  "hienTaiPB": 1.4526714798138358,
  "minPE": 6.2752,
  "maxPE": 16.7747,
  "medianPE": 9.59,
  "hienTaiPE": 8.539768675399584,
  "minPS": 1.0636,
  "maxPS": 3.7612,
  "medianPS": 2.56,
  "hienTaiPS": 3.4679644458285703
}