{
  "minPB": 0.5493,
  "maxPB": 2.9211,
  "medianPB": 1.1,
  "hienTaiPB": 0.8505514370458181,
  "minPE": -60.0626,
  "maxPE": 81.4786,
  "medianPE": 12.01,
  "hienTaiPE": 10.428000919502184,
  "minPS": 0.2864,
  "maxPS": 1.9707,
  "medianPS": 1.03,
  "hienTaiPS": 0.9944344126919765
}