{
  "minPB": 0.5493,
  "maxPB": 2.9159,
  "medianPB": 1.1,
  "hienTaiPB": 0.8861656597792638,
  "minPE": -60.0626,
  "maxPE": 80.8649,
  "medianPE": 12.01,
  "hienTaiPE": 10.864641352092177,
  "minPS": 0.2857,
  "maxPS": 1.9762,
  "medianPS": 1.03,
  "hienTaiPS": 1.036073292041148
}