{
  "minPB": 0.5493,
  "maxPB": 2.9159,
  "medianPB": 1.1,
  "hienTaiPB": 0.9008303397283296,
  "minPE": -60.0626,
  "maxPE": 80.8649,
  "medianPE": 12,
  "hienTaiPE": 11.044434471393938,
  "minPS": 0.2857,
  "maxPS": 1.9762,
  "medianPS": 1.03,
  "hienTaiPS": 1.0532187129496302
}