{
  "minPB": 0.1837,
  "maxPB": 2.8438,
  "medianPB": 0.41,
  "hienTaiPB": 3.3734133454392365,
  "minPE": -648.2612,
  "maxPE": 3993.7548,
  "medianPE": 10.08,
  "hienTaiPE": 1284.8767520904307,
  "minPS": 0.1499,
  "maxPS": 9.741,
  "medianPS": 0.48,
  "hienTaiPS": 13.260607038322089
}