{
  "minPB": 0.1837,
  "maxPB": 2.6993,
  "medianPB": 0.41,
  "hienTaiPB": 2.3467223272620776,
  "minPE": -648.2612,
  "maxPE": 3993.7548,
  "medianPE": 9.94,
  "hienTaiPE": 893.8273058020388,
  "minPS": 0.1522,
  "maxPS": 9.646,
  "medianPS": 0.49,
  "hienTaiPS": 9.224770113615367
}