{
  "minPB": 0.1837,
  "maxPB": 2.7649,
  "medianPB": 0.41,
  "hienTaiPB": 3.088221395945581,
  "minPE": -648.2612,
  "maxPE": 3993.7548,
  "medianPE": 10.04,
  "hienTaiPE": 1176.2519058992107,
  "minPS": 0.1499,
  "maxPS": 9.7139,
  "medianPS": 0.48,
  "hienTaiPS": 12.139541225903555
}