{
  "minPB": 0.1837,
  "maxPB": 2.6993,
  "medianPB": 0.41,
  "hienTaiPB": 2.5911725696852104,
  "minPE": -648.2612,
  "maxPE": 3993.7548,
  "medianPE": 10.01,
  "hienTaiPE": 986.9343168230845,
  "minPS": 0.1499,
  "maxPS": 9.5771,
  "medianPS": 0.48,
  "hienTaiPS": 10.185683667116967
}