{
  "minPB": 0.1837,
  "maxPB": 2.7242,
  "medianPB": 0.41,
  "hienTaiPB": 3.0230346646327457,
  "minPE": -648.2612,
  "maxPE": 3993.7548,
  "medianPE": 10.01,
  "hienTaiPE": 1151.4233696269318,
  "minPS": 0.1499,
  "maxPS": 9.6867,
  "medianPS": 0.48,
  "hienTaiPS": 11.883297611636461
}