{
  "minPB": 0.1837,
  "maxPB": 2.7568,
  "medianPB": 0.41,
  "hienTaiPB": 3.1126664201878946,
  "minPE": -648.2612,
  "maxPE": 3993.7548,
  "medianPE": 10.01,
  "hienTaiPE": 1185.5626070013154,
  "minPS": 0.1499,
  "maxPS": 9.709,
  "medianPS": 0.48,
  "hienTaiPS": 12.235632581253716
}