{
  "minPB": 0.1837,
  "maxPB": 2.8547,
  "medianPB": 0.41,
  "hienTaiPB": 3.1371114444302077,
  "minPE": -648.2612,
  "maxPE": 3993.7548,
  "medianPE": 10.08,
  "hienTaiPE": 1194.87330810342,
  "minPS": 0.1499,
  "maxPS": 9.9309,
  "medianPS": 0.48,
  "hienTaiPS": 12.331723936603876
}