{
  "minPB": 1.3493,
  "maxPB": 8.5251,
  "medianPB": 4.49,
  "hienTaiPB": 7.738716927399504,
  "minPE": 7.158,
  "maxPE": 29.2458,
  "medianPE": 17.57,
  "hienTaiPE": 26.7548127376985,
  "minPS": 0.2525,
  "maxPS": 1.3616,
  "medianPS": 0.81,
  "hienTaiPS": 1.1426848275375228
}