{
  "minPB": 1.3493,
  "maxPB": 8.5251,
  "medianPB": 4.52,
  "hienTaiPB": 7.400915791679685,
  "minPE": 7.158,
  "maxPE": 29.2458,
  "medianPE": 17.59,
  "hienTaiPE": 25.5869439277196,
  "minPS": 0.2527,
  "maxPS": 1.3576,
  "medianPS": 0.78,
  "hienTaiPS": 1.0928057279227896
}