{
  "minPB": 1.3493,
  "maxPB": 8.5251,
  "medianPB": 4.53,
  "hienTaiPB": 7.394773952848415,
  "minPE": 7.158,
  "maxPE": 29.2458,
  "medianPE": 17.61,
  "hienTaiPE": 25.565709949356346,
  "minPS": 0.2527,
  "maxPS": 1.3576,
  "medianPS": 0.78,
  "hienTaiPS": 1.0918988352025216
}