{
  "minPB": 1.3493,
  "maxPB": 8.5251,
  "medianPB": 4.51,
  "hienTaiPB": 7.370206597523338,
  "minPE": 7.158,
  "maxPE": 29.2458,
  "medianPE": 17.59,
  "hienTaiPE": 25.480774035903334,
  "minPS": 0.2527,
  "maxPS": 1.3576,
  "medianPS": 0.78,
  "hienTaiPS": 1.0882712643214503
}