{
  "minPB": 1.3493,
  "maxPB": 8.5251,
  "medianPB": 4.51,
  "hienTaiPB": 7.33949740336699,
  "minPE": 7.158,
  "maxPE": 29.2458,
  "medianPE": 17.58,
  "hienTaiPE": 25.374604144087073,
  "minPS": 0.2527,
  "maxPS": 1.3576,
  "medianPS": 0.78,
  "hienTaiPS": 1.083736800720111
}