{
  "minPB": 1.3493,
  "maxPB": 8.5251,
  "medianPB": 4.51,
  "hienTaiPB": 7.554461762461421,
  "minPE": 7.158,
  "maxPE": 29.2458,
  "medianPE": 17.58,
  "hienTaiPE": 26.11779338680092,
  "minPS": 0.2525,
  "maxPS": 1.3616,
  "medianPS": 0.81,
  "hienTaiPS": 1.1154780459294864
}