{
  "minPB": 1.3493,
  "maxPB": 8.5251,
  "medianPB": 4.52,
  "hienTaiPB": 7.271937176223027,
  "minPE": 7.158,
  "maxPE": 29.2458,
  "medianPE": 17.6,
  "hienTaiPE": 25.14103038209129,
  "minPS": 0.2527,
  "maxPS": 1.3576,
  "medianPS": 0.78,
  "hienTaiPS": 1.0737609807971642
}