{
  "minPB": 1.3493,
  "maxPB": 8.5251,
  "medianPB": 4.5,
  "hienTaiPB": 7.468476018823648,
  "minPE": 7.158,
  "maxPE": 29.2458,
  "medianPE": 17.57,
  "hienTaiPE": 25.82051768971538,
  "minPS": 0.2525,
  "maxPS": 1.3616,
  "medianPS": 0.81,
  "hienTaiPS": 1.1027815478457361
}