{
  "minPB": 0.511,
  "maxPB": 2.9289,
  "medianPB": 0.81,
  "hienTaiPB": 2.281010394268052,
  "minPE": -31.2069,
  "maxPE": 112.7977,
  "medianPE": 9.69,
  "hienTaiPE": 22.238004146542263,
  "minPS": 1.4201,
  "maxPS": 5.7072,
  "medianPS": 3.27,
  "hienTaiPS": 4.27601185486845
}