{
  "minPB": 0.511,
  "maxPB": 2.9276,
  "medianPB": 0.81,
  "hienTaiPB": 2.5417916115577426,
  "minPE": -30.9791,
  "maxPE": 112.2621,
  "medianPE": 9.71,
  "hienTaiPE": 24.78040983044507,
  "minPS": 1.4201,
  "maxPS": 5.7072,
  "medianPS": 3.27,
  "hienTaiPS": 4.764875728290458
}