{
  "minPB": 0.511,
  "maxPB": 2.9276,
  "medianPB": 0.81,
  "hienTaiPB": 2.45926590988379,
  "minPE": -30.9791,
  "maxPE": 112.2621,
  "medianPE": 9.7,
  "hienTaiPE": 23.97585106971633,
  "minPS": 1.4201,
  "maxPS": 5.7072,
  "medianPS": 3.27,
  "hienTaiPS": 4.61017197087843
}