{
  "minPB": 0.511,
  "maxPB": 2.9289,
  "medianPB": 0.81,
  "hienTaiPB": 2.327224787205466,
  "minPE": -31.2069,
  "maxPE": 112.7977,
  "medianPE": 9.69,
  "hienTaiPE": 22.688557052550355,
  "minPS": 1.4201,
  "maxPS": 5.7072,
  "medianPS": 3.27,
  "hienTaiPS": 4.362645959019186
}