{
  "minPB": 0.511,
  "maxPB": 2.9289,
  "medianPB": 0.81,
  "hienTaiPB": 2.26780628200022,
  "minPE": -31.2069,
  "maxPE": 112.7977,
  "medianPE": 9.68,
  "hienTaiPE": 22.109274744825665,
  "minPS": 1.4103,
  "maxPS": 5.3408,
  "medianPS": 3.28,
  "hienTaiPS": 4.251259253682526
}