{
  "minPB": 0.4924,
  "maxPB": 1.4315,
  "medianPB": 0.77,
  "hienTaiPB": 1.1663264103125173,
  "minPE": 4.4415,
  "maxPE": 9.7697,
  "medianPE": 5.91,
  "hienTaiPE": 6.061518796031013,
  "minPS": 0.0241,
  "maxPS": 0.0491,
  "medianPS": 0.03,
  "hienTaiPS": 0.034830390500169645
}