{
  "minPB": 1.7013,
  "maxPB": 1.9608,
  "medianPB": 1.84,
  "hienTaiPB": 1.8561547456847458,
  "minPE": 9.3802,
  "maxPE": 10.8111,
  "medianPE": 10.14,
  "hienTaiPE": 10.296774324209762,
  "minPS": 0.6905,
  "maxPS": 2.6903,
  "medianPS": 1.24,
  "hienTaiPS": 1.8606198787754138
}