{
  "minPB": 0.447,
  "maxPB": 1.9593,
  "medianPB": 0.84,
  "hienTaiPB": 1.9162925136878315,
  "minPE": 4.2762,
  "maxPE": 19.2834,
  "medianPE": 8.69,
  "hienTaiPE": 10.6303806826931,
  "minPS": 0.6905,
  "maxPS": 2.6903,
  "medianPS": 1.16,
  "hienTaiPS": 1.920902313131633
}