{
  "minPB": 0.447,
  "maxPB": 1.9593,
  "medianPB": 0.85,
  "hienTaiPB": 1.8035694246473708,
  "minPE": 4.2762,
  "maxPE": 19.2834,
  "medianPE": 8.69,
  "hienTaiPE": 10.005064171946449,
  "minPS": 0.6905,
  "maxPS": 2.6903,
  "medianPS": 1.2,
  "hienTaiPS": 1.8079080594180075
}