{
  "minPB": 0.4455,
  "maxPB": 1.2757,
  "medianPB": 0.7,
  "hienTaiPB": 0.589917554279226,
  "minPE": -45.1313,
  "maxPE": 891.2881,
  "medianPE": 14.63,
  "hienTaiPE": 52.46516886917367,
  "minPS": 0.17,
  "maxPS": 7.796,
  "medianPS": 1.59,
  "hienTaiPS": 3.7326611090844324
}