{
  "minPB": 0.5899,
  "maxPB": 0.5944,
  "medianPB": 0.59,
  "hienTaiPB": 0.589917554279226,
  "minPE": 52.4652,
  "maxPE": 58.5835,
  "medianPE": 58.58,
  "hienTaiPE": 52.46516886917367,
  "minPS": 0.17,
  "maxPS": 7.796,
  "medianPS": 1.6,
  "hienTaiPS": 3.7326611090844324
}