{
  "minPB": 0.144,
  "maxPB": 2.84,
  "medianPB": 0.5,
  "hienTaiPB": 0.14150411317399572,
  "minPE": -50.0537,
  "maxPE": 118.4643,
  "medianPE": 6.55,
  "hienTaiPE": 19.93060710070988,
  "minPS": 0.3658,
  "maxPS": 11.4477,
  "medianPS": 1.89,
  "hienTaiPS": 0.5894685167756615
}