{
  "minPB": 0.5588,
  "maxPB": 3.0534,
  "medianPB": 1.44,
  "hienTaiPB": 0.91877400625454,
  "minPE": 2.4706,
  "maxPE": 22.3459,
  "medianPE": 6.73,
  "hienTaiPE": 14.907449260801087,
  "minPS": 0.1556,
  "maxPS": 1.2629,
  "medianPS": 0.6,
  "hienTaiPS": 0.5208333832169307
}