{
  "minPB": 0.5588,
  "maxPB": 3.0534,
  "medianPB": 1.44,
  "hienTaiPB": 0.958474117635909,
  "minPE": 2.4706,
  "maxPE": 22.3459,
  "medianPE": 6.73,
  "hienTaiPE": 15.551598302934467,
  "minPS": 0.1556,
  "maxPS": 1.2629,
  "medianPS": 0.6,
  "hienTaiPS": 0.5433385294053166
}