{
  "minPB": 0.5588,
  "maxPB": 3.0534,
  "medianPB": 1.44,
  "hienTaiPB": 0.937678821198049,
  "minPE": 2.4706,
  "maxPE": 22.3459,
  "medianPE": 6.72,
  "hienTaiPE": 15.214186899912221,
  "minPS": 0.1573,
  "maxPS": 1.2623,
  "medianPS": 0.6,
  "hienTaiPS": 0.5315501194971145
}