{
  "minPB": 0.5588,
  "maxPB": 3.0534,
  "medianPB": 1.44,
  "hienTaiPB": 0.9698170066020144,
  "minPE": 2.4706,
  "maxPE": 22.3459,
  "medianPE": 6.74,
  "hienTaiPE": 15.735640886401148,
  "minPS": 0.1556,
  "maxPS": 1.2629,
  "medianPS": 0.6,
  "hienTaiPS": 0.5497685711734268
}