{
  "minPB": 0.5588,
  "maxPB": 3.0534,
  "medianPB": 1.44,
  "hienTaiPB": 0.9357883397036981,
  "minPE": 2.4706,
  "maxPE": 22.3459,
  "medianPE": 6.73,
  "hienTaiPE": 15.183513136001109,
  "minPS": 0.1573,
  "maxPS": 1.2623,
  "medianPS": 0.6,
  "hienTaiPS": 0.5304784458690961
}