{
  "minPB": 0.2117,
  "maxPB": 1.3855,
  "medianPB": 0.64,
  "hienTaiPB": 0.7978119471358145,
  "minPE": -37.3356,
  "maxPE": 504.1785,
  "medianPE": 18.24,
  "hienTaiPE": 49.0418711975272,
  "minPS": 0.0771,
  "maxPS": 0.3961,
  "medianPS": 0.16,
  "hienTaiPS": 0.24934377200320748
}