{
  "minPB": 0.4157,
  "maxPB": 1.6476,
  "medianPB": 0.71,
  "hienTaiPB": 0.40749736477405946,
  "minPE": 1.5161,
  "maxPE": 82.2794,
  "medianPE": 10.65,
  "hienTaiPE": 19.772021113002065,
  "minPS": 0.2672,
  "maxPS": 2.5587,
  "medianPS": 0.7,
  "hienTaiPS": 0.7248813123221716
}