{
  "minPB": 0.4212,
  "maxPB": 1.6476,
  "medianPB": 0.71,
  "hienTaiPB": 0.39197365563980957,
  "minPE": 1.5161,
  "maxPE": 82.2794,
  "medianPE": 10.61,
  "hienTaiPE": 19.018801261078178,
  "minPS": 0.2672,
  "maxPS": 2.5587,
  "medianPS": 0.7,
  "hienTaiPS": 0.6972667861384698
}