{
  "minPB": 0.4197,
  "maxPB": 1.6476,
  "medianPB": 0.71,
  "hienTaiPB": 0.39585458292337206,
  "minPE": 1.5161,
  "maxPE": 82.2794,
  "medianPE": 10.61,
  "hienTaiPE": 19.20710622405915,
  "minPS": 0.2672,
  "maxPS": 2.5587,
  "medianPS": 0.7,
  "hienTaiPS": 0.7041704176843953
}