{
  "minPB": 0.4173,
  "maxPB": 1.6476,
  "medianPB": 0.71,
  "hienTaiPB": 0.3997355102069345,
  "minPE": 1.5161,
  "maxPE": 82.2794,
  "medianPE": 10.61,
  "hienTaiPE": 19.39541118704012,
  "minPS": 0.2672,
  "maxPS": 2.5587,
  "medianPS": 0.7,
  "hienTaiPS": 0.7110740492303207
}