{
  "minPB": 0.5321,
  "maxPB": 2.8011,
  "medianPB": 1.08,
  "hienTaiPB": 1.4303299782753434,
  "minPE": 2.2586,
  "maxPE": 69.2324,
  "medianPE": 6.96,
  "hienTaiPE": 12.109492175211996,
  "minPS": 0.6146,
  "maxPS": 6.6784,
  "medianPS": 1.89,
  "hienTaiPS": 3.08432845475221
}