{
  "minPB": 0.5321,
  "maxPB": 2.8011,
  "medianPB": 1.09,
  "hienTaiPB": 1.5073165776725996,
  "minPE": 2.2586,
  "maxPE": 69.1209,
  "medianPE": 6.98,
  "hienTaiPE": 12.76127787302794,
  "minPS": 0.6146,
  "maxPS": 6.7243,
  "medianPS": 1.93,
  "hienTaiPS": 3.2503404678975127
}