{
  "minPB": 0.5321,
  "maxPB": 2.8011,
  "medianPB": 1.08,
  "hienTaiPB": 1.4404597939855086,
  "minPE": 2.2586,
  "maxPE": 69.2324,
  "medianPE": 6.96,
  "hienTaiPE": 12.19525345124041,
  "minPS": 0.6146,
  "maxPS": 6.6784,
  "medianPS": 1.88,
  "hienTaiPS": 3.1061721406923812
}