{
  "minPB": 0.5321,
  "maxPB": 2.8011,
  "medianPB": 1.08,
  "hienTaiPB": 1.4566674991217732,
  "minPE": 2.2586,
  "maxPE": 69.2324,
  "medianPE": 6.97,
  "hienTaiPE": 12.33247149288587,
  "minPS": 0.6146,
  "maxPS": 6.7243,
  "medianPS": 1.92,
  "hienTaiPS": 3.1411220381966554
}