{
  "minPB": 0,
  "maxPB": 1.3487,
  "medianPB": 1.03,
  "hienTaiPB": 0.9286144428337143,
  "minPE": 0,
  "maxPE": 8.9177,
  "medianPE": 6.21,
  "hienTaiPE": 7.216232190707296,
  "minPS": 0,
  "maxPS": 0.806,
  "medianPS": 0.5,
  "hienTaiPS": 0.1675563196776403
}