{
  "minPB": 0,
  "maxPB": 1.3487,
  "medianPB": 1.03,
  "hienTaiPB": 0.9595682575948381,
  "minPE": 0,
  "maxPE": 8.9177,
  "medianPE": 6.2,
  "hienTaiPE": 7.456773263730872,
  "minPS": 0.182,
  "maxPS": 0.806,
  "medianPS": 0.5,
  "hienTaiPS": 0.1731415303335616
}