{
  "minPB": 0,
  "maxPB": 1.3487,
  "medianPB": 1.03,
  "hienTaiPB": 0.9544092884679841,
  "minPE": 0,
  "maxPE": 8.9177,
  "medianPE": 6.2,
  "hienTaiPE": 7.416683084893609,
  "minPS": 0.1815,
  "maxPS": 0.806,
  "medianPS": 0.5,
  "hienTaiPS": 0.17221066189090806
}