{
  "minPB": 0.5106,
  "maxPB": 1.2114,
  "medianPB": 0.79,
  "hienTaiPB": 0.7722503450081935,
  "minPE": 2.5813,
  "maxPE": 11.2843,
  "medianPE": 5.3,
  "hienTaiPE": 10.220299459129432,
  "minPS": 0.1968,
  "maxPS": 0.6373,
  "medianPS": 0.39,
  "hienTaiPS": 0.4845862343075381
}