{
  "minPB": 0,
  "maxPB": 1.1936,
  "medianPB": 0.75,
  "hienTaiPB": 0.7584601602759042,
  "minPE": 0,
  "maxPE": 11.2346,
  "medianPE": 5.21,
  "hienTaiPE": 10.037794111644978,
  "minPS": 0,
  "maxPS": 0.6237,
  "medianPS": 0.38,
  "hienTaiPS": 0.47593290869490346
}