{
  "minPB": 0.5106,
  "maxPB": 1.2114,
  "medianPB": 0.79,
  "hienTaiPB": 0.7262830625672295,
  "minPE": 2.5813,
  "maxPE": 11.2843,
  "medianPE": 5.3,
  "hienTaiPE": 9.611948300847917,
  "minPS": 0.1959,
  "maxPS": 0.6373,
  "medianPS": 0.38,
  "hienTaiPS": 0.45574181559875604
}