{
  "minPB": 0,
  "maxPB": 1.1936,
  "medianPB": 0.75,
  "hienTaiPB": 0.7768470732522899,
  "minPE": 0,
  "maxPE": 11.2346,
  "medianPE": 5.21,
  "hienTaiPE": 10.281134574957584,
  "minPS": 0,
  "maxPS": 0.6237,
  "medianPS": 0.38,
  "hienTaiPS": 0.4874706761784163
}