{
  "minPB": 0,
  "maxPB": 1.1936,
  "medianPB": 0.75,
  "hienTaiPB": 0.7446699755436151,
  "minPE": 0,
  "maxPE": 11.2346,
  "medianPE": 5.21,
  "hienTaiPE": 9.855288764160523,
  "minPS": 0,
  "maxPS": 0.6237,
  "medianPS": 0.38,
  "hienTaiPS": 0.46727958308226886
}