{
  "minPB": 0.2881,
  "maxPB": 1.3492,
  "medianPB": 0.58,
  "hienTaiPB": 0.33721560440732135,
  "minPE": -24.4937,
  "maxPE": 963.8272,
  "medianPE": 14.66,
  "hienTaiPE": 33.472457324941416,
  "minPS": 0.6248,
  "maxPS": 23.1468,
  "medianPS": 2.27,
  "hienTaiPS": 4.194773105479033
}