{
  "minPB": 0.2881,
  "maxPB": 1.3492,
  "medianPB": 0.58,
  "hienTaiPB": 0.3208105209496679,
  "minPE": -24.4937,
  "maxPE": 963.8272,
  "medianPE": 14.6,
  "hienTaiPE": 31.844067509133456,
  "minPS": 0.6248,
  "maxPS": 23.0082,
  "medianPS": 2.38,
  "hienTaiPS": 3.990703062509783
}