{
  "minPB": 0.2881,
  "maxPB": 1.3492,
  "medianPB": 0.58,
  "hienTaiPB": 0.32627888210221906,
  "minPE": -24.4937,
  "maxPE": 963.8272,
  "medianPE": 14.58,
  "hienTaiPE": 32.386864114402776,
  "minPS": 0.6248,
  "maxPS": 23.0082,
  "medianPS": 2.37,
  "hienTaiPS": 4.0587264101662
}