{
  "minPB": 0.2881,
  "maxPB": 1.3492,
  "medianPB": 0.58,
  "hienTaiPB": 0.32719027562764424,
  "minPE": -24.4937,
  "maxPE": 963.8272,
  "medianPE": 14.63,
  "hienTaiPE": 32.47733021528099,
  "minPS": 0.6248,
  "maxPS": 23.1468,
  "medianPS": 2.27,
  "hienTaiPS": 4.070063634775603
}