{
  "minPB": 0.2881,
  "maxPB": 1.3492,
  "medianPB": 0.58,
  "hienTaiPB": 0.32810166915306943,
  "minPE": -24.4937,
  "maxPE": 963.8272,
  "medianPE": 14.6,
  "hienTaiPE": 32.56779631615922,
  "minPS": 0.6248,
  "maxPS": 23.0082,
  "medianPS": 2.38,
  "hienTaiPS": 4.081400859385005
}