{
  "minPB": 0.775,
  "maxPB": 0.9392,
  "medianPB": 0.81,
  "hienTaiPB": 0.8263397934417744,
  "minPE": 8.605,
  "maxPE": 10.9913,
  "medianPE": 9.73,
  "hienTaiPE": 8.810620861017973,
  "minPS": 0.8707,
  "maxPS": 2.3273,
  "medianPS": 1.1,
  "hienTaiPS": 1.1223199255239729
}