{
  "minPB": 0.729,
  "maxPB": 1.6242,
  "medianPB": 0.88,
  "hienTaiPB": 0.8979559088733949,
  "minPE": 0,
  "maxPE": 18.9796,
  "medianPE": 9.5,
  "hienTaiPE": 9.574208002306198,
  "minPS": 0.867,
  "maxPS": 2.3273,
  "medianPS": 1.09,
  "hienTaiPS": 1.2195876524027172
}