{
  "minPB": 0.729,
  "maxPB": 1.6242,
  "medianPB": 0.88,
  "hienTaiPB": 0.8814291130045594,
  "minPE": 0,
  "maxPE": 18.9796,
  "medianPE": 9.5,
  "hienTaiPE": 9.39799558508584,
  "minPS": 0.867,
  "maxPS": 2.3273,
  "medianPS": 1.09,
  "hienTaiPS": 1.1971412538922377
}