{
  "minPB": 0.775,
  "maxPB": 0.9392,
  "medianPB": 0.81,
  "hienTaiPB": 0.9034648408296735,
  "minPE": 8.605,
  "maxPE": 10.9913,
  "medianPE": 9.73,
  "hienTaiPE": 9.632945474712985,
  "minPS": 0.8707,
  "maxPS": 2.3273,
  "medianPS": 1.1,
  "hienTaiPS": 1.2270697852395436
}