{
  "minPB": 0.729,
  "maxPB": 1.6242,
  "medianPB": 0.88,
  "hienTaiPB": 0.9112774629680414,
  "minPE": 0,
  "maxPE": 18.9796,
  "medianPE": 9.5,
  "hienTaiPE": 9.691682947119771,
  "minPS": 0.867,
  "maxPS": 2.3273,
  "medianPS": 1.1,
  "hienTaiPS": 1.2345519180763702
}