{
  "minPB": 0.775,
  "maxPB": 0.9392,
  "medianPB": 0.81,
  "hienTaiPB": 0.787777269747825,
  "minPE": 8.605,
  "maxPE": 10.9913,
  "medianPE": 9.74,
  "hienTaiPE": 8.399458554170469,
  "minPS": 0.8707,
  "maxPS": 2.3273,
  "medianPS": 1.1,
  "hienTaiPS": 1.0699449956661875
}