{
  "minPB": 0.5824,
  "maxPB": 3.9219,
  "medianPB": 1.48,
  "hienTaiPB": 0.5642099518588036,
  "minPE": 7.3962,
  "maxPE": 69.327,
  "medianPE": 20.32,
  "hienTaiPE": 8.63051252811224,
  "minPS": 0.1622,
  "maxPS": 2.5448,
  "medianPS": 0.45,
  "hienTaiPS": 0.17292157225387877
}