{
  "minPB": 0.5832,
  "maxPB": 3.9219,
  "medianPB": 1.48,
  "hienTaiPB": 0.5626725950417497,
  "minPE": 7.3962,
  "maxPE": 69.327,
  "medianPE": 20.45,
  "hienTaiPE": 8.606996145201853,
  "minPS": 0.1622,
  "maxPS": 2.5448,
  "medianPS": 0.45,
  "hienTaiPS": 0.1724503963076829
}