{
  "minPB": 0.5785,
  "maxPB": 3.9219,
  "medianPB": 1.47,
  "hienTaiPB": 0.5619039166332227,
  "minPE": 7.4043,
  "maxPE": 69.0431,
  "medianPE": 20.21,
  "hienTaiPE": 8.59523795374666,
  "minPS": 0.1635,
  "maxPS": 2.5506,
  "medianPS": 0.46,
  "hienTaiPS": 0.172214808334585
}