{
  "minPB": 0.5672,
  "maxPB": 2.0556,
  "medianPB": 0.98,
  "hienTaiPB": 1.3356951569515496,
  "minPE": -27.0015,
  "maxPE": 45.5673,
  "medianPE": 7.11,
  "hienTaiPE": 11.74933010148087,
  "minPS": 0.1874,
  "maxPS": 0.7624,
  "medianPS": 0.36,
  "hienTaiPS": 0.665712708529875
}