{
  "minPB": 0.5672,
  "maxPB": 2.0556,
  "medianPB": 0.98,
  "hienTaiPB": 1.357956742900742,
  "minPE": -27.0015,
  "maxPE": 45.5673,
  "medianPE": 7.11,
  "hienTaiPE": 11.945152269838884,
  "minPS": 0.1865,
  "maxPS": 0.7492,
  "medianPS": 0.36,
  "hienTaiPS": 0.6768079203387062
}