{
  "minPB": 0.5672,
  "maxPB": 2.0556,
  "medianPB": 0.98,
  "hienTaiPB": 1.4000064052492167,
  "minPE": -27.0015,
  "maxPE": 45.5673,
  "medianPE": 7.12,
  "hienTaiPE": 12.315038587848466,
  "minPS": 0.1865,
  "maxPS": 0.7492,
  "medianPS": 0.36,
  "hienTaiPS": 0.6977655426442764
}