{
  "minPB": 0.5672,
  "maxPB": 2.0556,
  "medianPB": 0.98,
  "hienTaiPB": 1.296119004152985,
  "minPE": -27.0015,
  "maxPE": 45.5673,
  "medianPE": 7.11,
  "hienTaiPE": 11.401201802177733,
  "minPS": 0.1874,
  "maxPS": 0.7624,
  "medianPS": 0.36,
  "hienTaiPS": 0.6459878875363972
}