{
  "minPB": 0.5675,
  "maxPB": 2.0528,
  "medianPB": 0.98,
  "hienTaiPB": 1.4643176535468838,
  "minPE": -26.7315,
  "maxPE": 45.3857,
  "medianPE": 7.12,
  "hienTaiPE": 12.880747074216064,
  "minPS": 0.1865,
  "maxPS": 0.7492,
  "medianPS": 0.36,
  "hienTaiPS": 0.7298183767586778
}