{
  "minPB": 0.5672,
  "maxPB": 2.0556,
  "medianPB": 0.98,
  "hienTaiPB": 1.2985925137028953,
  "minPE": -27.0015,
  "maxPE": 45.5673,
  "medianPE": 7.11,
  "hienTaiPE": 11.422959820884179,
  "minPS": 0.1874,
  "maxPS": 0.7624,
  "medianPS": 0.36,
  "hienTaiPS": 0.6472206888484896
}