{
  "minPB": 2.1215,
  "maxPB": 3.3236,
  "medianPB": 2.6,
  "hienTaiPB": 3.3228200196948476,
  "minPE": 11.6854,
  "maxPE": 20.43,
  "medianPE": 15.28,
  "hienTaiPE": 20.05826317571835,
  "minPS": 1.4092,
  "maxPS": 3.225,
  "medianPS": 1.95,
  "hienTaiPS": 3.195089641315849
}