{
  "minPB": 2.1215,
  "maxPB": 3.3254,
  "medianPB": 2.6,
  "hienTaiPB": 3.2946605280025185,
  "minPE": 11.6854,
  "maxPE": 20.43,
  "medianPE": 15.29,
  "hienTaiPE": 19.888277894568194,
  "minPS": 1.4092,
  "maxPS": 3.225,
  "medianPS": 1.95,
  "hienTaiPS": 3.1680126104572404
}