{
  "minPB": 2.1215,
  "maxPB": 3.3254,
  "medianPB": 2.6,
  "hienTaiPB": 3.345347613048711,
  "minPE": 11.6854,
  "maxPE": 20.43,
  "medianPE": 15.28,
  "hienTaiPE": 20.194251400638475,
  "minPS": 1.4092,
  "maxPS": 3.225,
  "medianPS": 1.95,
  "hienTaiPS": 3.216751266002736
}