{
  "minPB": 2.1215,
  "maxPB": 3.331,
  "medianPB": 2.6,
  "hienTaiPB": 3.390402799756438,
  "minPE": 11.6853,
  "maxPE": 20.4394,
  "medianPE": 15.29,
  "hienTaiPE": 20.466227850478724,
  "minPS": 1.4092,
  "maxPS": 3.1311,
  "medianPS": 1.94,
  "hienTaiPS": 3.2600745153765107
}