{
  "minPB": 2.1215,
  "maxPB": 3.3265,
  "medianPB": 2.6,
  "hienTaiPB": 3.379139003079506,
  "minPE": 11.6854,
  "maxPE": 20.43,
  "medianPE": 15.29,
  "hienTaiPE": 20.39823373801866,
  "minPS": 1.4092,
  "maxPS": 3.225,
  "medianPS": 1.95,
  "hienTaiPS": 3.2492437030330668
}