{
  "minPB": 2.1215,
  "maxPB": 3.331,
  "medianPB": 2.6,
  "hienTaiPB": 3.30592432467945,
  "minPE": 11.6853,
  "maxPE": 20.4394,
  "medianPE": 15.29,
  "hienTaiPE": 19.956272007028257,
  "minPS": 1.4092,
  "maxPS": 3.1626,
  "medianPS": 1.94,
  "hienTaiPS": 3.178843422800684
}