{
  "minPB": 2.1215,
  "maxPB": 3.3299,
  "medianPB": 2.6,
  "hienTaiPB": 3.3678752064025743,
  "minPE": 11.6853,
  "maxPE": 20.4175,
  "medianPE": 15.29,
  "hienTaiPE": 20.330239625558598,
  "minPS": 1.4092,
  "maxPS": 3.1145,
  "medianPS": 1.94,
  "hienTaiPS": 3.2384128906896232
}