{
  "minPB": 2.1215,
  "maxPB": 3.331,
  "medianPB": 2.6,
  "hienTaiPB": 3.3171881213563816,
  "minPE": 11.6853,
  "maxPE": 20.4394,
  "medianPE": 15.29,
  "hienTaiPE": 20.024266119488317,
  "minPS": 1.4092,
  "maxPS": 3.1355,
  "medianPS": 1.94,
  "hienTaiPS": 3.1896742351441274
}