{
  "minPB": 0.5916,
  "maxPB": 1.5473,
  "medianPB": 0.95,
  "hienTaiPB": 0.9473286258503931,
  "minPE": 4.0137,
  "maxPE": 30.4588,
  "medianPE": 7.1,
  "hienTaiPE": 16.263626594815953,
  "minPS": 0.0837,
  "maxPS": 0.3434,
  "medianPS": 0.23,
  "hienTaiPS": 0.28606350782808604
}