{
  "minPB": 0.5916,
  "maxPB": 1.5473,
  "medianPB": 0.95,
  "hienTaiPB": 0.9629869502446144,
  "minPE": 4.0137,
  "maxPE": 30.4588,
  "medianPE": 7.1,
  "hienTaiPE": 16.53244686911043,
  "minPS": 0.0837,
  "maxPS": 0.3434,
  "medianPS": 0.23,
  "hienTaiPS": 0.29079183027152544
}