{
  "minPB": 0.5916,
  "maxPB": 1.5473,
  "medianPB": 0.95,
  "hienTaiPB": 0.9394994636532824,
  "minPE": 4.0137,
  "maxPE": 30.4588,
  "medianPE": 7.13,
  "hienTaiPE": 16.129216457668715,
  "minPS": 0.0837,
  "maxPS": 0.3434,
  "medianPS": 0.23,
  "hienTaiPS": 0.2836993466063663
}