{
  "minPB": 0.5916,
  "maxPB": 1.5474,
  "medianPB": 0.95,
  "hienTaiPB": 0.9551577880475038,
  "minPE": 4.0137,
  "maxPE": 30.4588,
  "medianPE": 7.1,
  "hienTaiPE": 16.39803673196319,
  "minPS": 0.0834,
  "maxPS": 0.3427,
  "medianPS": 0.23,
  "hienTaiPS": 0.2884276690498057
}