{
  "minPB": 0.2667,
  "maxPB": 1.5082,
  "medianPB": 0.55,
  "hienTaiPB": 0.6420647830010973,
  "minPE": -3.7437,
  "maxPE": 307.0749,
  "medianPE": 5.42,
  "hienTaiPE": 13.813697816016646,
  "minPS": 0.0781,
  "maxPS": 0.439,
  "medianPS": 0.17,
  "hienTaiPS": 0.3070366253140907
}