{
  "minPB": 0.2667,
  "maxPB": 1.5082,
  "medianPB": 0.55,
  "hienTaiPB": 0.6604094910868429,
  "minPE": -3.7437,
  "maxPE": 307.0749,
  "medianPE": 5.43,
  "hienTaiPE": 14.208374896474265,
  "minPS": 0.0781,
  "maxPS": 0.439,
  "medianPS": 0.17,
  "hienTaiPS": 0.3158091003230647
}