{
  "minPB": 0.4098,
  "maxPB": 2.2236,
  "medianPB": 0.74,
  "hienTaiPB": 1.0109507348322637,
  "minPE": -145.6633,
  "maxPE": 342.0487,
  "medianPE": 7,
  "hienTaiPE": 8.79870757186527,
  "minPS": 0.1359,
  "maxPS": 2.0758,
  "medianPS": 0.43,
  "hienTaiPS": 0.9851634934738545
}