{
  "minPB": 0.4098,
  "maxPB": 2.2236,
  "medianPB": 0.74,
  "hienTaiPB": 0.8972695277025313,
  "minPE": -145.6633,
  "maxPE": 342.0487,
  "medianPE": 7.02,
  "hienTaiPE": 7.80929467221777,
  "minPS": 0.1357,
  "maxPS": 2.1044,
  "medianPS": 0.4,
  "hienTaiPS": 0.8743820564567142
}