{
  "minPB": 0.4098,
  "maxPB": 2.2236,
  "medianPB": 0.74,
  "hienTaiPB": 1.0068906917204876,
  "minPE": -145.6633,
  "maxPE": 342.0487,
  "medianPE": 6.97,
  "hienTaiPE": 8.76337139687786,
  "minPS": 0.1359,
  "maxPS": 2.0758,
  "medianPS": 0.43,
  "hienTaiPS": 0.9812070135803852
}