{
  "minPB": 0.4098,
  "maxPB": 2.2236,
  "medianPB": 0.74,
  "hienTaiPB": 1.0393710366146969,
  "minPE": -145.6633,
  "maxPE": 342.0487,
  "medianPE": 6.96,
  "hienTaiPE": 9.046060796777144,
  "minPS": 0.1359,
  "maxPS": 2.0758,
  "medianPS": 0.43,
  "hienTaiPS": 1.0128588527281395
}