{
  "minPB": 0.4098,
  "maxPB": 2.2195,
  "medianPB": 0.74,
  "hienTaiPB": 1.01501077794404,
  "minPE": -138.5541,
  "maxPE": 327.0601,
  "medianPE": 6.96,
  "hienTaiPE": 8.83404374685268,
  "minPS": 0.1359,
  "maxPS": 2.0758,
  "medianPS": 0.43,
  "hienTaiPS": 0.9891199733673237
}