{
  "minPB": 0.4098,
  "maxPB": 2.2236,
  "medianPB": 0.74,
  "hienTaiPB": 0.9053896139260836,
  "minPE": -145.6633,
  "maxPE": 342.0487,
  "medianPE": 7.01,
  "hienTaiPE": 7.8799670221925915,
  "minPS": 0.1359,
  "maxPS": 2.0758,
  "medianPS": 0.42,
  "hienTaiPS": 0.8822950162436528
}