{
  "minPB": 0.4098,
  "maxPB": 2.2236,
  "medianPB": 0.74,
  "hienTaiPB": 0.8850893983672028,
  "minPE": -145.6633,
  "maxPE": 342.0487,
  "medianPE": 7.02,
  "hienTaiPE": 7.703286147255538,
  "minPS": 0.1357,
  "maxPS": 2.1044,
  "medianPS": 0.4,
  "hienTaiPS": 0.8625126167763063
}