{
  "minPB": 0.2949,
  "maxPB": 9.4757,
  "medianPB": 0.83,
  "hienTaiPB": 2.72348927726149,
  "minPE": -525.4699,
  "maxPE": 385.298,
  "medianPE": 25.54,
  "hienTaiPE": 33.51600862875157,
  "minPS": 0.0891,
  "maxPS": 13.0491,
  "medianPS": 0.7,
  "hienTaiPS": 0.9951711049275461
}