{
  "minPB": 0.2949,
  "maxPB": 9.4757,
  "medianPB": 0.83,
  "hienTaiPB": 2.630643051900303,
  "minPE": -525.4699,
  "maxPE": 385.298,
  "medianPE": 25.38,
  "hienTaiPE": 32.37341742549867,
  "minPS": 0.0891,
  "maxPS": 13.0491,
  "medianPS": 0.69,
  "hienTaiPS": 0.9612448172595616
}