{
  "minPB": 2.6926,
  "maxPB": 4.3715,
  "medianPB": 3.74,
  "hienTaiPB": 3.088684430348826,
  "minPE": 27.0716,
  "maxPE": 43.9516,
  "medianPE": 38.01,
  "hienTaiPE": 38.01020069487962,
  "minPS": 0.0891,
  "maxPS": 13.0491,
  "medianPS": 0.98,
  "hienTaiPS": 1.1286145030882853
}