{
  "minPB": 0.2949,
  "maxPB": 9.4757,
  "medianPB": 0.83,
  "hienTaiPB": 3.5591053055121744,
  "minPE": -525.4699,
  "maxPE": 385.298,
  "medianPE": 25.65,
  "hienTaiPE": 43.79932945802762,
  "minPS": 0.0891,
  "maxPS": 13.0491,
  "medianPS": 0.7,
  "hienTaiPS": 1.300507693939407
}