{
  "minPB": 0.4263,
  "maxPB": 2.4525,
  "medianPB": 1.29,
  "hienTaiPB": 1.2180254257774028,
  "minPE": -17.4613,
  "maxPE": 169.9746,
  "medianPE": 12.92,
  "hienTaiPE": 33.74516279694661,
  "minPS": 0.152,
  "maxPS": 3.4134,
  "medianPS": 1.3,
  "hienTaiPS": 1.3833555487418323
}