{
  "minPB": 0.4253,
  "maxPB": 2.4525,
  "medianPB": 1.29,
  "hienTaiPB": 1.279541861422726,
  "minPE": -17.4613,
  "maxPE": 171.4212,
  "medianPE": 12.89,
  "hienTaiPE": 35.449463948307546,
  "minPS": 0.1506,
  "maxPS": 3.43,
  "medianPS": 1.32,
  "hienTaiPS": 1.4532219905974806
}