{
  "minPB": 0.4263,
  "maxPB": 2.4525,
  "medianPB": 1.29,
  "hienTaiPB": 1.1909581940934604,
  "minPE": -17.4613,
  "maxPE": 169.9746,
  "medianPE": 12.94,
  "hienTaiPE": 32.99527029034779,
  "minPS": 0.1527,
  "maxPS": 3.4134,
  "medianPS": 1.3,
  "hienTaiPS": 1.3526143143253473
}