{
  "minPB": 0.4253,
  "maxPB": 2.4525,
  "medianPB": 1.29,
  "hienTaiPB": 1.1909581940934604,
  "minPE": -17.4613,
  "maxPE": 171.4212,
  "medianPE": 12.9,
  "hienTaiPE": 32.99527029034779,
  "minPS": 0.1506,
  "maxPS": 3.43,
  "medianPS": 1.32,
  "hienTaiPS": 1.3526143143253473
}