{
  "minPB": 0.4253,
  "maxPB": 2.4525,
  "medianPB": 1.29,
  "hienTaiPB": 1.2303287129064675,
  "minPE": -17.4613,
  "maxPE": 171.4212,
  "medianPE": 12.9,
  "hienTaiPE": 34.08602302721879,
  "minPS": 0.1506,
  "maxPS": 3.43,
  "medianPS": 1.32,
  "hienTaiPS": 1.397328837112962
}