{
  "minPB": 0.4253,
  "maxPB": 2.4525,
  "medianPB": 1.29,
  "hienTaiPB": 1.2549352871645967,
  "minPE": -17.4613,
  "maxPE": 171.4212,
  "medianPE": 12.92,
  "hienTaiPE": 34.76774348776317,
  "minPS": 0.152,
  "maxPS": 3.4134,
  "medianPS": 1.3,
  "hienTaiPS": 1.4252754138552213
}