{
  "minPB": 0.4263,
  "maxPB": 2.4525,
  "medianPB": 1.29,
  "hienTaiPB": 1.1786549069643957,
  "minPE": -17.4613,
  "maxPE": 169.9746,
  "medianPE": 12.92,
  "hienTaiPE": 32.654410060075605,
  "minPS": 0.152,
  "maxPS": 3.4134,
  "medianPS": 1.3,
  "hienTaiPS": 1.3386410259542176
}