{
  "minPB": 0.4258,
  "maxPB": 2.4525,
  "medianPB": 1.29,
  "hienTaiPB": 1.2303287129064675,
  "minPE": -17.4613,
  "maxPE": 170.6979,
  "medianPE": 12.92,
  "hienTaiPE": 34.08602302721879,
  "minPS": 0.152,
  "maxPS": 3.4134,
  "medianPS": 1.3,
  "hienTaiPS": 1.397328837112962
}