{
  "minPB": 0.5461,
  "maxPB": 2.9276,
  "medianPB": 1.1,
  "hienTaiPB": 1.8740486530999017,
  "minPE": 3.1711,
  "maxPE": 18.3931,
  "medianPE": 8.95,
  "hienTaiPE": 14.177125755423589,
  "minPS": 0.4713,
  "maxPS": 2.285,
  "medianPS": 1.14,
  "hienTaiPS": 1.4045899743353527
}