{
  "minPB": 0.5461,
  "maxPB": 2.9276,
  "medianPB": 1.1,
  "hienTaiPB": 1.8189295750675516,
  "minPE": 3.1711,
  "maxPE": 18.3931,
  "medianPE": 8.94,
  "hienTaiPE": 13.760151468499366,
  "minPS": 0.4758,
  "maxPS": 2.285,
  "medianPS": 1.15,
  "hienTaiPS": 1.36327850450196
}