{
  "minPB": 0.5461,
  "maxPB": 2.9276,
  "medianPB": 1.1,
  "hienTaiPB": 1.7900576770506063,
  "minPE": 3.1711,
  "maxPE": 18.3931,
  "medianPE": 8.94,
  "hienTaiPE": 13.541736365824773,
  "minPS": 0.4758,
  "maxPS": 2.285,
  "medianPS": 1.15,
  "hienTaiPS": 1.341639163160659
}