{
  "minPB": 0.5461,
  "maxPB": 2.9276,
  "medianPB": 1.1,
  "hienTaiPB": 1.881922807104523,
  "minPE": 3.1711,
  "maxPE": 18.3931,
  "medianPE": 8.95,
  "hienTaiPE": 14.236693510698478,
  "minPS": 0.4713,
  "maxPS": 2.285,
  "medianPS": 1.14,
  "hienTaiPS": 1.41049161288298
}