{
  "minPB": 1.0399,
  "maxPB": 1.3134,
  "medianPB": 1.07,
  "hienTaiPB": 1.0523156578824782,
  "minPE": 21.0001,
  "maxPE": 27.4294,
  "medianPE": 21.71,
  "hienTaiPE": 21.25034261258402,
  "minPS": 0.3751,
  "maxPS": 0.4816,
  "medianPS": 0.39,
  "hienTaiPS": 0.379609400172422
}