{
  "minPB": 1.0399,
  "maxPB": 1.3134,
  "medianPB": 1.08,
  "hienTaiPB": 1.0537966947343127,
  "minPE": 21.0001,
  "maxPE": 27.4294,
  "medianPE": 21.71,
  "hienTaiPE": 21.280250502186917,
  "minPS": 0.3751,
  "maxPS": 0.4816,
  "medianPS": 0.39,
  "hienTaiPS": 0.3801436652541461
}