{
  "minPB": 1.0399,
  "maxPB": 1.3134,
  "medianPB": 1.08,
  "hienTaiPB": 1.0505228237986783,
  "minPE": 21.0001,
  "maxPE": 27.4294,
  "medianPE": 21.72,
  "hienTaiPE": 21.214138325169987,
  "minPS": 0.3751,
  "maxPS": 0.4816,
  "medianPS": 0.39,
  "hienTaiPS": 0.3789626582313875
}