{
  "minPB": 1.0399,
  "maxPB": 1.3134,
  "medianPB": 1.08,
  "hienTaiPB": 1.0546541371222171,
  "minPE": 21.0001,
  "maxPE": 27.4294,
  "medianPE": 21.74,
  "hienTaiPE": 21.29756559616754,
  "minPS": 0.3751,
  "maxPS": 0.4816,
  "medianPS": 0.39,
  "hienTaiPS": 0.3804529766172496
}