{
  "minPB": 0.2909,
  "maxPB": 3.3092,
  "medianPB": 2.12,
  "hienTaiPB": 0.37971882424380204,
  "minPE": -2.4778,
  "maxPE": 63.7584,
  "medianPE": 28.93,
  "hienTaiPE": 19.37842623795218,
  "minPS": 0.4119,
  "maxPS": 2.9063,
  "medianPS": 1.06,
  "hienTaiPS": 0.8256360216939157
}