{
  "minPB": 0.2909,
  "maxPB": 3.3092,
  "medianPB": 2.12,
  "hienTaiPB": 0.34893081146727756,
  "minPE": -2.4778,
  "maxPE": 63.7584,
  "medianPE": 29.05,
  "hienTaiPE": 17.80720248892903,
  "minPS": 0.4128,
  "maxPS": 2.9011,
  "medianPS": 1.04,
  "hienTaiPS": 0.75869256047549
}