{
  "minPB": 0.2909,
  "maxPB": 3.3092,
  "medianPB": 2.12,
  "hienTaiPB": 0.36945615331829385,
  "minPE": -2.4778,
  "maxPE": 63.7584,
  "medianPE": 28.92,
  "hienTaiPE": 18.854684988277796,
  "minPS": 0.4119,
  "maxPS": 2.9063,
  "medianPS": 1.05,
  "hienTaiPS": 0.8033215346211071
}