{
  "minPB": 0.2909,
  "maxPB": 3.3092,
  "medianPB": 2.12,
  "hienTaiPB": 0.31814279869075307,
  "minPE": -2.4778,
  "maxPE": 63.7584,
  "medianPE": 29.11,
  "hienTaiPE": 36.705270100225285,
  "minPS": 0.4128,
  "maxPS": 2.9011,
  "medianPS": 1.04,
  "hienTaiPS": 0.8731841993068024
}