{
  "minPB": 0.2909,
  "maxPB": 3.3092,
  "medianPB": 2.12,
  "hienTaiPB": 0.3899814951693102,
  "minPE": -2.4778,
  "maxPE": 63.7584,
  "medianPE": 28.94,
  "hienTaiPE": 19.902167487626564,
  "minPS": 0.4119,
  "maxPS": 2.9063,
  "medianPS": 1.06,
  "hienTaiPS": 0.8479505087667242
}