{
  "minPB": -0.2607,
  "maxPB": 1.2568,
  "medianPB": 0,
  "hienTaiPB": -0.0421,
  "minPE": -41.6853,
  "maxPE": 168.4986,
  "medianPE": -0.15,
  "hienTaiPE": 1.92863291033213,
  "minPS": 0.0279,
  "maxPS": 0.5871,
  "medianPS": 0.08,
  "hienTaiPS": 0.1277152226402486
}