{
  "minPB": -0.2607,
  "maxPB": 1.2568,
  "medianPB": 0,
  "hienTaiPB": -0.0406,
  "minPE": -41.6853,
  "maxPE": 168.4986,
  "medianPE": -0.15,
  "hienTaiPE": 2.0000637588629497,
  "minPS": 0.0279,
  "maxPS": 0.5871,
  "medianPS": 0.08,
  "hienTaiPS": 0.13244541607136892
}