{
  "minPB": 0.1375,
  "maxPB": 1.5451,
  "medianPB": 0.78,
  "hienTaiPB": 0.5842675906664115,
  "minPE": 1.4726,
  "maxPE": 95.9791,
  "medianPE": 7.38,
  "hienTaiPE": 16.21544961608191,
  "minPS": 0.011,
  "maxPS": 0.1615,
  "medianPS": 0.07,
  "hienTaiPS": 0.08536229626184372
}