{
  "minPB": 0.1375,
  "maxPB": 1.5451,
  "medianPB": 0.78,
  "hienTaiPB": 0.5733290754118435,
  "minPE": 1.4726,
  "maxPE": 95.9791,
  "medianPE": 7.38,
  "hienTaiPE": 15.911867925399937,
  "minPS": 0.011,
  "maxPS": 0.1614,
  "medianPS": 0.07,
  "hienTaiPS": 0.08376416418205451
}