{
  "minPB": 0.1375,
  "maxPB": 1.5451,
  "medianPB": 0.78,
  "hienTaiPB": 0.5808728790356835,
  "minPE": 1.4726,
  "maxPE": 95.9791,
  "medianPE": 7.38,
  "hienTaiPE": 16.121234608628882,
  "minPS": 0.011,
  "maxPS": 0.1615,
  "medianPS": 0.07,
  "hienTaiPS": 0.08486632423708156
}