{
  "minPB": 0.566,
  "maxPB": 0.5907,
  "medianPB": 0.58,
  "hienTaiPB": 0.5774027293687172,
  "minPE": 14.1628,
  "maxPE": 16.1212,
  "medianPE": 14.52,
  "hienTaiPE": 16.024925934343567,
  "minPS": 0.011,
  "maxPS": 0.1618,
  "medianPS": 0.07,
  "hienTaiPS": 0.08435933061176912
}