{
  "minPB": 0.566,
  "maxPB": 0.5945,
  "medianPB": 0.58,
  "hienTaiPB": 0.5944517255585957,
  "minPE": 14.1628,
  "maxPE": 16.138,
  "medianPE": 14.52,
  "hienTaiPE": 16.498094638440985,
  "minPS": 0.011,
  "maxPS": 0.1618,
  "medianPS": 0.07,
  "hienTaiPS": 0.08685021233613022
}