{
  "minPB": 0.1375,
  "maxPB": 1.5451,
  "medianPB": 0.78,
  "hienTaiPB": 0.5884166826595236,
  "minPE": 1.4726,
  "maxPE": 95.9791,
  "medianPE": 7.38,
  "hienTaiPE": 16.33060129185783,
  "minPS": 0.011,
  "maxPS": 0.1615,
  "medianPS": 0.07,
  "hienTaiPS": 0.08596848429210859
}