{
  "minPB": 0.566,
  "maxPB": 0.5907,
  "medianPB": 0.58,
  "hienTaiPB": 0.5733290754118435,
  "minPE": 14.1628,
  "maxPE": 16.1212,
  "medianPE": 14.51,
  "hienTaiPE": 15.911867925399937,
  "minPS": 0.011,
  "maxPS": 0.1618,
  "medianPS": 0.07,
  "hienTaiPS": 0.08376416418205451
}