{
  "minPB": 1.4175,
  "maxPB": 1.7344,
  "medianPB": 1.55,
  "hienTaiPB": 1.5201407091086938,
  "minPE": 14.0707,
  "maxPE": 17.2166,
  "medianPE": 15.46,
  "hienTaiPE": 15.94850175077162,
  "minPS": 0.3344,
  "maxPS": 1.4758,
  "medianPS": 0.56,
  "hienTaiPS": 0.8025496303254621
}