{
  "minPB": 0.4881,
  "maxPB": 2.9862,
  "medianPB": 0.96,
  "hienTaiPB": 1.6846623708902704,
  "minPE": -44.9007,
  "maxPE": 169.5538,
  "medianPE": 14.86,
  "hienTaiPE": 17.67457486705688,
  "minPS": 0.3336,
  "maxPS": 1.5158,
  "medianPS": 0.56,
  "hienTaiPS": 0.889407904728726
}