{
  "minPB": 1.4175,
  "maxPB": 1.7344,
  "medianPB": 1.55,
  "hienTaiPB": 1.528522931637026,
  "minPE": 14.0707,
  "maxPE": 17.2166,
  "medianPE": 15.45,
  "hienTaiPE": 16.036443537915023,
  "minPS": 0.3344,
  "maxPS": 1.4758,
  "medianPS": 0.56,
  "hienTaiPS": 0.8069749769733807
}