{
  "minPB": 0.4881,
  "maxPB": 2.9862,
  "medianPB": 0.96,
  "hienTaiPB": 1.6135778367039249,
  "minPE": -44.9007,
  "maxPE": 169.5538,
  "medianPE": 14.82,
  "hienTaiPE": 16.928794025105457,
  "minPS": 0.3336,
  "maxPS": 1.5158,
  "medianPS": 0.56,
  "hienTaiPS": 0.8518792297243188
}