{
  "minPB": 0.4881,
  "maxPB": 2.9862,
  "medianPB": 0.96,
  "hienTaiPB": 1.6271373143232857,
  "minPE": -44.9007,
  "maxPE": 169.5538,
  "medianPE": 14.84,
  "hienTaiPE": 17.071052798425672,
  "minPS": 0.3336,
  "maxPS": 1.5158,
  "medianPS": 0.56,
  "hienTaiPS": 0.8590378787135988
}