{
  "minPB": 0.4881,
  "maxPB": 2.9862,
  "medianPB": 0.96,
  "hienTaiPB": 1.6107015838755756,
  "minPE": -44.9007,
  "maxPE": 169.5538,
  "medianPE": 14.8,
  "hienTaiPE": 16.898617921673896,
  "minPS": 0.3336,
  "maxPS": 1.5158,
  "medianPS": 0.56,
  "hienTaiPS": 0.8503607284235625
}