{
  "minPB": 1.4175,
  "maxPB": 1.7344,
  "medianPB": 1.55,
  "hienTaiPB": 1.4970485078296614,
  "minPE": 14.0707,
  "maxPE": 17.2166,
  "medianPE": 15.48,
  "hienTaiPE": 15.706230748935376,
  "minPS": 0.3344,
  "maxPS": 1.4758,
  "medianPS": 0.56,
  "hienTaiPS": 0.7903582341679611
}