{
  "minPB": 0.4881,
  "maxPB": 2.9862,
  "medianPB": 0.96,
  "hienTaiPB": 1.5942658534278658,
  "minPE": -44.9007,
  "maxPE": 169.5538,
  "medianPE": 14.83,
  "hienTaiPE": 16.72618304492212,
  "minPS": 0.3336,
  "maxPS": 1.5158,
  "medianPS": 0.56,
  "hienTaiPS": 0.8416835781335261
}