{
  "minPB": 0,
  "maxPB": 2.343,
  "medianPB": 1.01,
  "hienTaiPB": 0.48309809231865203,
  "minPE": -43.1791,
  "maxPE": 4426.3687,
  "medianPE": 0,
  "hienTaiPE": -0.3589,
  "minPS": 0.4704,
  "maxPS": 1.5861,
  "medianPS": 0.69,
  "hienTaiPS": 0.4937477369135483
}