{
  "minPB": 0.2499,
  "maxPB": 0.47,
  "medianPB": 0.27,
  "hienTaiPB": 0.48470841929304753,
  "minPE": -0.5583,
  "maxPE": -0.4711,
  "medianPE": -0.51,
  "hienTaiPE": -0.3482,
  "minPS": 0.4683,
  "maxPS": 1.5818,
  "medianPS": 0.67,
  "hienTaiPS": 0.4953935627032601
}