{
  "minPB": 0,
  "maxPB": 2.343,
  "medianPB": 1.01,
  "hienTaiPB": 0.4562593094120603,
  "minPE": -43.1791,
  "maxPE": 4426.3687,
  "medianPE": 0,
  "hienTaiPE": -0.3402,
  "minPS": 0.4693,
  "maxPS": 1.5861,
  "medianPS": 0.7,
  "hienTaiPS": 0.46631730708501784
}