{
  "minPB": 0.2499,
  "maxPB": 0.2959,
  "medianPB": 0.27,
  "hienTaiPB": 0.2810993688508684,
  "minPE": -0.5583,
  "maxPE": -0.4714,
  "medianPE": -0.51,
  "hienTaiPE": -0.4979,
  "minPS": 0.4683,
  "maxPS": 1.5818,
  "medianPS": 0.67,
  "hienTaiPS": 0.5600900364458091
}