{
  "minPB": 0.965,
  "maxPB": 6.0596,
  "medianPB": 2.12,
  "hienTaiPB": 3.059202716957017,
  "minPE": 3.4309,
  "maxPE": 20.345,
  "medianPE": 7.82,
  "hienTaiPE": 13.67231479293604,
  "minPS": 0.4884,
  "maxPS": 4.7024,
  "medianPS": 1.06,
  "hienTaiPS": 4.1422104963089605
}