{
  "minPB": 0.965,
  "maxPB": 6.0596,
  "medianPB": 2.12,
  "hienTaiPB": 3.1587120990141693,
  "minPE": 3.4309,
  "maxPE": 20.345,
  "medianPE": 7.82,
  "hienTaiPE": 14.117046222074295,
  "minPS": 0.4884,
  "maxPS": 4.7063,
  "medianPS": 1.06,
  "hienTaiPS": 4.276947826579234
}