{
  "minPB": 0.965,
  "maxPB": 6.0596,
  "medianPB": 2.12,
  "hienTaiPB": 3.1132220957880423,
  "minPE": 3.4309,
  "maxPE": 20.345,
  "medianPE": 7.83,
  "hienTaiPE": 13.913740425896808,
  "minPS": 0.4892,
  "maxPS": 4.7583,
  "medianPS": 1.02,
  "hienTaiPS": 4.215353618455681
}