{
  "minPB": 0.965,
  "maxPB": 6.0596,
  "medianPB": 2.12,
  "hienTaiPB": 3.1189083461913083,
  "minPE": 3.4309,
  "maxPE": 20.345,
  "medianPE": 7.83,
  "hienTaiPE": 13.939153650418994,
  "minPS": 0.4892,
  "maxPS": 4.7583,
  "medianPS": 1.02,
  "hienTaiPS": 4.223052894471125
}