{
  "minPB": 0.965,
  "maxPB": 6.0596,
  "medianPB": 2.13,
  "hienTaiPB": 3.170084599820701,
  "minPE": 3.4309,
  "maxPE": 20.345,
  "medianPE": 7.84,
  "hienTaiPE": 14.167872671118667,
  "minPS": 0.4892,
  "maxPS": 4.7583,
  "medianPS": 1.02,
  "hienTaiPS": 4.292346378610122
}