{
  "minPB": 0.4166,
  "maxPB": 0.5036,
  "medianPB": 0.47,
  "hienTaiPB": 0.46626138680135737,
  "minPE": 11.9427,
  "maxPE": 14.9082,
  "medianPE": 13.57,
  "hienTaiPE": 162.62420131403127,
  "minPS": 0.0532,
  "maxPS": 70.1445,
  "medianPS": 0.6,
  "hienTaiPS": 1.7390654891753639
}