{
  "minPB": 0,
  "maxPB": 14.2233,
  "medianPB": 0.55,
  "hienTaiPB": 0.46053123844504434,
  "minPE": -49.5543,
  "maxPE": 4899.9191,
  "medianPE": 23.7,
  "hienTaiPE": 160.62562106219215,
  "minPS": 0.0532,
  "maxPS": 70.1445,
  "medianPS": 0.54,
  "hienTaiPS": 1.717693135520515
}