{
  "minPB": 0.4166,
  "maxPB": 0.5036,
  "medianPB": 0.47,
  "hienTaiPB": 0.4391533268652766,
  "minPE": 11.9427,
  "maxPE": 14.4383,
  "medianPE": 13.57,
  "hienTaiPE": 12.590247191398577,
  "minPS": 0.0532,
  "maxPS": 70.1445,
  "medianPS": 0.6,
  "hienTaiPS": 1.5958696967738302
}