{
  "minPB": 0,
  "maxPB": 14.2233,
  "medianPB": 0.55,
  "hienTaiPB": 0.4632785698487561,
  "minPE": -49.5589,
  "maxPE": 5139.0173,
  "medianPE": 23.7,
  "hienTaiPE": 161.58384447060817,
  "minPS": 0.0532,
  "maxPS": 70.1445,
  "medianPS": 0.54,
  "hienTaiPS": 1.7279401543961275
}