{
  "minPB": 0.4166,
  "maxPB": 0.5036,
  "medianPB": 0.47,
  "hienTaiPB": 0.4765442557695354,
  "minPE": 11.9427,
  "maxPE": 162.6242,
  "medianPE": 13.57,
  "hienTaiPE": 166.21069464267404,
  "minPS": 0.0532,
  "maxPS": 70.1445,
  "medianPS": 0.6,
  "hienTaiPS": 1.7774186169669417
}