{
  "minPB": 0.4166,
  "maxPB": 0.5036,
  "medianPB": 0.47,
  "hienTaiPB": 0.4532311864294676,
  "minPE": 11.9427,
  "maxPE": 14.4383,
  "medianPE": 13.56,
  "hienTaiPE": 12.981444157702747,
  "minPS": 0.0532,
  "maxPS": 70.1445,
  "medianPS": 0.6,
  "hienTaiPS": 1.6454556480664455
}