{
  "minPB": 0,
  "maxPB": 14.2233,
  "medianPB": 0.55,
  "hienTaiPB": 0.4474225428901914,
  "minPE": -49.5497,
  "maxPE": 4660.8209,
  "medianPE": 23.7,
  "hienTaiPE": 156.05352651346436,
  "minPS": 0.0532,
  "maxPS": 70.1445,
  "medianPS": 0.54,
  "hienTaiPS": 1.66880021688545
}