{
  "minPB": 0,
  "maxPB": 14.2233,
  "medianPB": 0.55,
  "hienTaiPB": 0.45974628661541245,
  "minPE": -49.5589,
  "maxPE": 5139.0173,
  "medianPE": 23.58,
  "hienTaiPE": 160.3518429455019,
  "minPS": 0.0532,
  "maxPS": 70.1637,
  "medianPS": 0.53,
  "hienTaiPS": 1.7147654158417687
}