{
  "minPB": 0.7955,
  "maxPB": 7.3505,
  "medianPB": 1.61,
  "hienTaiPB": 2.86200587278722,
  "minPE": 3.0227,
  "maxPE": 28.5683,
  "medianPE": 10.96,
  "hienTaiPE": 19.207262550095773,
  "minPS": 0.1227,
  "maxPS": 0.6159,
  "medianPS": 0.23,
  "hienTaiPS": 0.38615644032326074
}