{
  "minPB": 0.7956,
  "maxPB": 7.3505,
  "medianPB": 1.6,
  "hienTaiPB": 2.873041885150153,
  "minPE": 3.0227,
  "maxPE": 28.5683,
  "medianPE": 10.94,
  "hienTaiPE": 19.281326544504886,
  "minPS": 0.1226,
  "maxPS": 0.6106,
  "medianPS": 0.24,
  "hienTaiPS": 0.38764547544018846
}