{
  "minPB": 0.7956,
  "maxPB": 7.3505,
  "medianPB": 1.6,
  "hienTaiPB": 2.795789798609624,
  "minPE": 3.0227,
  "maxPE": 28.5683,
  "medianPE": 10.95,
  "hienTaiPE": 18.76287858364112,
  "minPS": 0.1226,
  "maxPS": 0.6106,
  "medianPS": 0.24,
  "hienTaiPS": 0.37722222962169427
}