{
  "minPB": 0.7956,
  "maxPB": 7.3505,
  "medianPB": 1.6,
  "hienTaiPB": 2.854648531211932,
  "minPE": 3.0227,
  "maxPE": 28.5683,
  "medianPE": 10.94,
  "hienTaiPE": 19.157886553823037,
  "minPS": 0.1226,
  "maxPS": 0.6106,
  "medianPS": 0.24,
  "hienTaiPS": 0.3851637502453089
}