{
  "minPB": 0.7955,
  "maxPB": 7.3505,
  "medianPB": 1.61,
  "hienTaiPB": 2.854648531211932,
  "minPE": 3.0227,
  "maxPE": 28.5683,
  "medianPE": 10.96,
  "hienTaiPE": 19.157886553823037,
  "minPS": 0.1227,
  "maxPS": 0.6159,
  "medianPS": 0.23,
  "hienTaiPS": 0.3851637502453089
}