{
  "minPB": 0.7955,
  "maxPB": 7.3505,
  "medianPB": 1.61,
  "hienTaiPB": 2.8509698604242875,
  "minPE": 3.0227,
  "maxPE": 28.5683,
  "medianPE": 10.96,
  "hienTaiPE": 19.133198555686665,
  "minPS": 0.1227,
  "maxPS": 0.6159,
  "medianPS": 0.23,
  "hienTaiPS": 0.38466740520633297
}