{
  "minPB": 0.7955,
  "maxPB": 7.3505,
  "medianPB": 1.6,
  "hienTaiPB": 2.784753786246691,
  "minPE": 3.0227,
  "maxPE": 28.5683,
  "medianPE": 10.96,
  "hienTaiPE": 18.688814589232006,
  "minPS": 0.1227,
  "maxPS": 0.6159,
  "medianPS": 0.23,
  "hienTaiPS": 0.37573319450476655
}