{
  "minPB": 0.3908,
  "maxPB": 1.8137,
  "medianPB": 1.22,
  "hienTaiPB": 1.4867213962021988,
  "minPE": 3.8204,
  "maxPE": 18.2112,
  "medianPE": 7.64,
  "hienTaiPE": 11.648341850167412,
  "minPS": 0.6144,
  "maxPS": 2.6043,
  "medianPS": 1.62,
  "hienTaiPS": 2.0334563676832786
}