{
  "minPB": 0.3908,
  "maxPB": 1.8133,
  "medianPB": 1.22,
  "hienTaiPB": 1.5012614587567437,
  "minPE": 3.8204,
  "maxPE": 18.2112,
  "medianPE": 7.64,
  "hienTaiPE": 11.76226206386098,
  "minPS": 0.6145,
  "maxPS": 2.6043,
  "medianPS": 1.62,
  "hienTaiPS": 2.053343471523702
}