{
  "minPB": 0.3908,
  "maxPB": 1.8138,
  "medianPB": 1.22,
  "hienTaiPB": 1.468546318009018,
  "minPE": 3.8204,
  "maxPE": 18.2112,
  "medianPE": 7.64,
  "hienTaiPE": 11.50594158305045,
  "minPS": 0.6145,
  "maxPS": 2.5439,
  "medianPS": 1.61,
  "hienTaiPS": 2.0085974878827493
}