{
  "minPB": 0.3908,
  "maxPB": 1.8133,
  "medianPB": 1.22,
  "hienTaiPB": 1.5139840134919702,
  "minPE": 3.8204,
  "maxPE": 18.2112,
  "medianPE": 7.64,
  "hienTaiPE": 11.861942250842853,
  "minPS": 0.6144,
  "maxPS": 2.6043,
  "medianPS": 1.62,
  "hienTaiPS": 2.0707446873840722
}