{
  "minPB": 0.3908,
  "maxPB": 1.8135,
  "medianPB": 1.22,
  "hienTaiPB": 1.488538904021517,
  "minPE": 3.8204,
  "maxPE": 18.2112,
  "medianPE": 7.64,
  "hienTaiPE": 11.662581876879107,
  "minPS": 0.6144,
  "maxPS": 2.6043,
  "medianPS": 1.62,
  "hienTaiPS": 2.0359422556633313
}