{
  "minPB": 0.3908,
  "maxPB": 1.8138,
  "medianPB": 1.22,
  "hienTaiPB": 1.4576412710931095,
  "minPE": 3.8204,
  "maxPE": 18.2112,
  "medianPE": 7.64,
  "hienTaiPE": 11.420501422780275,
  "minPS": 0.6145,
  "maxPS": 2.5439,
  "medianPS": 1.61,
  "hienTaiPS": 1.993682160002432
}