{
  "minPB": 0.3908,
  "maxPB": 1.8138,
  "medianPB": 1.22,
  "hienTaiPB": 1.4558237632737914,
  "minPE": 3.8204,
  "maxPE": 18.2112,
  "medianPE": 7.64,
  "hienTaiPE": 11.406261396068578,
  "minPS": 0.6145,
  "maxPS": 2.5439,
  "medianPS": 1.61,
  "hienTaiPS": 1.991196272022379
}