{
  "minPB": 0.3908,
  "maxPB": 1.8133,
  "medianPB": 1.22,
  "hienTaiPB": 1.4976264431181074,
  "minPE": 3.8204,
  "maxPE": 18.2112,
  "medianPE": 7.64,
  "hienTaiPE": 11.733782010437588,
  "minPS": 0.6144,
  "maxPS": 2.6043,
  "medianPS": 1.62,
  "hienTaiPS": 2.048371695563596
}