{
  "minPB": 3.7684,
  "maxPB": 4.8458,
  "medianPB": 4.23,
  "hienTaiPB": 4.042018717313487,
  "minPE": 1.3652,
  "maxPE": 393.9075,
  "medianPE": 1.49,
  "hienTaiPE": 398.8633501226418,
  "minPS": 0.15,
  "maxPS": 0.8581,
  "medianPS": 0.61,
  "hienTaiPS": 0.5625516124600799
}