{
  "minPB": 3.7684,
  "maxPB": 4.8458,
  "medianPB": 4.23,
  "hienTaiPB": 4.00897769237632,
  "minPE": 1.3652,
  "maxPE": 391.2556,
  "medianPE": 1.49,
  "hienTaiPE": 395.6028867701406,
  "minPS": 0.15,
  "maxPS": 0.8581,
  "medianPS": 0.61,
  "hienTaiPS": 0.5579530979168095
}