{
  "minPB": -8.8736,
  "maxPB": 67.5724,
  "medianPB": 0,
  "hienTaiPB": 4.537634091370999,
  "minPE": -49.4175,
  "maxPE": 4.088,
  "medianPE": -1.51,
  "hienTaiPE": 447.77030041015917,
  "minPS": 0.15,
  "maxPS": 0.8581,
  "medianPS": 0.6,
  "hienTaiPS": 0.6315293306091361
}