{
  "minPB": -8.8736,
  "maxPB": 67.5724,
  "medianPB": 0,
  "hienTaiPB": 4.439392110557821,
  "minPE": -49.4175,
  "maxPE": 3.7496,
  "medianPE": -1.51,
  "hienTaiPE": 438.0758560420557,
  "minPS": 0.15,
  "maxPS": 0.8581,
  "medianPS": 0.6,
  "hienTaiPS": 0.6178564140338121
}