{
  "minPB": 3.7684,
  "maxPB": 4.8458,
  "medianPB": 4.23,
  "hienTaiPB": 4.023515743348674,
  "minPE": 1.3652,
  "maxPE": 397.0375,
  "medianPE": 1.49,
  "hienTaiPE": 397.0374906452411,
  "minPS": 0.15,
  "maxPS": 0.8581,
  "medianPS": 0.61,
  "hienTaiPS": 0.5599764443158485
}