{
  "minPB": -8.8736,
  "maxPB": 67.5724,
  "medianPB": 0,
  "hienTaiPB": 4.555696518336651,
  "minPE": -49.4175,
  "maxPE": 3.7084,
  "medianPE": -1.51,
  "hienTaiPE": 449.5526870428598,
  "minPS": 0.15,
  "maxPS": 0.8581,
  "medianPS": 0.6,
  "hienTaiPS": 0.6340431852261239
}