{
  "minPB": -8.8736,
  "maxPB": 67.5724,
  "medianPB": 0,
  "hienTaiPB": 4.562745270323247,
  "minPE": -49.4175,
  "maxPE": 3.7384,
  "medianPE": -1.51,
  "hienTaiPE": 450.2482525580601,
  "minPS": 0.15,
  "maxPS": 0.8581,
  "medianPS": 0.6,
  "hienTaiPS": 0.6350242016620216
}