{
  "minPB": -8.8736,
  "maxPB": 67.5724,
  "medianPB": 0,
  "hienTaiPB": 4.449524691538553,
  "minPE": -49.4175,
  "maxPE": 3.7496,
  "medianPE": -1.51,
  "hienTaiPE": 439.0757314701561,
  "minPS": 0.15,
  "maxPS": 0.8581,
  "medianPS": 0.6,
  "hienTaiPS": 0.619266625160415
}