{
  "minPB": 0.4532,
  "maxPB": 3.8783,
  "medianPB": 1.64,
  "hienTaiPB": 1.4080146361138826,
  "minPE": -34.3094,
  "maxPE": 123.2356,
  "medianPE": 9.83,
  "hienTaiPE": 10.510823498902852,
  "minPS": 0.2295,
  "maxPS": 2.0351,
  "medianPS": 0.92,
  "hienTaiPS": 0.7960258995844701
}