{
  "minPB": 0.4532,
  "maxPB": 3.8783,
  "medianPB": 1.64,
  "hienTaiPB": 1.418071883514696,
  "minPE": -34.3094,
  "maxPE": 123.2356,
  "medianPE": 9.85,
  "hienTaiPE": 11.721371099455396,
  "minPS": 0.2295,
  "maxPS": 2.0381,
  "medianPS": 0.91,
  "hienTaiPS": 0.7889265411743813
}