{
  "minPB": 0.4532,
  "maxPB": 3.8783,
  "medianPB": 1.64,
  "hienTaiPB": 1.3959459392329063,
  "minPE": -34.3094,
  "maxPE": 123.2356,
  "medianPE": 9.83,
  "hienTaiPE": 10.420730726055112,
  "minPS": 0.2295,
  "maxPS": 2.0351,
  "medianPS": 0.92,
  "hienTaiPS": 0.7892028204451746
}