{
  "minPB": 0.4532,
  "maxPB": 3.8783,
  "medianPB": 1.64,
  "hienTaiPB": 1.4140489845543707,
  "minPE": -34.3094,
  "maxPE": 123.2356,
  "medianPE": 9.84,
  "hienTaiPE": 11.688118982861198,
  "minPS": 0.2295,
  "maxPS": 2.0381,
  "medianPS": 0.91,
  "hienTaiPS": 0.7866884516958724
}