{
  "minPB": 0.6389,
  "maxPB": 1.7369,
  "medianPB": 0.86,
  "hienTaiPB": 2.005926825305993,
  "minPE": 0,
  "maxPE": 22.0574,
  "medianPE": 7.51,
  "hienTaiPE": 22.47094501086124,
  "minPS": 0.2069,
  "maxPS": 1.2057,
  "medianPS": 0.4,
  "hienTaiPS": 1.3701699262389246
}