{
  "minPB": 1.6773,
  "maxPB": 2.0212,
  "medianPB": 1.77,
  "hienTaiPB": 1.9690079266807294,
  "minPE": 19.9246,
  "maxPE": 24.5226,
  "medianPE": 21.47,
  "hienTaiPE": 22.057369335814712,
  "minPS": 0.2069,
  "maxPS": 1.2189,
  "medianPS": 0.41,
  "hienTaiPS": 1.3449520748357544
}