{
  "minPB": 0.6389,
  "maxPB": 1.7551,
  "medianPB": 0.86,
  "hienTaiPB": 2.0305394243895023,
  "minPE": 0,
  "maxPE": 22.0574,
  "medianPE": 7.53,
  "hienTaiPE": 22.746662127558924,
  "minPS": 0.2069,
  "maxPS": 1.2079,
  "medianPS": 0.4,
  "hienTaiPS": 1.3869818271743717
}