{
  "minPB": 0.6389,
  "maxPB": 1.7361,
  "medianPB": 0.86,
  "hienTaiPB": 2.0085726797074703,
  "minPE": 0,
  "maxPE": 22.0574,
  "medianPE": 7.51,
  "hienTaiPE": 22.50058460090624,
  "minPS": 0.2069,
  "maxPS": 1.2051,
  "medianPS": 0.4,
  "hienTaiPS": 1.3719772055894852
}