{
  "minPB": 0.6389,
  "maxPB": 1.7626,
  "medianPB": 0.86,
  "hienTaiPB": 2.085917772327398,
  "minPE": 0,
  "maxPE": 22.0574,
  "medianPE": 7.54,
  "hienTaiPE": 23.367025640128713,
  "minPS": 0.2069,
  "maxPS": 1.2118,
  "medianPS": 0.4,
  "hienTaiPS": 1.4248086042791273
}