{
  "minPB": 1.6773,
  "maxPB": 2.0212,
  "medianPB": 1.77,
  "hienTaiPB": 1.976453237903491,
  "minPE": 19.9246,
  "maxPE": 24.5226,
  "medianPE": 21.51,
  "hienTaiPE": 22.140773763615762,
  "minPS": 0.2069,
  "maxPS": 1.222,
  "medianPS": 0.41,
  "hienTaiPS": 1.350037674868727
}