{
  "minPB": 1.6773,
  "maxPB": 2.0212,
  "medianPB": 1.77,
  "hienTaiPB": 1.9645776588456978,
  "minPE": 19.9246,
  "maxPE": 24.5226,
  "medianPE": 21.49,
  "hienTaiPE": 22.007740254809132,
  "minPS": 0.2069,
  "maxPS": 1.2211,
  "medianPS": 0.41,
  "hienTaiPS": 1.3419259326673738
}