{
  "minPB": 0.6389,
  "maxPB": 1.7369,
  "medianPB": 0.86,
  "hienTaiPB": 1.851544297554682,
  "minPE": 0,
  "maxPE": 22.0574,
  "medianPE": 7.51,
  "hienTaiPE": 20.74150939637502,
  "minPS": 0.2069,
  "maxPS": 1.2058,
  "medianPS": 0.4,
  "hienTaiPS": 1.2647172776213338
}