{
  "minPB": 2.4356,
  "maxPB": 5.0505,
  "medianPB": 3.37,
  "hienTaiPB": 3.2696455221560505,
  "minPE": 7.8607,
  "maxPE": 22.5915,
  "medianPE": 14.44,
  "hienTaiPE": 17.188409090122793,
  "minPS": 1.5056,
  "maxPS": 3.9347,
  "medianPS": 2.65,
  "hienTaiPS": 2.7407902558923776
}