{
  "minPB": 2.4356,
  "maxPB": 5.0503,
  "medianPB": 3.36,
  "hienTaiPB": 3.224943337282823,
  "minPE": 7.8607,
  "maxPE": 22.5915,
  "medianPE": 14.44,
  "hienTaiPE": 16.95341130959377,
  "minPS": 1.4963,
  "maxPS": 3.9347,
  "medianPS": 2.57,
  "hienTaiPS": 2.7033185141125986
}