{
  "minPB": 2.4356,
  "maxPB": 5.0501,
  "medianPB": 3.36,
  "hienTaiPB": 3.231329363693284,
  "minPE": 7.8607,
  "maxPE": 22.5915,
  "medianPE": 14.45,
  "hienTaiPE": 16.986982421097917,
  "minPS": 1.4963,
  "maxPS": 3.9336,
  "medianPS": 2.57,
  "hienTaiPS": 2.7086716200811387
}