{
  "minPB": 2.4356,
  "maxPB": 5.0501,
  "medianPB": 3.36,
  "hienTaiPB": 3.228136350488054,
  "minPE": 7.8607,
  "maxPE": 22.5915,
  "medianPE": 14.44,
  "hienTaiPE": 16.970196865345844,
  "minPS": 1.4963,
  "maxPS": 3.9347,
  "medianPS": 2.57,
  "hienTaiPS": 2.7059950670968687
}