{
  "minPB": 0.2416,
  "maxPB": 1.5849,
  "medianPB": 0.73,
  "hienTaiPB": 0.772394606134849,
  "minPE": -276.9977,
  "maxPE": 101.6019,
  "medianPE": 16.25,
  "hienTaiPE": 107.70612268260315,
  "minPS": 0.0806,
  "maxPS": 2.2795,
  "medianPS": 0.21,
  "hienTaiPS": 0.08003396455656342
}