{
  "minPB": 0.2416,
  "maxPB": 1.5849,
  "medianPB": 0.73,
  "hienTaiPB": 0.7626667143699265,
  "minPE": -276.9977,
  "maxPE": 60.7225,
  "medianPE": 16.25,
  "hienTaiPE": 106.34962239692805,
  "minPS": 0.0801,
  "maxPS": 2.2026,
  "medianPS": 0.21,
  "hienTaiPS": 0.07902598011630443
}