{
  "minPB": 0.2416,
  "maxPB": 1.5849,
  "medianPB": 0.73,
  "hienTaiPB": 0.76850344942888,
  "minPE": -276.9977,
  "maxPE": 62.5182,
  "medianPE": 16.25,
  "hienTaiPE": 107.16352256833311,
  "minPS": 0.0806,
  "maxPS": 2.2795,
  "medianPS": 0.21,
  "hienTaiPS": 0.07963077078045983
}