{
  "minPB": 0.2416,
  "maxPB": 1.5849,
  "medianPB": 0.73,
  "hienTaiPB": 0.7286190931926977,
  "minPE": -276.9977,
  "maxPE": 61.8531,
  "medianPE": 16.25,
  "hienTaiPE": 101.6018713970652,
  "minPS": 0.0806,
  "maxPS": 2.2795,
  "medianPS": 0.21,
  "hienTaiPS": 0.07549803457539798
}