{
  "minPB": 0.2416,
  "maxPB": 1.5849,
  "medianPB": 0.73,
  "hienTaiPB": 0.7733673953113414,
  "minPE": -276.9977,
  "maxPE": 59.8579,
  "medianPE": 16.25,
  "hienTaiPE": 107.84177271117066,
  "minPS": 0.0806,
  "maxPS": 2.2026,
  "medianPS": 0.21,
  "hienTaiPS": 0.08013476300058932
}