{
  "minPB": 0.2416,
  "maxPB": 1.5849,
  "medianPB": 0.73,
  "hienTaiPB": 0.7782313411938026,
  "minPE": -276.9977,
  "maxPE": 62.8507,
  "medianPE": 16.25,
  "hienTaiPE": 108.52002285400822,
  "minPS": 0.0806,
  "maxPS": 2.2795,
  "medianPS": 0.21,
  "hienTaiPS": 0.08063875522071881
}