{
  "minPB": 0.2416,
  "maxPB": 1.5849,
  "medianPB": 0.73,
  "hienTaiPB": 0.7587755576639575,
  "minPE": -276.9977,
  "maxPE": 106.3496,
  "medianPE": 16.32,
  "hienTaiPE": 105.80702228265801,
  "minPS": 0.08,
  "maxPS": 2.2795,
  "medianPS": 0.21,
  "hienTaiPS": 0.07862278634020084
}