{
  "minPB": 0.2416,
  "maxPB": 1.5849,
  "medianPB": 0.73,
  "hienTaiPB": 0.7665578710758956,
  "minPE": -276.9977,
  "maxPE": 60.4564,
  "medianPE": 16.25,
  "hienTaiPE": 106.89222251119809,
  "minPS": 0.0806,
  "maxPS": 2.2026,
  "medianPS": 0.21,
  "hienTaiPS": 0.07942917389240803
}