{
  "minPB": 0.2416,
  "maxPB": 1.5849,
  "medianPB": 0.73,
  "hienTaiPB": 0.7792041303702948,
  "minPE": -276.9977,
  "maxPE": 62.1857,
  "medianPE": 16.25,
  "hienTaiPE": 108.65567288257573,
  "minPS": 0.0807,
  "maxPS": 2.2795,
  "medianPS": 0.21,
  "hienTaiPS": 0.08073955366474471
}