{
  "minPB": 0.5369,
  "maxPB": 0.8527,
  "medianPB": 0.67,
  "hienTaiPB": 0.659293314883961,
  "minPE": 2.1475,
  "maxPE": 10.0944,
  "medianPE": 7.4,
  "hienTaiPE": 8.831844978623169,
  "minPS": 0.2414,
  "maxPS": 0.491,
  "medianPS": 0.38,
  "hienTaiPS": 0.4830281079850038
}