{
  "minPB": 0.5369,
  "maxPB": 0.8527,
  "medianPB": 0.67,
  "hienTaiPB": 0.6701907250473322,
  "minPE": 2.1475,
  "maxPE": 10.0944,
  "medianPE": 7.39,
  "hienTaiPE": 8.97782588736074,
  "minPS": 0.2414,
  "maxPS": 0.491,
  "medianPS": 0.38,
  "hienTaiPS": 0.4910120436541774
}