{
  "minPB": 0.5369,
  "maxPB": 0.8527,
  "medianPB": 0.67,
  "hienTaiPB": 0.6483959047205897,
  "minPE": 2.1475,
  "maxPE": 10.0944,
  "medianPE": 7.39,
  "hienTaiPE": 8.685864069885595,
  "minPS": 0.2549,
  "maxPS": 0.4945,
  "medianPS": 0.38,
  "hienTaiPS": 0.4750441723158302
}