{
  "minPB": 0.5369,
  "maxPB": 0.8527,
  "medianPB": 0.67,
  "hienTaiPB": 0.6538446098022753,
  "minPE": 2.1475,
  "maxPE": 10.0944,
  "medianPE": 7.39,
  "hienTaiPE": 8.758854524254382,
  "minPS": 0.2549,
  "maxPS": 0.4945,
  "medianPS": 0.38,
  "hienTaiPS": 0.47903614015041696
}