{
  "minPB": 0.9956,
  "maxPB": 5.5895,
  "medianPB": 1.82,
  "hienTaiPB": 6.91803077556703,
  "minPE": 5.8973,
  "maxPE": 81.9192,
  "medianPE": 10.54,
  "hienTaiPE": 99.2371733694641,
  "minPS": 0.1905,
  "maxPS": 2.7856,
  "medianPS": 0.42,
  "hienTaiPS": 3.413819755688326
}