{
  "minPB": 0.9496,
  "maxPB": 5.5895,
  "medianPB": 1.79,
  "hienTaiPB": 6.902035328687107,
  "minPE": 5.5019,
  "maxPE": 82.0371,
  "medianPE": 10.42,
  "hienTaiPE": 99.00772325762719,
  "minPS": 0.1419,
  "maxPS": 2.7856,
  "medianPS": 0.41,
  "hienTaiPS": 3.4059265308196824
}