{
  "minPB": 0.9956,
  "maxPB": 5.5416,
  "medianPB": 1.82,
  "hienTaiPB": 7.0779852443662685,
  "minPE": 5.8973,
  "maxPE": 81.6835,
  "medianPE": 10.54,
  "hienTaiPE": 101.53167448783321,
  "minPS": 0.193,
  "maxPS": 3.2926,
  "medianPS": 0.44,
  "hienTaiPS": 3.492752004374761
}