{
  "minPB": 0.9496,
  "maxPB": 5.6214,
  "medianPB": 1.79,
  "hienTaiPB": 7.181955649085773,
  "minPE": 5.5019,
  "maxPE": 82.1916,
  "medianPE": 10.42,
  "hienTaiPE": 103.02310021477314,
  "minPS": 0.1419,
  "maxPS": 2.7995,
  "medianPS": 0.41,
  "hienTaiPS": 3.544057966020944
}