{
  "minPB": 0.9956,
  "maxPB": 5.5416,
  "medianPB": 1.82,
  "hienTaiPB": 7.029998903726497,
  "minPE": 5.8973,
  "maxPE": 81.6054,
  "medianPE": 10.54,
  "hienTaiPE": 100.84332415232248,
  "minPS": 0.193,
  "maxPS": 3.2885,
  "medianPS": 0.44,
  "hienTaiPS": 3.4690723297688306
}