{
  "minPB": 0.9956,
  "maxPB": 5.5416,
  "medianPB": 1.82,
  "hienTaiPB": 6.950021669326878,
  "minPE": 5.8973,
  "maxPE": 81.8014,
  "medianPE": 10.54,
  "hienTaiPE": 99.69607359313792,
  "minPS": 0.193,
  "maxPS": 3.3456,
  "medianPS": 0.44,
  "hienTaiPS": 3.4296062054256127
}