{
  "minPB": 0.9496,
  "maxPB": 5.5975,
  "medianPB": 1.79,
  "hienTaiPB": 6.8460512646073735,
  "minPE": 5.5019,
  "maxPE": 82.0744,
  "medianPE": 10.42,
  "hienTaiPE": 98.204647866198,
  "minPS": 0.1419,
  "maxPS": 2.7856,
  "medianPS": 0.41,
  "hienTaiPS": 3.37830024377943
}