{
  "minPB": 0.9496,
  "maxPB": 5.5575,
  "medianPB": 1.79,
  "hienTaiPB": 6.926028499006993,
  "minPE": 5.5019,
  "maxPE": 81.9192,
  "medianPE": 10.41,
  "hienTaiPE": 99.35189842538256,
  "minPS": 0.1419,
  "maxPS": 2.7856,
  "medianPS": 0.41,
  "hienTaiPS": 3.4177663681226473
}