{
  "minPB": 0.247,
  "maxPB": 2.7806,
  "medianPB": 0.43,
  "hienTaiPB": 0.38935052132288783,
  "minPE": -54.1073,
  "maxPE": 205.298,
  "medianPE": 10.62,
  "hienTaiPE": 52.37983109383438,
  "minPS": 0.1169,
  "maxPS": 2.0883,
  "medianPS": 0.21,
  "hienTaiPS": 0.301493136123944
}