{
  "minPB": 0.247,
  "maxPB": 2.7806,
  "medianPB": 0.43,
  "hienTaiPB": 0.3651430758667257,
  "minPE": -54.1073,
  "maxPE": 205.298,
  "medianPE": 10.62,
  "hienTaiPE": 49.123172030174246,
  "minPS": 0.1169,
  "maxPS": 2.0883,
  "medianPS": 0.21,
  "hienTaiPS": 0.28274812809536837
}