{
  "minPB": 0.3389,
  "maxPB": 0.3758,
  "medianPB": 0.36,
  "hienTaiPB": 0.36395809601922124,
  "minPE": 47.0534,
  "maxPE": 52.1704,
  "medianPE": 50.01,
  "hienTaiPE": 48.963755152932144,
  "minPS": 0.1169,
  "maxPS": 2.0732,
  "medianPS": 0.21,
  "hienTaiPS": 0.2818305402897737
}