{
  "minPB": 0.3389,
  "maxPB": 0.3768,
  "medianPB": 0.36,
  "hienTaiPB": 0.3734379347992568,
  "minPE": 47.0534,
  "maxPE": 52.1704,
  "medianPE": 50.02,
  "hienTaiPE": 50.239090170868984,
  "minPS": 0.1169,
  "maxPS": 2.0732,
  "medianPS": 0.21,
  "hienTaiPS": 0.28917124273453065
}