{
  "minPB": 0.5737,
  "maxPB": 7.5935,
  "medianPB": 1.21,
  "hienTaiPB": 1.511870435786864,
  "minPE": -681.1793,
  "maxPE": 446.1416,
  "medianPE": 27.6,
  "hienTaiPE": 111.53185302033373,
  "minPS": 1.3749,
  "maxPS": 18.9925,
  "medianPS": 2.97,
  "hienTaiPS": 8.907524879573522
}