{
  "minPB": 0.5737,
  "maxPB": 7.5935,
  "medianPB": 1.21,
  "hienTaiPB": 1.5394305739392287,
  "minPE": -681.1793,
  "maxPE": 446.1416,
  "medianPE": 27.67,
  "hienTaiPE": 113.56498575768356,
  "minPS": 1.3749,
  "maxPS": 18.9925,
  "medianPS": 2.97,
  "hienTaiPS": 9.069901635190748
}