{
  "minPB": 0.5737,
  "maxPB": 7.5935,
  "medianPB": 1.21,
  "hienTaiPB": 1.4528129968889396,
  "minPE": -681.1793,
  "maxPE": 446.1416,
  "medianPE": 27.48,
  "hienTaiPE": 107.17514001172694,
  "minPS": 1.3773,
  "maxPS": 19.0254,
  "medianPS": 2.97,
  "hienTaiPS": 8.559574688965181
}