{
  "minPB": 0.5737,
  "maxPB": 7.5935,
  "medianPB": 1.21,
  "hienTaiPB": 1.5669907120915934,
  "minPE": -681.1793,
  "maxPE": 446.1416,
  "medianPE": 27.69,
  "hienTaiPE": 115.59811849503339,
  "minPS": 1.3749,
  "maxPS": 18.9925,
  "medianPS": 2.97,
  "hienTaiPS": 9.232278390807974
}