{
  "minPB": 0.5737,
  "maxPB": 7.5935,
  "medianPB": 1.21,
  "hienTaiPB": 1.4803731350413043,
  "minPE": -681.1793,
  "maxPE": 446.1416,
  "medianPE": 27.36,
  "hienTaiPE": 109.20827274907677,
  "minPS": 1.3773,
  "maxPS": 19.0254,
  "medianPS": 2.97,
  "hienTaiPS": 8.721951444582407
}