{
  "minPB": 0.5737,
  "maxPB": 7.5935,
  "medianPB": 1.21,
  "hienTaiPB": 1.4449386717025496,
  "minPE": -681.1793,
  "maxPE": 446.1416,
  "medianPE": 27.42,
  "hienTaiPE": 106.5942449439127,
  "minPS": 1.3773,
  "maxPS": 19.0254,
  "medianPS": 2.97,
  "hienTaiPS": 8.513181330217403
}