{
  "minPB": 0.5737,
  "maxPB": 7.5935,
  "medianPB": 1.21,
  "hienTaiPB": 1.5276190861596437,
  "minPE": -681.1793,
  "maxPE": 446.1416,
  "medianPE": 27.57,
  "hienTaiPE": 112.6936431559622,
  "minPS": 1.3749,
  "maxPS": 18.9925,
  "medianPS": 2.97,
  "hienTaiPS": 9.00031159706908
}