{
  "minPB": 0.5737,
  "maxPB": 7.5935,
  "medianPB": 1.21,
  "hienTaiPB": 1.515807598380059,
  "minPE": -681.1793,
  "maxPE": 446.1416,
  "medianPE": 27.53,
  "hienTaiPE": 111.82230055424084,
  "minPS": 1.3749,
  "maxPS": 18.9925,
  "medianPS": 2.97,
  "hienTaiPS": 8.930721558947411
}