{
  "minPB": 0.5737,
  "maxPB": 7.5935,
  "medianPB": 1.21,
  "hienTaiPB": 1.5236819235664487,
  "minPE": -681.1793,
  "maxPE": 446.1416,
  "medianPE": 27.63,
  "hienTaiPE": 112.40319562205508,
  "minPS": 1.3749,
  "maxPS": 18.9925,
  "medianPS": 2.97,
  "hienTaiPS": 8.977114917695191
}