{
  "minPB": 0.4565,
  "maxPB": 3.2762,
  "medianPB": 0.81,
  "hienTaiPB": 0.9130247689146705,
  "minPE": -45.0057,
  "maxPE": 287.8834,
  "medianPE": 9.66,
  "hienTaiPE": 8.079689559569557,
  "minPS": 0.0987,
  "maxPS": 2.1659,
  "medianPS": 0.2,
  "hienTaiPS": 0.4935200226943673
}