{
  "minPB": 0.4565,
  "maxPB": 3.2762,
  "medianPB": 0.81,
  "hienTaiPB": 0.8957978864823183,
  "minPE": -45.0057,
  "maxPE": 287.8834,
  "medianPE": 9.66,
  "hienTaiPE": 7.92724258674749,
  "minPS": 0.0987,
  "maxPS": 2.1659,
  "medianPS": 0.2,
  "hienTaiPS": 0.4842083241529641
}