{
  "minPB": 0.4565,
  "maxPB": 3.2762,
  "medianPB": 0.81,
  "hienTaiPB": 0.8843132981940834,
  "minPE": -45.0057,
  "maxPE": 287.8834,
  "medianPE": 9.68,
  "hienTaiPE": 7.825611271532779,
  "minPS": 0.0987,
  "maxPS": 2.1659,
  "medianPS": 0.21,
  "hienTaiPS": 0.478000525125362
}