{
  "minPB": 0.3042,
  "maxPB": 3.7395,
  "medianPB": 0.78,
  "hienTaiPB": 0.5030006379726317,
  "minPE": 3.2043,
  "maxPE": 192.8833,
  "medianPE": 10.63,
  "hienTaiPE": 426.27459938037066,
  "minPS": 0.9318,
  "maxPS": 19.9066,
  "medianPS": 1.74,
  "hienTaiPS": 1.0857047709628227
}