{
  "minPB": 0.3042,
  "maxPB": 3.7395,
  "medianPB": 0.79,
  "hienTaiPB": 0.4580898667250753,
  "minPE": 3.2043,
  "maxPE": 190.03,
  "medianPE": 10.59,
  "hienTaiPE": 388.2143672928376,
  "minPS": 0.9393,
  "maxPS": 19.8905,
  "medianPS": 1.74,
  "hienTaiPS": 0.9887668449839992
}