{
  "minPB": 0.3042,
  "maxPB": 3.7395,
  "medianPB": 0.79,
  "hienTaiPB": 0.4760541752240979,
  "minPE": 3.2043,
  "maxPE": 192.8833,
  "medianPE": 10.59,
  "hienTaiPE": 403.4384601278508,
  "minPS": 0.9393,
  "maxPS": 19.9066,
  "medianPS": 1.74,
  "hienTaiPS": 1.0275420153755286
}