{
  "minPB": 0.3042,
  "maxPB": 3.7395,
  "medianPB": 0.79,
  "hienTaiPB": 0.48503632947360914,
  "minPE": 3.2043,
  "maxPE": 190.03,
  "medianPE": 10.59,
  "hienTaiPE": 411.05050654535745,
  "minPS": 0.9393,
  "maxPS": 19.8905,
  "medianPS": 1.74,
  "hienTaiPS": 1.0469296005712934
}