{
  "minPB": 0.3042,
  "maxPB": 3.7395,
  "medianPB": 0.79,
  "hienTaiPB": 0.4580898667250753,
  "minPE": 3.2043,
  "maxPE": 192.8833,
  "medianPE": 10.61,
  "hienTaiPE": 388.2143672928376,
  "minPS": 0.9318,
  "maxPS": 19.9066,
  "medianPS": 1.74,
  "hienTaiPS": 0.9887668449839992
}