{
  "minPB": 0.1395,
  "maxPB": 2.2549,
  "medianPB": 0.52,
  "hienTaiPB": 0.9985305768859098,
  "minPE": -10.9321,
  "maxPE": 216.7852,
  "medianPE": 13.31,
  "hienTaiPE": 2.8218328768051104,
  "minPS": 0.1482,
  "maxPS": 1.6684,
  "medianPS": 0.53,
  "hienTaiPS": 0.5771680211436935
}