{
  "minPB": 0.1395,
  "maxPB": 2.2549,
  "medianPB": 0.52,
  "hienTaiPB": 1.0186015432554758,
  "minPE": -10.9321,
  "maxPE": 216.7852,
  "medianPE": 13.32,
  "hienTaiPE": 2.8644,
  "minPS": 0.1475,
  "maxPS": 1.6684,
  "medianPS": 0.53,
  "hienTaiPS": 0.5245315781084181
}