{
  "minPB": 1.0544,
  "maxPB": 1.2431,
  "medianPB": 1.14,
  "hienTaiPB": 1.2431026135023955,
  "minPE": 4.9954,
  "maxPE": 6.5096,
  "medianPE": 5.4,
  "hienTaiPE": 6.509563545795009,
  "minPS": 0.1221,
  "maxPS": 0.6258,
  "medianPS": 0.21,
  "hienTaiPS": 0.4100605061112391
}