{
  "minPB": 0.7218,
  "maxPB": 4.2303,
  "medianPB": 1.5,
  "hienTaiPB": 1.7185356200696482,
  "minPE": 4.4316,
  "maxPE": 20.7938,
  "medianPE": 10.35,
  "hienTaiPE": 13.671385852871037,
  "minPS": 0.3635,
  "maxPS": 3.0727,
  "medianPS": 1.18,
  "hienTaiPS": 1.4589936298835107
}