{
  "minPB": 0.7235,
  "maxPB": 4.2234,
  "medianPB": 1.51,
  "hienTaiPB": 1.677618105306085,
  "minPE": 4.4316,
  "maxPE": 20.7806,
  "medianPE": 10.35,
  "hienTaiPE": 13.345876665897917,
  "minPS": 0.3657,
  "maxPS": 3.0027,
  "medianPS": 1.13,
  "hienTaiPS": 1.4242556863148557
}