{
  "minPB": 0.7218,
  "maxPB": 4.2303,
  "medianPB": 1.51,
  "hienTaiPB": 1.662543231445825,
  "minPE": 4.4316,
  "maxPE": 20.7806,
  "medianPE": 10.35,
  "hienTaiPE": 13.22595222859203,
  "minPS": 0.3657,
  "maxPS": 3.0035,
  "medianPS": 1.13,
  "hienTaiPS": 1.4114574965790354
}