{
  "minPB": 0.7235,
  "maxPB": 4.2234,
  "medianPB": 1.51,
  "hienTaiPB": 1.529022920112093,
  "minPE": 4.4316,
  "maxPE": 20.7806,
  "medianPE": 10.36,
  "hienTaiPE": 12.163764355311324,
  "minPS": 0.3657,
  "maxPS": 3.0027,
  "medianPS": 1.13,
  "hienTaiPS": 1.298102101776056
}