{
  "minPB": 0.3788,
  "maxPB": 0.5849,
  "medianPB": 0.4,
  "hienTaiPB": 0.4034193192475107,
  "minPE": 11.3852,
  "maxPE": 17.6904,
  "medianPE": 11.97,
  "hienTaiPE": 17.69038450322159,
  "minPS": 0.0701,
  "maxPS": 0.4274,
  "medianPS": 0.11,
  "hienTaiPS": 0.0777117613676478
}