{
  "minPB": 0.3766,
  "maxPB": 1.3231,
  "medianPB": 0.46,
  "hienTaiPB": 0.3953509328625605,
  "minPE": -116.27,
  "maxPE": 30.0889,
  "medianPE": 7.77,
  "hienTaiPE": 17.33657681315716,
  "minPS": 0.0706,
  "maxPS": 0.4822,
  "medianPS": 0.11,
  "hienTaiPS": 0.07615752614029485
}