{
  "minPB": 0.3766,
  "maxPB": 1.3231,
  "medianPB": 0.46,
  "hienTaiPB": 0.4114877056324609,
  "minPE": -116.27,
  "maxPE": 30.0889,
  "medianPE": 7.85,
  "hienTaiPE": 18.044192193286023,
  "minPS": 0.0706,
  "maxPS": 0.4822,
  "medianPS": 0.11,
  "hienTaiPS": 0.07926599659500076
}