{
  "minPB": 0.3766,
  "maxPB": 1.3231,
  "medianPB": 0.46,
  "hienTaiPB": 0.40390342243060773,
  "minPE": -116.27,
  "maxPE": 30.0889,
  "medianPE": 7.85,
  "hienTaiPE": 17.711612964625456,
  "minPS": 0.0706,
  "maxPS": 0.4822,
  "medianPS": 0.11,
  "hienTaiPS": 0.07780501548128899
}