{
  "minPB": 0.4683,
  "maxPB": 1.7737,
  "medianPB": 1.41,
  "hienTaiPB": 1.7648025657703856,
  "minPE": 6.7691,
  "maxPE": 15.896,
  "medianPE": 9.02,
  "hienTaiPE": 9.474420859161384,
  "minPS": 0.467,
  "maxPS": 0.7406,
  "medianPS": 0.61,
  "hienTaiPS": 0.5674915857927856
}