{
  "minPB": 1.2589,
  "maxPB": 1.6849,
  "medianPB": 1.5,
  "hienTaiPB": 1.7648025657703856,
  "minPE": 7.8656,
  "maxPE": 11.1143,
  "medianPE": 10.1,
  "hienTaiPE": 11.64146555041759,
  "minPS": 0.467,
  "maxPS": 0.7375,
  "medianPS": 0.61,
  "hienTaiPS": 0.5774018213015472
}