{
  "minPB": 0.4443,
  "maxPB": 4.6151,
  "medianPB": 2.25,
  "hienTaiPB": 3.85735013597987,
  "minPE": 4.6527,
  "maxPE": 14.182,
  "medianPE": 8.61,
  "hienTaiPE": 11.741891093645956,
  "minPS": 0.1237,
  "maxPS": 0.7112,
  "medianPS": 0.39,
  "hienTaiPS": 0.5475454562154819
}