{
  "minPB": 0.4443,
  "maxPB": 4.6151,
  "medianPB": 2.26,
  "hienTaiPB": 3.977892327729241,
  "minPE": 4.6527,
  "maxPE": 14.182,
  "medianPE": 8.61,
  "hienTaiPE": 12.593214842114275,
  "minPS": 0.1237,
  "maxPS": 0.7112,
  "medianPS": 0.39,
  "hienTaiPS": 0.5652107030000115
}