{
  "minPB": 0.4443,
  "maxPB": 4.6151,
  "medianPB": 2.26,
  "hienTaiPB": 4.032136314016458,
  "minPE": 4.6527,
  "maxPE": 14.182,
  "medianPE": 8.62,
  "hienTaiPE": 12.764940499052196,
  "minPS": 0.1237,
  "maxPS": 0.7112,
  "medianPS": 0.39,
  "hienTaiPS": 0.5729181216772845
}