{
  "minPB": 0.7208,
  "maxPB": 2.8486,
  "medianPB": 1.63,
  "hienTaiPB": 0.9685333612802794,
  "minPE": -8.0317,
  "maxPE": 28.5957,
  "medianPE": 18.4,
  "hienTaiPE": -16.313,
  "minPS": 0.368,
  "maxPS": 1.5081,
  "medianPS": 0.99,
  "hienTaiPS": 1.6838575926712331
}