{
  "minPB": 0.7208,
  "maxPB": 2.8486,
  "medianPB": 1.63,
  "hienTaiPB": 0.8591828204905705,
  "minPE": -8.0317,
  "maxPE": 28.5957,
  "medianPE": 18.4,
  "hienTaiPE": -13.5503,
  "minPS": 0.368,
  "maxPS": 1.4937,
  "medianPS": 0.99,
  "hienTaiPS": 1.4937446386599649
}