{
  "minPB": 2.7682,
  "maxPB": 17.5116,
  "medianPB": 2.82,
  "hienTaiPB": 3.565262388739135,
  "minPE": 20.5001,
  "maxPE": 30.5442,
  "medianPE": 21.26,
  "hienTaiPE": 20.500098593805497,
  "minPS": 3.9142,
  "maxPS": 11.8005,
  "medianPS": 6.57,
  "hienTaiPS": 8.93281062314334
}