{
  "minPB": 1.3723,
  "maxPB": 22.1821,
  "medianPB": 2.36,
  "hienTaiPB": 3.079090244820162,
  "minPE": 7.7448,
  "maxPE": 30.5442,
  "medianPE": 12.83,
  "hienTaiPE": 17.70463060374111,
  "minPS": 3.8593,
  "maxPS": 11.9552,
  "medianPS": 6.52,
  "hienTaiPS": 7.714700083623793
}