{
  "minPB": 1.3723,
  "maxPB": 22.1821,
  "medianPB": 2.36,
  "hienTaiPB": 3.5490566506085024,
  "minPE": 7.7448,
  "maxPE": 30.5442,
  "medianPE": 12.71,
  "hienTaiPE": 20.406916327470014,
  "minPS": 3.8593,
  "maxPS": 11.9552,
  "medianPS": 6.49,
  "hienTaiPS": 8.892206938492688
}