{
  "minPB": 0.0147,
  "maxPB": 0.015,
  "medianPB": 0.01,
  "hienTaiPB": 0.015026074245725933,
  "minPE": 0.1223,
  "maxPE": 0.1361,
  "medianPE": 0.14,
  "hienTaiPE": 0.12231676432050369,
  "minPS": 0.0183,
  "maxPS": 0.9473,
  "medianPS": 0.02,
  "hienTaiPS": 0.017982072220045664
}