{
  "minPB": 0.0138,
  "maxPB": 0.6266,
  "medianPB": 0.02,
  "hienTaiPB": 0.015026074245725933,
  "minPE": 0.0598,
  "maxPE": 5.1784,
  "medianPE": 0.11,
  "hienTaiPE": 0.12231676432050369,
  "minPS": 0.0183,
  "maxPS": 0.9473,
  "medianPS": 0.02,
  "hienTaiPS": 0.017982072220045664
}