{
  "minPB": 0.3795,
  "maxPB": 2.158,
  "medianPB": 1.33,
  "hienTaiPB": 1.3290349466434643,
  "minPE": 3.1284,
  "maxPE": 692.475,
  "medianPE": 9.1,
  "hienTaiPE": 62.94234178515705,
  "minPS": 0.1106,
  "maxPS": 0.8282,
  "medianPS": 0.37,
  "hienTaiPS": 0.3089121311672493
}