{
  "minPB": 0.3795,
  "maxPB": 2.158,
  "medianPB": 1.33,
  "hienTaiPB": 1.4244528402486363,
  "minPE": 3.1284,
  "maxPE": 692.475,
  "medianPE": 9.08,
  "hienTaiPE": 67.46127914409139,
  "minPS": 0.1093,
  "maxPS": 0.8386,
  "medianPS": 0.37,
  "hienTaiPS": 0.33109043802028254
}