{
  "minPB": 0.3795,
  "maxPB": 2.158,
  "medianPB": 1.34,
  "hienTaiPB": 1.3631127657881685,
  "minPE": 3.1284,
  "maxPE": 692.475,
  "medianPE": 9.14,
  "hienTaiPE": 64.55624798477646,
  "minPS": 0.1106,
  "maxPS": 0.8282,
  "medianPS": 0.37,
  "hienTaiPS": 0.3168329550433326
}