{
  "minPB": 0.3795,
  "maxPB": 2.158,
  "medianPB": 1.34,
  "hienTaiPB": 1.3358505104724052,
  "minPE": 3.1284,
  "maxPE": 692.475,
  "medianPE": 9.1,
  "hienTaiPE": 63.265123025080925,
  "minPS": 0.1106,
  "maxPS": 0.8282,
  "medianPS": 0.37,
  "hienTaiPS": 0.3104962959424659
}