{
  "minPB": 0.3795,
  "maxPB": 2.158,
  "medianPB": 1.34,
  "hienTaiPB": 1.3699283296171094,
  "minPE": 3.1284,
  "maxPE": 692.475,
  "medianPE": 9.12,
  "hienTaiPE": 64.87902922470033,
  "minPS": 0.1106,
  "maxPS": 0.8282,
  "medianPS": 0.37,
  "hienTaiPS": 0.31841711981854925
}