{
  "minPB": 1.5677,
  "maxPB": 1.8567,
  "medianPB": 1.76,
  "hienTaiPB": 1.715620942820346,
  "minPE": 10.8989,
  "maxPE": 12.9079,
  "medianPE": 12.23,
  "hienTaiPE": 11.934059078851362,
  "minPS": 1.202,
  "maxPS": 3.3328,
  "medianPS": 1.99,
  "hienTaiPS": 3.108503895294798
}