{
  "minPB": 0.9832,
  "maxPB": 1.8616,
  "medianPB": 1.43,
  "hienTaiPB": 1.7346637018749864,
  "minPE": -23.2462,
  "maxPE": 36.1473,
  "medianPE": 11.2,
  "hienTaiPE": 12.069063372714442,
  "minPS": 1.202,
  "maxPS": 3.4008,
  "medianPS": 1.92,
  "hienTaiPS": 3.142642722488498
}