{
  "minPB": 1.5677,
  "maxPB": 1.8567,
  "medianPB": 1.76,
  "hienTaiPB": 1.7536139325575437,
  "minPE": 10.8989,
  "maxPE": 12.9079,
  "medianPE": 12.23,
  "hienTaiPE": 12.198342740113123,
  "minPS": 1.202,
  "maxPS": 3.3328,
  "medianPS": 2,
  "hienTaiPS": 3.1773427358826414
}