{
  "minPB": 0.9832,
  "maxPB": 1.8616,
  "medianPB": 1.43,
  "hienTaiPB": 1.7243383226971591,
  "minPE": -23.2462,
  "maxPE": 36.1473,
  "medianPE": 11.19,
  "hienTaiPE": 11.997223709781618,
  "minPS": 1.202,
  "maxPS": 3.4008,
  "medianPS": 1.92,
  "hienTaiPS": 3.1239365158070185
}