{
  "minPB": 1.5677,
  "maxPB": 1.8567,
  "medianPB": 1.76,
  "hienTaiPB": 1.7479872533709206,
  "minPE": 10.8989,
  "maxPE": 12.9079,
  "medianPE": 12.23,
  "hienTaiPE": 12.159202904409954,
  "minPS": 1.202,
  "maxPS": 3.3328,
  "medianPS": 1.99,
  "hienTaiPS": 3.1671478532412354
}