{
  "minPB": 0.9832,
  "maxPB": 1.8616,
  "medianPB": 1.43,
  "hienTaiPB": 1.7318242226010838,
  "minPE": -23.2462,
  "maxPE": 36.1473,
  "medianPE": 11.17,
  "hienTaiPE": 12.049307465407916,
  "minPS": 1.202,
  "maxPS": 3.4008,
  "medianPS": 1.92,
  "hienTaiPS": 3.137498515651091
}