{
  "minPB": 0.9832,
  "maxPB": 1.8616,
  "medianPB": 1.43,
  "hienTaiPB": 1.72010491723425,
  "minPE": -23.2462,
  "maxPE": 36.1473,
  "medianPE": 11.18,
  "hienTaiPE": 11.967769447979162,
  "minPS": 1.202,
  "maxPS": 3.4008,
  "medianPS": 1.92,
  "hienTaiPS": 3.116266971067612
}