{
  "minPB": 1.5677,
  "maxPB": 1.8567,
  "medianPB": 1.76,
  "hienTaiPB": 1.6880037559869208,
  "minPE": 10.8989,
  "maxPE": 12.9079,
  "medianPE": 12.24,
  "hienTaiPE": 11.74195071095049,
  "minPS": 1.202,
  "maxPS": 3.3328,
  "medianPS": 1.99,
  "hienTaiPS": 3.0584647924218418
}