{
  "minPB": 0.8601,
  "maxPB": 2.6923,
  "medianPB": 1.8,
  "hienTaiPB": 1.9671972605554213,
  "minPE": 5.7452,
  "maxPE": 15.3879,
  "medianPE": 8.36,
  "hienTaiPE": 6.279066855926821,
  "minPS": 0.0892,
  "maxPS": 0.3905,
  "medianPS": 0.22,
  "hienTaiPS": 0.412177915390073
}