{
  "minPB": 1.8688,
  "maxPB": 2.0155,
  "medianPB": 1.91,
  "hienTaiPB": 1.90788478033767,
  "minPE": 5.5546,
  "maxPE": 6.0897,
  "medianPE": 5.74,
  "hienTaiPE": 6.089748257255661,
  "minPS": 0.0915,
  "maxPS": 0.3905,
  "medianPS": 0.23,
  "hienTaiPS": 0.3997504405541914
}