{
  "minPB": 1.8688,
  "maxPB": 2.0155,
  "medianPB": 1.91,
  "hienTaiPB": 2.041140152560218,
  "minPE": 5.5546,
  "maxPE": 6.1918,
  "medianPE": 5.75,
  "hienTaiPE": 6.515084042270201,
  "minPS": 0.0917,
  "maxPS": 0.3905,
  "medianPS": 0.23,
  "hienTaiPS": 0.42767083401880535
}