{
  "minPB": 0.8601,
  "maxPB": 2.6923,
  "medianPB": 1.8,
  "hienTaiPB": 1.9770826739250464,
  "minPE": 5.7452,
  "maxPE": 15.3879,
  "medianPE": 8.36,
  "hienTaiPE": 6.310619955705349,
  "minPS": 0.0892,
  "maxPS": 0.3905,
  "medianPS": 0.22,
  "hienTaiPS": 0.41424916119605326
}