{
  "minPB": 0.8601,
  "maxPB": 2.6923,
  "medianPB": 1.79,
  "hienTaiPB": 1.957311847185796,
  "minPE": 5.7452,
  "maxPE": 15.3879,
  "medianPE": 8.36,
  "hienTaiPE": 6.247513756148295,
  "minPS": 0.0892,
  "maxPS": 0.3863,
  "medianPS": 0.22,
  "hienTaiPS": 0.4101066695840927
}