{
  "minPB": 1.8688,
  "maxPB": 2.0155,
  "medianPB": 1.91,
  "hienTaiPB": 1.9398640925884074,
  "minPE": 5.5546,
  "maxPE": 6.091,
  "medianPE": 5.74,
  "hienTaiPE": 6.191822535039195,
  "minPS": 0.0915,
  "maxPS": 0.3905,
  "medianPS": 0.23,
  "hienTaiPS": 0.40645092073653755
}