{
  "minPB": 0.7363,
  "maxPB": 1.3203,
  "medianPB": 1.22,
  "hienTaiPB": 1.2791373919190014,
  "minPE": -19.9151,
  "maxPE": -3.2749,
  "medianPE": -5.42,
  "hienTaiPE": -19.9151,
  "minPS": 0.2758,
  "maxPS": 3.1017,
  "medianPS": 0.76,
  "hienTaiPS": 0.5194976195335139
}