{
  "minPB": 1.0635,
  "maxPB": 3.6577,
  "medianPB": 2.34,
  "hienTaiPB": 2.5234045731175336,
  "minPE": 5.4798,
  "maxPE": 16.2024,
  "medianPE": 9.25,
  "hienTaiPE": 10.805718098350312,
  "minPS": 0.5697,
  "maxPS": 3.6154,
  "medianPS": 1.55,
  "hienTaiPS": 3.136267279707055
}