{
  "minPB": 1.0635,
  "maxPB": 3.6577,
  "medianPB": 2.34,
  "hienTaiPB": 2.4902564013852837,
  "minPE": 5.4798,
  "maxPE": 16.2024,
  "medianPE": 9.22,
  "hienTaiPE": 10.663771062575593,
  "minPS": 0.5697,
  "maxPS": 3.6154,
  "medianPS": 1.54,
  "hienTaiPS": 3.095068366344729
}