{
  "minPB": 1.0633,
  "maxPB": 3.6577,
  "medianPB": 2.34,
  "hienTaiPB": 2.548265701916721,
  "minPE": 5.4798,
  "maxPE": 16.2695,
  "medianPE": 9.22,
  "hienTaiPE": 10.912178375181348,
  "minPS": 0.5697,
  "maxPS": 3.6259,
  "medianPS": 1.57,
  "hienTaiPS": 3.1671664647287994
}