{
  "minPB": 1.0633,
  "maxPB": 3.6577,
  "medianPB": 2.34,
  "hienTaiPB": 2.4861128799187524,
  "minPE": 5.4798,
  "maxPE": 16.2695,
  "medianPE": 9.22,
  "hienTaiPE": 10.646027683103755,
  "minPS": 0.5697,
  "maxPS": 3.6259,
  "medianPS": 1.57,
  "hienTaiPS": 3.0899185021744384
}