{
  "minPB": 1.0635,
  "maxPB": 3.6577,
  "medianPB": 2.34,
  "hienTaiPB": 2.481969358452221,
  "minPE": 5.4798,
  "maxPE": 16.2024,
  "medianPE": 9.23,
  "hienTaiPE": 10.628284303631915,
  "minPS": 0.5697,
  "maxPS": 3.6154,
  "medianPS": 1.55,
  "hienTaiPS": 3.0847686380041477
}