{
  "minPB": 1.0634,
  "maxPB": 3.6577,
  "medianPB": 2.34,
  "hienTaiPB": 2.4736823155191585,
  "minPE": 5.4798,
  "maxPE": 16.236,
  "medianPE": 9.22,
  "hienTaiPE": 10.592797544688235,
  "minPS": 0.5697,
  "maxPS": 3.6207,
  "medianPS": 1.54,
  "hienTaiPS": 3.0744689096635662
}