{
  "minPB": 1.0633,
  "maxPB": 3.6577,
  "medianPB": 2.34,
  "hienTaiPB": 2.5068304872514084,
  "minPE": 5.4798,
  "maxPE": 16.2695,
  "medianPE": 9.22,
  "hienTaiPE": 10.734744580462952,
  "minPS": 0.5697,
  "maxPS": 3.6259,
  "medianPS": 1.54,
  "hienTaiPS": 3.115667823025892
}