{
  "minPB": 0.7482,
  "maxPB": 0.8803,
  "medianPB": 0.87,
  "hienTaiPB": 0.8699050924642028,
  "minPE": -12.1957,
  "maxPE": -4.0027,
  "medianPE": -4.71,
  "hienTaiPE": -12.1957,
  "minPS": 0.2492,
  "maxPS": 1.6175,
  "medianPS": 0.56,
  "hienTaiPS": 0.6846005496388193
}