{
  "minPB": 0.7978,
  "maxPB": 3.8052,
  "medianPB": 1.52,
  "hienTaiPB": 1.483836786625843,
  "minPE": 2.9335,
  "maxPE": 41.8141,
  "medianPE": 7.44,
  "hienTaiPE": 13.059574037210467,
  "minPS": 0.3127,
  "maxPS": 2.0707,
  "medianPS": 0.82,
  "hienTaiPS": 0.8154245491094576
}