{
  "minPB": 0.7978,
  "maxPB": 3.8052,
  "medianPB": 1.52,
  "hienTaiPB": 1.5190899284247292,
  "minPE": 2.9335,
  "maxPE": 41.814,
  "medianPE": 7.46,
  "hienTaiPE": 13.36984469468199,
  "minPS": 0.3132,
  "maxPS": 2.0707,
  "medianPS": 0.82,
  "hienTaiPS": 0.8347974865613021
}