{
  "minPB": 0.7978,
  "maxPB": 3.8052,
  "medianPB": 1.52,
  "hienTaiPB": 1.4902464487710951,
  "minPE": 2.9335,
  "maxPE": 41.8141,
  "medianPE": 7.44,
  "hienTaiPE": 13.115986884023473,
  "minPS": 0.3127,
  "maxPS": 2.0707,
  "medianPS": 0.82,
  "hienTaiPS": 0.8189469013734294
}