{
  "minPB": 0.7978,
  "maxPB": 3.8052,
  "medianPB": 1.52,
  "hienTaiPB": 1.5591503168325542,
  "minPE": 2.9335,
  "maxPE": 41.814,
  "medianPE": 7.49,
  "hienTaiPE": 13.722424987263267,
  "minPS": 0.3132,
  "maxPS": 2.0707,
  "medianPS": 0.82,
  "hienTaiPS": 0.8568121882111256
}