{
  "minPB": 0.7978,
  "maxPB": 3.8052,
  "medianPB": 1.52,
  "hienTaiPB": 1.429354658391201,
  "minPE": 2.9335,
  "maxPE": 41.8141,
  "medianPE": 7.45,
  "hienTaiPE": 12.580064839299933,
  "minPS": 0.3127,
  "maxPS": 2.0707,
  "medianPS": 0.82,
  "hienTaiPS": 0.7854845548656978
}