{
  "minPB": 0.6598,
  "maxPB": 3.3866,
  "medianPB": 1.29,
  "hienTaiPB": 1.2792584295209128,
  "minPE": 2.7858,
  "maxPE": 24.7004,
  "medianPE": 8.94,
  "hienTaiPE": 23.82034628051716,
  "minPS": 0.6608,
  "maxPS": 2.3549,
  "medianPS": 1.17,
  "hienTaiPS": 1.0482057216435063
}