{
  "minPB": 0.6596,
  "maxPB": 3.388,
  "medianPB": 1.29,
  "hienTaiPB": 1.235024043991144,
  "minPE": 2.7858,
  "maxPE": 24.7161,
  "medianPE": 8.93,
  "hienTaiPE": 22.996682854496513,
  "minPS": 0.6588,
  "maxPS": 2.1194,
  "medianPS": 1.15,
  "hienTaiPS": 1.0119607105216701
}