{
  "minPB": 0.66,
  "maxPB": 3.3852,
  "medianPB": 1.29,
  "hienTaiPB": 1.312876562523537,
  "minPE": 2.7858,
  "maxPE": 24.6846,
  "medianPE": 8.95,
  "hienTaiPE": 24.446330484292854,
  "minPS": 0.6612,
  "maxPS": 2.3549,
  "medianPS": 1.16,
  "hienTaiPS": 1.075751930096102
}