{
  "minPB": 0.6596,
  "maxPB": 3.388,
  "medianPB": 1.29,
  "hienTaiPB": 1.2173302897792366,
  "minPE": 2.7858,
  "maxPE": 24.7161,
  "medianPE": 8.93,
  "hienTaiPE": 22.66721748408825,
  "minPS": 0.6588,
  "maxPS": 2.1194,
  "medianPS": 1.15,
  "hienTaiPS": 0.9974627060729355
}