{
  "minPB": 0.6596,
  "maxPB": 3.388,
  "medianPB": 1.29,
  "hienTaiPB": 1.2527177982030515,
  "minPE": 2.7858,
  "maxPE": 24.7161,
  "medianPE": 8.92,
  "hienTaiPE": 23.32614822490477,
  "minPS": 0.6588,
  "maxPS": 2.1194,
  "medianPS": 1.15,
  "hienTaiPS": 1.0264587149704045
}