{
  "minPB": 0.5793,
  "maxPB": 3.0888,
  "medianPB": 0.99,
  "hienTaiPB": 1.589353833139119,
  "minPE": 2.8017,
  "maxPE": 16.815,
  "medianPE": 7.76,
  "hienTaiPE": 13.97357564225844,
  "minPS": 1.2639,
  "maxPS": 3.9575,
  "medianPS": 1.72,
  "hienTaiPS": 3.1893074715406677
}