{
  "minPB": 0.5793,
  "maxPB": 3.0888,
  "medianPB": 0.99,
  "hienTaiPB": 1.6123367028063142,
  "minPE": 2.8013,
  "maxPE": 16.8253,
  "medianPE": 7.76,
  "hienTaiPE": 14.175640696039709,
  "minPS": 1.2639,
  "maxPS": 3.9575,
  "medianPS": 1.72,
  "hienTaiPS": 3.2354264894828573
}