{
  "minPB": 0.5793,
  "maxPB": 3.0888,
  "medianPB": 0.99,
  "hienTaiPB": 1.5469239199073739,
  "minPE": 2.8009,
  "maxPE": 16.8355,
  "medianPE": 7.76,
  "hienTaiPE": 13.60053246604687,
  "minPS": 1.2639,
  "maxPS": 3.9575,
  "medianPS": 1.72,
  "hienTaiPS": 3.1041646691858555
}