{
  "minPB": 0.5793,
  "maxPB": 3.0888,
  "medianPB": 0.99,
  "hienTaiPB": 1.6247120941655733,
  "minPE": 2.8017,
  "maxPE": 16.815,
  "medianPE": 7.77,
  "hienTaiPE": 14.284444955768084,
  "minPS": 1.2639,
  "maxPS": 3.9575,
  "medianPS": 1.72,
  "hienTaiPS": 3.2602598068363444
}