{
  "minPB": 0.5793,
  "maxPB": 3.0888,
  "medianPB": 0.99,
  "hienTaiPB": 1.6476949638327685,
  "minPE": 2.8017,
  "maxPE": 16.815,
  "medianPE": 7.77,
  "hienTaiPE": 14.486510009549352,
  "minPS": 1.2639,
  "maxPS": 3.9575,
  "medianPS": 1.72,
  "hienTaiPS": 3.3063788247785344
}