{
  "minPB": 0.5793,
  "maxPB": 3.0888,
  "medianPB": 0.99,
  "hienTaiPB": 1.4461528759819793,
  "minPE": 2.8009,
  "maxPE": 16.8355,
  "medianPE": 7.74,
  "hienTaiPE": 12.714554922544389,
  "minPS": 1.2639,
  "maxPS": 3.8041,
  "medianPS": 1.71,
  "hienTaiPS": 2.901950513593177
}