{
  "minPB": 0.5793,
  "maxPB": 3.0888,
  "medianPB": 0.99,
  "hienTaiPB": 1.6547666160380594,
  "minPE": 2.8017,
  "maxPE": 16.815,
  "medianPE": 7.77,
  "hienTaiPE": 14.54868387225128,
  "minPS": 1.2641,
  "maxPS": 3.9571,
  "medianPS": 1.72,
  "hienTaiPS": 3.3205692918376695
}