{
  "minPB": 0.5793,
  "maxPB": 3.0888,
  "medianPB": 0.99,
  "hienTaiPB": 1.4709036587004973,
  "minPE": 2.8009,
  "maxPE": 16.8355,
  "medianPE": 7.73,
  "hienTaiPE": 12.932163442001139,
  "minPS": 1.2639,
  "maxPS": 3.8041,
  "medianPS": 1.71,
  "hienTaiPS": 2.9516171483001505
}