{
  "minPB": 0.4005,
  "maxPB": 2.0426,
  "medianPB": 0.76,
  "hienTaiPB": 0.39162268510161347,
  "minPE": -17.8274,
  "maxPE": 94.3944,
  "medianPE": 8.84,
  "hienTaiPE": -2.9742,
  "minPS": 0.4243,
  "maxPS": 2.0857,
  "medianPS": 0.82,
  "hienTaiPS": 0.37337098857709683
}