{
  "minPB": 0.4028,
  "maxPB": 2.0426,
  "medianPB": 0.76,
  "hienTaiPB": 0.4057352142944644,
  "minPE": -17.8274,
  "maxPE": 94.3944,
  "medianPE": 8.84,
  "hienTaiPE": -11.8229,
  "minPS": 0.422,
  "maxPS": 2.0825,
  "medianPS": 0.77,
  "hienTaiPS": 0.38682579897627145
}