{
  "minPB": 0.3999,
  "maxPB": 2.0402,
  "medianPB": 0.76,
  "hienTaiPB": 0.3951508173998262,
  "minPE": -17.8274,
  "maxPE": 94.3944,
  "medianPE": 8.83,
  "hienTaiPE": -3.0144,
  "minPS": 0.4233,
  "maxPS": 2.0857,
  "medianPS": 0.82,
  "hienTaiPS": 0.37673469117689046
}