{
  "minPB": 0.4002,
  "maxPB": 2.0414,
  "medianPB": 0.76,
  "hienTaiPB": 0.384566420505188,
  "minPE": -17.8274,
  "maxPE": 94.3944,
  "medianPE": 8.84,
  "hienTaiPE": -2.9206,
  "minPS": 0.4243,
  "maxPS": 2.0857,
  "medianPS": 0.82,
  "hienTaiPS": 0.36664358337750946
}