{
  "minPB": 0.4021,
  "maxPB": 2.0426,
  "medianPB": 0.76,
  "hienTaiPB": 0.3880945528034007,
  "minPE": -17.8274,
  "maxPE": 94.3944,
  "medianPE": 8.84,
  "hienTaiPE": -3.0814,
  "minPS": 0.4206,
  "maxPS": 2.0825,
  "medianPS": 0.77,
  "hienTaiPS": 0.37000728597730315
}