{
  "minPB": 0.3999,
  "maxPB": 2.0402,
  "medianPB": 0.76,
  "hienTaiPB": 0.39691488354893256,
  "minPE": -17.8274,
  "maxPE": 94.3944,
  "medianPE": 8.83,
  "hienTaiPE": -3.0278,
  "minPS": 0.4234,
  "maxPS": 2.0857,
  "medianPS": 0.82,
  "hienTaiPS": 0.3784165424767873
}