{
  "minPB": 1.1291,
  "maxPB": 4.5081,
  "medianPB": 2,
  "hienTaiPB": 1.7612439011028493,
  "minPE": 4.0008,
  "maxPE": 23.325,
  "medianPE": 10.65,
  "hienTaiPE": 14.561334132620498,
  "minPS": 0.3595,
  "maxPS": 1.5669,
  "medianPS": 0.83,
  "hienTaiPS": 0.7219535947992802
}