{
  "minPB": 1.1342,
  "maxPB": 4.4963,
  "medianPB": 2,
  "hienTaiPB": 1.7767478086829802,
  "minPE": 4.0008,
  "maxPE": 23.3097,
  "medianPE": 10.65,
  "hienTaiPE": 14.689514890830186,
  "minPS": 0.3613,
  "maxPS": 1.5636,
  "medianPS": 0.83,
  "hienTaiPS": 0.7283088201056119
}