{
  "minPB": 1.1342,
  "maxPB": 4.4963,
  "medianPB": 2,
  "hienTaiPB": 1.7829493717150324,
  "minPE": 4.0008,
  "maxPE": 23.3097,
  "medianPE": 10.65,
  "hienTaiPE": 14.740787194114061,
  "minPS": 0.3595,
  "maxPS": 1.5669,
  "medianPS": 0.83,
  "hienTaiPS": 0.7308509102281446
}