{
  "minPB": 1.1291,
  "maxPB": 4.5081,
  "medianPB": 2.01,
  "hienTaiPB": 1.7829493717150324,
  "minPE": 4.0008,
  "maxPE": 23.325,
  "medianPE": 10.64,
  "hienTaiPE": 14.740787194114061,
  "minPS": 0.3645,
  "maxPS": 1.5544,
  "medianPS": 0.8,
  "hienTaiPS": 0.7308509102281446
}