{
  "minPB": 1.1342,
  "maxPB": 4.4963,
  "medianPB": 2,
  "hienTaiPB": 1.7798485901990062,
  "minPE": 4.0008,
  "maxPE": 23.3097,
  "medianPE": 10.65,
  "hienTaiPE": 14.715151042472122,
  "minPS": 0.3595,
  "maxPS": 1.5669,
  "medianPS": 0.83,
  "hienTaiPS": 0.7295798651668782
}