{
  "minPB": 1.1291,
  "maxPB": 4.5081,
  "medianPB": 2.01,
  "hienTaiPB": 1.7457399935227187,
  "minPE": 4.0008,
  "maxPE": 23.325,
  "medianPE": 10.64,
  "hienTaiPE": 14.43315337441081,
  "minPS": 0.3645,
  "maxPS": 1.5544,
  "medianPS": 0.8,
  "hienTaiPS": 0.7155983694929485
}