{
  "minPB": 1.1291,
  "maxPB": 4.5081,
  "medianPB": 2.01,
  "hienTaiPB": 1.795352497779137,
  "minPE": 4.0008,
  "maxPE": 23.325,
  "medianPE": 10.64,
  "hienTaiPE": 14.84333180068181,
  "minPS": 0.3645,
  "maxPS": 1.5544,
  "medianPS": 0.8,
  "hienTaiPS": 0.7359350904732099
}