{
  "minPB": 0.6005,
  "maxPB": 1.8544,
  "medianPB": 0.86,
  "hienTaiPB": 0.8319245052964068,
  "minPE": -160.1414,
  "maxPE": 428.9813,
  "medianPE": 37.02,
  "hienTaiPE": 16.366427620540698,
  "minPS": 0.803,
  "maxPS": 2.6648,
  "medianPS": 1.35,
  "hienTaiPS": 1.124356965501
}