{
  "minPB": 0.6005,
  "maxPB": 1.8544,
  "medianPB": 0.86,
  "hienTaiPB": 1.3252750840186946,
  "minPE": -160.1414,
  "maxPE": 428.9813,
  "medianPE": 36.98,
  "hienTaiPE": 26.07209981411716,
  "minPS": 0.803,
  "maxPS": 2.6648,
  "medianPS": 1.36,
  "hienTaiPS": 1.7911267938795
}