{
  "minPB": 0.6005,
  "maxPB": 1.8544,
  "medianPB": 0.86,
  "hienTaiPB": 1.261913392045538,
  "minPE": -160.1414,
  "maxPE": 428.9813,
  "medianPE": 37,
  "hienTaiPE": 24.82558701278528,
  "minPS": 0.803,
  "maxPS": 2.6648,
  "medianPS": 1.36,
  "hienTaiPS": 1.7054926296465749
}