{
  "minPB": 0.6005,
  "maxPB": 1.8544,
  "medianPB": 0.86,
  "hienTaiPB": 1.2284429410184965,
  "minPE": -160.1414,
  "maxPE": 428.9813,
  "medianPE": 37,
  "hienTaiPE": 24.16712376200539,
  "minPS": 0.803,
  "maxPS": 2.6648,
  "medianPS": 1.36,
  "hienTaiPS": 1.660256872662465
}