{
  "minPB": 0.6005,
  "maxPB": 1.8544,
  "medianPB": 0.86,
  "hienTaiPB": 1.2188661356668287,
  "minPE": -160.1414,
  "maxPE": 428.9813,
  "medianPE": 37,
  "hienTaiPE": 23.978719537071257,
  "minPS": 0.803,
  "maxPS": 2.6648,
  "medianPS": 1.36,
  "hienTaiPS": 1.647313693641
}