{
  "minPB": 0.3548,
  "maxPB": 1.8796,
  "medianPB": 0.96,
  "hienTaiPB": 2.027326807723124,
  "minPE": 4.5826,
  "maxPE": 39.8117,
  "medianPE": 10.1,
  "hienTaiPE": 10.877553046615567,
  "minPS": 0.6486,
  "maxPS": 2.335,
  "medianPS": 1.26,
  "hienTaiPS": 2.52069051656355
}