{
  "minPB": 1.4718,
  "maxPB": 1.7128,
  "medianPB": 1.62,
  "hienTaiPB": 1.6894390064359364,
  "minPE": 8.1768,
  "maxPE": 9.5158,
  "medianPE": 8.98,
  "hienTaiPE": 9.064627538846306,
  "minPS": 0.6516,
  "maxPS": 2.2992,
  "medianPS": 1.28,
  "hienTaiPS": 2.100575430469625
}