{
  "minPB": 1.4718,
  "maxPB": 1.7128,
  "medianPB": 1.62,
  "hienTaiPB": 1.6393815543933903,
  "minPE": 8.1768,
  "maxPE": 9.5158,
  "medianPE": 8.96,
  "hienTaiPE": 8.796045982139749,
  "minPS": 0.6516,
  "maxPS": 2.2992,
  "medianPS": 1.28,
  "hienTaiPS": 2.03833615845571
}