{
  "minPB": 1.4718,
  "maxPB": 1.7128,
  "medianPB": 1.62,
  "hienTaiPB": 1.589324102350844,
  "minPE": 8.1768,
  "maxPE": 9.5158,
  "medianPE": 8.95,
  "hienTaiPE": 8.527464425433191,
  "minPS": 0.6516,
  "maxPS": 2.2992,
  "medianPS": 1.28,
  "hienTaiPS": 1.9760968864417954
}