{
  "minPB": 0.3548,
  "maxPB": 1.8662,
  "medianPB": 0.96,
  "hienTaiPB": 1.6894390064359364,
  "minPE": 4.5826,
  "maxPE": 39.8117,
  "medianPE": 10.09,
  "hienTaiPE": 9.064627538846306,
  "minPS": 0.6486,
  "maxPS": 2.3085,
  "medianPS": 1.26,
  "hienTaiPS": 2.100575430469625
}