{
  "minPB": 0.3548,
  "maxPB": 1.8716,
  "medianPB": 0.96,
  "hienTaiPB": 1.983276249925683,
  "minPE": 4.5826,
  "maxPE": 39.8117,
  "medianPE": 10.1,
  "hienTaiPE": 10.641201276713797,
  "minPS": 0.6486,
  "maxPS": 2.3172,
  "medianPS": 1.26,
  "hienTaiPS": 2.465919957191305
}