{
  "minPB": 1.4718,
  "maxPB": 1.7128,
  "medianPB": 1.62,
  "hienTaiPB": 1.616730557344138,
  "minPE": 8.1768,
  "maxPE": 9.5158,
  "medianPE": 8.96,
  "hienTaiPE": 8.674512827730032,
  "minPS": 0.6516,
  "maxPS": 2.2992,
  "medianPS": 1.28,
  "hienTaiPS": 2.010172887869414
}