{
  "minPB": 0.3548,
  "maxPB": 1.872,
  "medianPB": 0.96,
  "hienTaiPB": 1.9647549926699408,
  "minPE": 4.5826,
  "maxPE": 39.8117,
  "medianPE": 10.1,
  "hienTaiPE": 10.54182610073237,
  "minPS": 0.6486,
  "maxPS": 2.3196,
  "medianPS": 1.26,
  "hienTaiPS": 2.4428914265461565
}