{
  "minPB": 0.3548,
  "maxPB": 1.871,
  "medianPB": 0.96,
  "hienTaiPB": 1.964129274519409,
  "minPE": 4.5826,
  "maxPE": 39.8117,
  "medianPE": 10.1,
  "hienTaiPE": 10.538468831273539,
  "minPS": 0.6486,
  "maxPS": 2.3165,
  "medianPS": 1.26,
  "hienTaiPS": 2.4421134356459824
}