{
  "minPB": 1.8663,
  "maxPB": 5.409,
  "medianPB": 3.76,
  "hienTaiPB": 4.838868734635341,
  "minPE": 6.254,
  "maxPE": 12.368,
  "medianPE": 9.53,
  "hienTaiPE": 12.277251012501111,
  "minPS": 3.6803,
  "maxPS": 6.5562,
  "medianPS": 5.59,
  "hienTaiPS": 6.001111446697628
}