{
  "minPB": 1.8663,
  "maxPB": 5.409,
  "medianPB": 3.76,
  "hienTaiPB": 4.8053237174108325,
  "minPE": 6.254,
  "maxPE": 12.368,
  "medianPE": 9.53,
  "hienTaiPE": 12.192140086937846,
  "minPS": 3.6803,
  "maxPS": 6.5562,
  "medianPS": 5.59,
  "hienTaiPS": 5.959509287621734
}