{
  "minPB": 1.8663,
  "maxPB": 5.409,
  "medianPB": 3.76,
  "hienTaiPB": 4.889186260472104,
  "minPE": 6.254,
  "maxPE": 12.368,
  "medianPE": 9.53,
  "hienTaiPE": 12.40491740084601,
  "minPS": 3.6803,
  "maxPS": 6.5562,
  "medianPS": 5.57,
  "hienTaiPS": 6.063514685311468
}