{
  "minPB": 1.8663,
  "maxPB": 5.409,
  "medianPB": 3.76,
  "hienTaiPB": 4.855641243247596,
  "minPE": 6.254,
  "maxPE": 12.368,
  "medianPE": 9.53,
  "hienTaiPE": 12.319806475282745,
  "minPS": 3.6803,
  "maxPS": 6.5562,
  "medianPS": 5.57,
  "hienTaiPS": 6.021912526235575
}