{
  "minPB": 0.2769,
  "maxPB": 1.6112,
  "medianPB": 0.56,
  "hienTaiPB": 0.6459876262996954,
  "minPE": -8.4191,
  "maxPE": 27.7325,
  "medianPE": 6.33,
  "hienTaiPE": 6.104098155941641,
  "minPS": 0.6457,
  "maxPS": 13.8904,
  "medianPS": 1.31,
  "hienTaiPS": 1.1660255376333961
}