{
  "minPB": 0.2769,
  "maxPB": 1.6112,
  "medianPB": 0.56,
  "hienTaiPB": 0.6113811463193546,
  "minPE": -8.4191,
  "maxPE": 27.7325,
  "medianPE": 6.33,
  "hienTaiPE": 5.777092897587625,
  "minPS": -3490.8578,
  "maxPS": 13.8904,
  "medianPS": 1.3,
  "hienTaiPS": 1.103559883831607
}