{
  "minPB": 0.4479,
  "maxPB": 7.7612,
  "medianPB": 1.62,
  "hienTaiPB": 1.4798195931610503,
  "minPE": 2.3074,
  "maxPE": 1108.3609,
  "medianPE": 30.4,
  "hienTaiPE": 20.099300515185483,
  "minPS": 1.6047,
  "maxPS": 282.0154,
  "medianPS": 8.63,
  "hienTaiPS": 7.063983529059057
}