{
  "minPB": 0.4479,
  "maxPB": 7.7612,
  "medianPB": 1.62,
  "hienTaiPB": 1.4329088855968672,
  "minPE": 2.3074,
  "maxPE": 1108.3609,
  "medianPE": 30.53,
  "hienTaiPE": 19.46214689654848,
  "minPS": 1.6047,
  "maxPS": 282.0154,
  "medianPS": 8.64,
  "hienTaiPS": 6.840053215457761
}