{
  "minPB": 0.4479,
  "maxPB": 7.7612,
  "medianPB": 1.63,
  "hienTaiPB": 1.3561459095827493,
  "minPE": 2.3074,
  "maxPE": 1108.3609,
  "medianPE": 30.58,
  "hienTaiPE": 18.419531884233383,
  "minPS": 1.6047,
  "maxPS": 282.0154,
  "medianPS": 8.64,
  "hienTaiPS": 6.4736217932010955
}