{
  "minPB": 0.4479,
  "maxPB": 7.7612,
  "medianPB": 1.66,
  "hienTaiPB": 1.2964413726828798,
  "minPE": 2.2995,
  "maxPE": 1128.8861,
  "medianPE": 30.72,
  "hienTaiPE": 17.608609096877196,
  "minPS": 1.6047,
  "maxPS": 282.0154,
  "medianPS": 8.69,
  "hienTaiPS": 6.188619575890356
}