{
  "minPB": 0.4479,
  "maxPB": 7.7612,
  "medianPB": 1.63,
  "hienTaiPB": 1.3518812998041871,
  "minPE": 2.3074,
  "maxPE": 1108.3609,
  "medianPE": 30.62,
  "hienTaiPE": 18.361608827993656,
  "minPS": 1.6047,
  "maxPS": 282.0154,
  "medianPS": 8.65,
  "hienTaiPS": 6.453264491964615
}