{
  "minPB": 0.4479,
  "maxPB": 7.7612,
  "medianPB": 1.65,
  "hienTaiPB": 1.2708537140115073,
  "minPE": 2.2995,
  "maxPE": 1128.8861,
  "medianPE": 30.7,
  "hienTaiPE": 17.26107075943883,
  "minPS": 1.6047,
  "maxPS": 282.0154,
  "medianPS": 8.68,
  "hienTaiPS": 6.066475768471467
}