{
  "minPB": 0.4479,
  "maxPB": 7.7612,
  "medianPB": 1.63,
  "hienTaiPB": 1.3774689584755597,
  "minPE": 2.3074,
  "maxPE": 1108.3609,
  "medianPE": 30.54,
  "hienTaiPE": 18.70914716543202,
  "minPS": 1.6047,
  "maxPS": 282.0154,
  "medianPS": 8.64,
  "hienTaiPS": 6.575408299383503
}