{
  "minPB": 0.4479,
  "maxPB": 7.7612,
  "medianPB": 1.65,
  "hienTaiPB": 1.2879121531257556,
  "minPE": 2.2995,
  "maxPE": 1128.8861,
  "medianPE": 30.71,
  "hienTaiPE": 17.492762984397743,
  "minPS": 1.6047,
  "maxPS": 282.0154,
  "medianPS": 8.68,
  "hienTaiPS": 6.1479049734173925
}