{
  "minPB": 0.4479,
  "maxPB": 7.7612,
  "medianPB": 1.61,
  "hienTaiPB": 1.462761154046802,
  "minPE": 2.3074,
  "maxPE": 1108.3609,
  "medianPE": 30.26,
  "hienTaiPE": 19.867608290226574,
  "minPS": 1.6047,
  "maxPS": 282.0154,
  "medianPS": 8.61,
  "hienTaiPS": 6.982554324113131
}