{
  "minPB": 0.4479,
  "maxPB": 7.7612,
  "medianPB": 1.64,
  "hienTaiPB": 1.3262936411328146,
  "minPE": 2.3074,
  "maxPE": 1108.3609,
  "medianPE": 30.63,
  "hienTaiPE": 18.01407049055529,
  "minPS": 1.6047,
  "maxPS": 282.0154,
  "medianPS": 8.66,
  "hienTaiPS": 6.331120684545725
}