{
  "minPB": 1.2426,
  "maxPB": 1.5533,
  "medianPB": 1.55,
  "hienTaiPB": 1.3196104271222333,
  "minPE": -45.9779,
  "maxPE": 67.9813,
  "medianPE": -45.98,
  "hienTaiPE": 67.98131894934967,
  "minPS": 3.3074,
  "maxPS": 47.5487,
  "medianPS": 4.29,
  "hienTaiPS": 4.567925755129727
}