{
  "minPB": 1.8436,
  "maxPB": 2.144,
  "medianPB": 2.03,
  "hienTaiPB": 2.108665345985603,
  "minPE": 30.1521,
  "maxPE": 46.4902,
  "medianPE": 32.75,
  "hienTaiPE": 46.74847752215051,
  "minPS": 9.4494,
  "maxPS": 11.0665,
  "medianPS": 10.33,
  "hienTaiPS": 10.52436713777615
}