{
  "minPB": 1.8396,
  "maxPB": 2.1701,
  "medianPB": 2.03,
  "hienTaiPB": 2.088192866898364,
  "minPE": 30.0873,
  "maxPE": 46.7485,
  "medianPE": 32.59,
  "hienTaiPE": 46.29460880834322,
  "minPS": 9.6922,
  "maxPS": 11.5266,
  "medianPS": 10.46,
  "hienTaiPS": 10.422188816050166
}