{
  "minPB": 1.8396,
  "maxPB": 2.1701,
  "medianPB": 2.03,
  "hienTaiPB": 2.088192866898364,
  "minPE": 30.0873,
  "maxPE": 46.4902,
  "medianPE": 32.68,
  "hienTaiPE": 46.29460880834322,
  "minPS": 9.429,
  "maxPS": 11.0869,
  "medianPS": 10.32,
  "hienTaiPS": 10.422188816050166
}