{
  "minPB": 1.8436,
  "maxPB": 2.2069,
  "medianPB": 2.03,
  "hienTaiPB": 2.231500220509036,
  "minPE": 30.1521,
  "maxPE": 48.0219,
  "medianPE": 32.81,
  "hienTaiPE": 49.47168980499423,
  "minPS": 9.4494,
  "maxPS": 11.1374,
  "medianPS": 10.34,
  "hienTaiPS": 11.13743706813204
}