{
  "minPB": 1.8396,
  "maxPB": 2.1701,
  "medianPB": 2.03,
  "hienTaiPB": 2.0185864380017517,
  "minPE": 30.0873,
  "maxPE": 46.7485,
  "medianPE": 32.61,
  "hienTaiPE": 44.75145518139845,
  "minPS": 9.6922,
  "maxPS": 11.5266,
  "medianPS": 10.46,
  "hienTaiPS": 10.074782522181827
}