{
  "minPB": 1.8436,
  "maxPB": 2.1751,
  "medianPB": 2.03,
  "hienTaiPB": 2.1823662706996627,
  "minPE": 30.1521,
  "maxPE": 46.6704,
  "medianPE": 32.76,
  "hienTaiPE": 48.38240489185674,
  "minPS": 9.4494,
  "maxPS": 11.0665,
  "medianPS": 10.34,
  "hienTaiPS": 10.892209095989683
}