{
  "minPB": 1.8396,
  "maxPB": 2.1701,
  "medianPB": 2.03,
  "hienTaiPB": 2.108665345985603,
  "minPE": 30.0873,
  "maxPE": 46.6704,
  "medianPE": 32.66,
  "hienTaiPE": 46.74847752215051,
  "minPS": 9.429,
  "maxPS": 11.0869,
  "medianPS": 10.31,
  "hienTaiPS": 10.52436713777615
}