{
  "minPB": 1.8396,
  "maxPB": 2.1701,
  "medianPB": 2.03,
  "hienTaiPB": 1.9899249672796175,
  "minPE": 30.0873,
  "maxPE": 46.7485,
  "medianPE": 32.61,
  "hienTaiPE": 44.11603898206825,
  "minPS": 9.6922,
  "maxPS": 11.5266,
  "medianPS": 10.45,
  "hienTaiPS": 9.931732871765453
}