{
  "minPB": 1.8436,
  "maxPB": 2.144,
  "medianPB": 2.03,
  "hienTaiPB": 2.0677203878111254,
  "minPE": 30.1521,
  "maxPE": 46.4001,
  "medianPE": 32.75,
  "hienTaiPE": 45.84074009453593,
  "minPS": 9.4494,
  "maxPS": 11.0665,
  "medianPS": 10.32,
  "hienTaiPS": 10.320010494324185
}