{
  "minPB": 1.5328,
  "maxPB": 4.1874,
  "medianPB": 3.11,
  "hienTaiPB": 2.012952362480088,
  "minPE": 4.1758,
  "maxPE": 19.8224,
  "medianPE": 7.47,
  "hienTaiPE": 6.8573835594666335,
  "minPS": 1.584,
  "maxPS": 15.6318,
  "medianPS": 3.14,
  "hienTaiPS": 2.9203088474387395
}