{
  "minPB": 1.5328,
  "maxPB": 4.1874,
  "medianPB": 3.11,
  "hienTaiPB": 1.9976447399517223,
  "minPE": 4.1758,
  "maxPE": 19.8224,
  "medianPE": 7.47,
  "hienTaiPE": 6.805236155972591,
  "minPS": 1.5761,
  "maxPS": 15.6481,
  "medianPS": 3.15,
  "hienTaiPS": 2.898101175595099
}