{
  "minPB": 1.5328,
  "maxPB": 4.1874,
  "medianPB": 3.11,
  "hienTaiPB": 1.9938178343196309,
  "minPE": 4.1758,
  "maxPE": 19.8224,
  "medianPE": 7.47,
  "hienTaiPE": 6.79219930509908,
  "minPS": 1.5761,
  "maxPS": 15.6481,
  "medianPS": 3.15,
  "hienTaiPS": 2.8925492576341885
}