{
  "minPB": 1.5328,
  "maxPB": 4.1874,
  "medianPB": 3.11,
  "hienTaiPB": 2.009125456847997,
  "minPE": 4.1758,
  "maxPE": 19.8224,
  "medianPE": 7.47,
  "hienTaiPE": 6.844346708593123,
  "minPS": 1.5761,
  "maxPS": 15.6481,
  "medianPS": 3.15,
  "hienTaiPS": 2.914756929477829
}