{
  "minPB": 1.5328,
  "maxPB": 4.1874,
  "medianPB": 3.11,
  "hienTaiPB": 2.001471645583814,
  "minPE": 4.1758,
  "maxPE": 19.8224,
  "medianPE": 7.47,
  "hienTaiPE": 6.818273006846101,
  "minPS": 1.5761,
  "maxPS": 15.6481,
  "medianPS": 3.15,
  "hienTaiPS": 2.903653093556009
}