{
  "minPB": 0.8964,
  "maxPB": 1.8983,
  "medianPB": 1.2,
  "hienTaiPB": 1.6690925285320306,
  "minPE": -1054.6145,
  "maxPE": 279.0504,
  "medianPE": -8.18,
  "hienTaiPE": -74.2855,
  "minPS": 3.7943,
  "maxPS": 21.1827,
  "medianPS": 6.26,
  "hienTaiPS": 7.949747934469951
}