{
  "minPB": 1.5657,
  "maxPB": 2.1779,
  "medianPB": 1.86,
  "hienTaiPB": 1.7718059149032326,
  "minPE": -541.1489,
  "maxPE": -85.0598,
  "medianPE": -455.87,
  "hienTaiPE": -85.0598,
  "minPS": 3.8075,
  "maxPS": 21.2358,
  "medianPS": 6.27,
  "hienTaiPS": 8.266482617534491
}