{
  "minPB": 1.5657,
  "maxPB": 2.1779,
  "medianPB": 1.86,
  "hienTaiPB": 1.9258759944600354,
  "minPE": -541.1489,
  "maxPE": -85.0598,
  "medianPE": -457.09,
  "hienTaiPE": -85.0598,
  "minPS": 3.8075,
  "maxPS": 21.2358,
  "medianPS": 6.27,
  "hienTaiPS": 8.985307192972272
}