{
  "minPB": 0,
  "maxPB": 3.3609,
  "medianPB": 0.44,
  "hienTaiPB": 0.47601224358017064,
  "minPE": -120.582,
  "maxPE": 664.6826,
  "medianPE": 12.6,
  "hienTaiPE": 85.85038943079526,
  "minPS": 0,
  "maxPS": 18.7922,
  "medianPS": 0.48,
  "hienTaiPS": 3.58431167352962
}