{
  "minPB": 0.1011,
  "maxPB": 3.3752,
  "medianPB": 0.46,
  "hienTaiPB": 0.500216255965603,
  "minPE": -122.5658,
  "maxPE": 682.5476,
  "medianPE": 14.13,
  "hienTaiPE": 90.21566346964926,
  "minPS": 0.1159,
  "maxPS": 18.8552,
  "medianPS": 1.41,
  "hienTaiPS": 3.766564809471804
}