{
  "minPB": 0,
  "maxPB": 3.3609,
  "medianPB": 0.44,
  "hienTaiPB": 0.4840802477086481,
  "minPE": -120.582,
  "maxPE": 664.6826,
  "medianPE": 12.6,
  "hienTaiPE": 87.30548077707994,
  "minPS": 0,
  "maxPS": 18.7922,
  "medianPS": 0.48,
  "hienTaiPS": 3.6450627188436817
}