{
  "minPB": 0,
  "maxPB": 3.3609,
  "medianPB": 0.44,
  "hienTaiPB": 0.49214825183712557,
  "minPE": -120.582,
  "maxPE": 664.6826,
  "medianPE": 12.6,
  "hienTaiPE": 88.7605721233646,
  "minPS": 0,
  "maxPS": 18.7922,
  "medianPS": 0.48,
  "hienTaiPS": 3.705813764157743
}