{
  "minPB": 0.1011,
  "maxPB": 3.3752,
  "medianPB": 0.46,
  "hienTaiPB": 0.4598762353232157,
  "minPE": -122.5658,
  "maxPE": 682.5476,
  "medianPE": 14.1,
  "hienTaiPE": 82.94020673822594,
  "minPS": 0.1159,
  "maxPS": 18.8552,
  "medianPS": 1.34,
  "hienTaiPS": 3.4628095829014973
}