{
  "minPB": 0,
  "maxPB": 3.3609,
  "medianPB": 0.44,
  "hienTaiPB": 0.46794423945169317,
  "minPE": -120.582,
  "maxPE": 664.6826,
  "medianPE": 12.6,
  "hienTaiPE": 84.3952980845106,
  "minPS": 0,
  "maxPS": 18.7922,
  "medianPS": 0.48,
  "hienTaiPS": 3.523560628215559
}