{
  "minPB": 0.1011,
  "maxPB": 3.3752,
  "medianPB": 0.46,
  "hienTaiPB": 0.46794423945169317,
  "minPE": -122.5658,
  "maxPE": 682.5476,
  "medianPE": 14.15,
  "hienTaiPE": 84.3952980845106,
  "minPS": 0.1159,
  "maxPS": 18.8593,
  "medianPS": 0.7,
  "hienTaiPS": 3.523560628215559
}