{
  "minPB": 0.2351,
  "maxPB": 2.1744,
  "medianPB": 0.52,
  "hienTaiPB": 0.31065973694016547,
  "minPE": -94.4961,
  "maxPE": 534.6086,
  "medianPE": 23.58,
  "hienTaiPE": 35.75618233435079,
  "minPS": 0.5047,
  "maxPS": 29.9873,
  "medianPS": 1.43,
  "hienTaiPS": 0.4508859149377306
}