{
  "minPB": 0.2351,
  "maxPB": 2.1744,
  "medianPB": 0.52,
  "hienTaiPB": 0.3662607694038883,
  "minPE": -94.4961,
  "maxPE": 534.6086,
  "medianPE": 23.68,
  "hienTaiPE": 42.15572633169198,
  "minPS": 0.497,
  "maxPS": 29.9873,
  "medianPS": 1.42,
  "hienTaiPS": 0.5315842463044267
}