{
  "minPB": 0.2351,
  "maxPB": 2.1744,
  "medianPB": 0.52,
  "hienTaiPB": 0.3274283022863676,
  "minPE": -94.4961,
  "maxPE": 534.6086,
  "medianPE": 23.62,
  "hienTaiPE": 37.68620353989813,
  "minPS": 0.5015,
  "maxPS": 29.9873,
  "medianPS": 1.43,
  "hienTaiPS": 0.47522350693721044
}