{
  "minPB": 0.2351,
  "maxPB": 2.1744,
  "medianPB": 0.52,
  "hienTaiPB": 0.32831085835722035,
  "minPE": -94.4961,
  "maxPE": 534.6086,
  "medianPE": 23.6,
  "hienTaiPE": 37.78778360334799,
  "minPS": 0.5035,
  "maxPS": 29.9873,
  "medianPS": 1.43,
  "hienTaiPS": 0.4765044328319199
}