{
  "minPB": 0.2351,
  "maxPB": 2.182,
  "medianPB": 0.52,
  "hienTaiPB": 0.3071295126567545,
  "minPE": -94.4961,
  "maxPE": 534.6086,
  "medianPE": 23.55,
  "hienTaiPE": 35.34986208055135,
  "minPS": 0.4911,
  "maxPS": 29.9873,
  "medianPS": 1.39,
  "hienTaiPS": 0.44576221135889277
}