{
  "minPB": 0.2351,
  "maxPB": 2.1744,
  "medianPB": 0.52,
  "hienTaiPB": 0.3080120687276072,
  "minPE": -94.4961,
  "maxPE": 534.6086,
  "medianPE": 23.57,
  "hienTaiPE": 35.451442144001206,
  "minPS": 0.5047,
  "maxPS": 29.9873,
  "medianPS": 1.43,
  "hienTaiPS": 0.44704313725360223
}