{
  "minPB": 0.2351,
  "maxPB": 2.182,
  "medianPB": 0.52,
  "hienTaiPB": 0.30889462479845997,
  "minPE": -94.4961,
  "maxPE": 534.6086,
  "medianPE": 23.52,
  "hienTaiPE": 35.553022207451065,
  "minPS": 0.4923,
  "maxPS": 29.9873,
  "medianPS": 1.39,
  "hienTaiPS": 0.4483240631483117
}