{
  "minPB": -1.1068,
  "maxPB": 3.9798,
  "medianPB": 0.9,
  "hienTaiPB": 4.131472776229495,
  "minPE": -6.3543,
  "maxPE": 32.7685,
  "medianPE": 3.64,
  "hienTaiPE": -1.4612,
  "minPS": 0,
  "maxPS": 0.7637,
  "medianPS": 0.29,
  "hienTaiPS": 0.3886322739934229
}