{
  "minPB": -1.1739,
  "maxPB": 4.1016,
  "medianPB": 1.07,
  "hienTaiPB": 3.9061197157078866,
  "minPE": -6.4814,
  "maxPE": 33.0462,
  "medianPE": 4.37,
  "hienTaiPE": -1.353,
  "minPS": 0.1081,
  "maxPS": 0.7147,
  "medianPS": 0.31,
  "hienTaiPS": 0.367434149957418
}