{
  "minPB": -1.1068,
  "maxPB": 3.9767,
  "medianPB": 0.9,
  "hienTaiPB": 4.056355089388959,
  "minPE": -6.3543,
  "maxPE": 32.7685,
  "medianPE": 3.64,
  "hienTaiPE": -1.353,
  "minPS": 0,
  "maxPS": 0.7637,
  "medianPS": 0.29,
  "hienTaiPS": 0.381566232648088
}