{
  "minPB": -1.1739,
  "maxPB": 4.1016,
  "medianPB": 1.08,
  "hienTaiPB": 3.8310020288673505,
  "minPE": -6.4814,
  "maxPE": 33.0462,
  "medianPE": 4.37,
  "hienTaiPE": -1.353,
  "minPS": 0.1082,
  "maxPS": 0.7761,
  "medianPS": 0.32,
  "hienTaiPS": 0.36036810861208307
}