{
  "minPB": -1.1068,
  "maxPB": 3.9798,
  "medianPB": 0.9,
  "hienTaiPB": 3.8310020288673505,
  "minPE": -6.3543,
  "maxPE": 32.7685,
  "medianPE": 3.63,
  "hienTaiPE": -1.353,
  "minPS": 0,
  "maxPS": 0.7637,
  "medianPS": 0.29,
  "hienTaiPS": 0.36036810861208307
}