{
  "minPB": 0.7174,
  "maxPB": 2.5262,
  "medianPB": 1.27,
  "hienTaiPB": 1.2394454777541897,
  "minPE": 2.8496,
  "maxPE": 22.1458,
  "medianPE": 7.3,
  "hienTaiPE": 11.149976286616095,
  "minPS": 0.5927,
  "maxPS": 3.1415,
  "medianPS": 1.19,
  "hienTaiPS": 2.696745832859568
}