{
  "minPB": 0.7174,
  "maxPB": 2.5262,
  "medianPB": 1.28,
  "hienTaiPB": 1.2127332907336252,
  "minPE": 2.8496,
  "maxPE": 22.1458,
  "medianPE": 7.24,
  "hienTaiPE": 10.909675073542473,
  "minPS": 0.6073,
  "maxPS": 3.1278,
  "medianPS": 1.21,
  "hienTaiPS": 2.6386263105996637
}