{
  "minPB": 0.7174,
  "maxPB": 2.5262,
  "medianPB": 1.27,
  "hienTaiPB": 1.2180757281377381,
  "minPE": 2.8496,
  "maxPE": 22.1458,
  "medianPE": 7.29,
  "hienTaiPE": 10.957735316157198,
  "minPS": 0.5927,
  "maxPS": 3.1415,
  "medianPS": 1.19,
  "hienTaiPS": 2.6502502150516447
}