{
  "minPB": 0.7174,
  "maxPB": 2.5262,
  "medianPB": 1.27,
  "hienTaiPB": 1.2341030403500768,
  "minPE": 2.8496,
  "maxPE": 22.1458,
  "medianPE": 7.3,
  "hienTaiPE": 11.10191604400137,
  "minPS": 0.5927,
  "maxPS": 3.1415,
  "medianPS": 1.19,
  "hienTaiPS": 2.6851219284075873
}