{
  "minPB": 0.7174,
  "maxPB": 2.5262,
  "medianPB": 1.28,
  "hienTaiPB": 1.1860211037130608,
  "minPE": 2.8496,
  "maxPE": 22.1458,
  "medianPE": 7.26,
  "hienTaiPE": 10.66937386046885,
  "minPS": 0.6073,
  "maxPS": 3.1278,
  "medianPS": 1.21,
  "hienTaiPS": 2.580506788339759
}