{
  "minPB": 0.7174,
  "maxPB": 2.5262,
  "medianPB": 1.27,
  "hienTaiPB": 1.266157664774754,
  "minPE": 2.8496,
  "maxPE": 22.1458,
  "medianPE": 7.31,
  "hienTaiPE": 11.390277499689718,
  "minPS": 0.5927,
  "maxPS": 3.1415,
  "medianPS": 1.19,
  "hienTaiPS": 2.7548653551194726
}