{
  "minPB": 0.7174,
  "maxPB": 2.5262,
  "medianPB": 1.28,
  "hienTaiPB": 1.2608152273706412,
  "minPE": 2.8496,
  "maxPE": 22.1458,
  "medianPE": 7.23,
  "hienTaiPE": 11.342217257074994,
  "minPS": 0.6073,
  "maxPS": 3.1278,
  "medianPS": 1.21,
  "hienTaiPS": 2.7432414506674916
}