{
  "minPB": 0.7174,
  "maxPB": 2.5262,
  "medianPB": 1.27,
  "hienTaiPB": 1.223418165541851,
  "minPE": 2.8496,
  "maxPE": 22.1458,
  "medianPE": 7.3,
  "hienTaiPE": 11.005795558771922,
  "minPS": 0.5927,
  "maxPS": 3.1415,
  "medianPS": 1.19,
  "hienTaiPS": 2.6618741195036253
}