{
  "minPB": 0.4583,
  "maxPB": 1.7,
  "medianPB": 1.1,
  "hienTaiPB": 1.0145658116007368,
  "minPE": 0,
  "maxPE": 179.0738,
  "medianPE": 9.04,
  "hienTaiPE": 8.15859207482611,
  "minPS": 0,
  "maxPS": 0.8208,
  "medianPS": 0.34,
  "hienTaiPS": 0.5184063823981823
}