{
  "minPB": 0.4583,
  "maxPB": 1.7,
  "medianPB": 1.1,
  "hienTaiPB": 1.0235442701104778,
  "minPE": 0,
  "maxPE": 179.0738,
  "medianPE": 9.04,
  "hienTaiPE": 8.230792004691828,
  "minPS": 0,
  "maxPS": 0.8208,
  "medianPS": 0.34,
  "hienTaiPS": 0.522994049499051
}