{
  "minPB": 0.4583,
  "maxPB": 1.7,
  "medianPB": 1.1,
  "hienTaiPB": 1.0055873530909958,
  "minPE": 0,
  "maxPE": 179.0738,
  "medianPE": 9.04,
  "hienTaiPE": 8.086392144960392,
  "minPS": 0,
  "maxPS": 0.8208,
  "medianPS": 0.34,
  "hienTaiPS": 0.5138187152973134
}