{
  "minPB": 0.2187,
  "maxPB": 2.2666,
  "medianPB": 0.99,
  "hienTaiPB": 0.2364312134149422,
  "minPE": 9.2873,
  "maxPE": 4134.5508,
  "medianPE": 122.79,
  "hienTaiPE": 182.53804200405307,
  "minPS": 0.0524,
  "maxPS": 26.2754,
  "medianPS": 13.93,
  "hienTaiPS": 0.05170354662749329
}