{
  "minPB": 0.2088,
  "maxPB": 0.2293,
  "medianPB": 0.22,
  "hienTaiPB": 0.22857998774878815,
  "minPE": 142.7269,
  "maxPE": 176.5532,
  "medianPE": 149.52,
  "hienTaiPE": 176.47645927251875,
  "minPS": 0.0504,
  "maxPS": 26.2754,
  "medianPS": 8.43,
  "hienTaiPS": 0.04998661506651306
}