{
  "minPB": 0.2088,
  "maxPB": 0.2339,
  "medianPB": 0.22,
  "hienTaiPB": 0.23474170915766854,
  "minPE": 142.7269,
  "maxPE": 180.6198,
  "medianPE": 149.52,
  "hienTaiPE": 181.23365078334317,
  "minPS": 0.0504,
  "maxPS": 26.2754,
  "medianPS": 8.37,
  "hienTaiPS": 0.051334080342219056
}