{
  "minPB": 0.2187,
  "maxPB": 2.2666,
  "medianPB": 0.99,
  "hienTaiPB": 0.23871701329243009,
  "minPE": 9.2873,
  "maxPE": 4134.5508,
  "medianPE": 123.29,
  "hienTaiPE": 184.30280659677825,
  "minPS": 0.0522,
  "maxPS": 26.2754,
  "medianPS": 13.93,
  "hienTaiPS": 0.05220341277815842
}