{
  "minPB": 0.2088,
  "maxPB": 0.2293,
  "medianPB": 0.22,
  "hienTaiPB": 0.23394664833071624,
  "minPE": 142.7269,
  "maxPE": 176.5532,
  "medianPE": 149.52,
  "hienTaiPE": 180.61981962065613,
  "minPS": 0.0504,
  "maxPS": 26.2754,
  "medianPS": 8.49,
  "hienTaiPS": 0.05116021385503119
}