{
  "minPB": 0.7114,
  "maxPB": 1.5971,
  "medianPB": 1.07,
  "hienTaiPB": 1.0429591293137588,
  "minPE": -33.4206,
  "maxPE": 48.072,
  "medianPE": 13.15,
  "hienTaiPE": 12.81705887287252,
  "minPS": 0.4182,
  "maxPS": 1.0872,
  "medianPS": 0.69,
  "hienTaiPS": 0.6912945594282562
}