{
  "minPB": 0.7231,
  "maxPB": 1.5971,
  "medianPB": 1.07,
  "hienTaiPB": 1.0590046543801241,
  "minPE": -33.4206,
  "maxPE": 48.072,
  "medianPE": 13.16,
  "hienTaiPE": 13.014244393993636,
  "minPS": 0.4182,
  "maxPS": 1.0873,
  "medianPS": 0.68,
  "hienTaiPS": 0.701929860342537
}