{
  "minPB": 0.7114,
  "maxPB": 1.5971,
  "medianPB": 1.07,
  "hienTaiPB": 1.1151639921124035,
  "minPE": -33.4206,
  "maxPE": 48.072,
  "medianPE": 13.16,
  "hienTaiPE": 13.70439371791754,
  "minPS": 0.4182,
  "maxPS": 1.0872,
  "medianPS": 0.69,
  "hienTaiPS": 0.7391534135425201
}