{
  "minPB": 0.7231,
  "maxPB": 1.5971,
  "medianPB": 1.07,
  "hienTaiPB": 1.107141229579221,
  "minPE": -33.4206,
  "maxPE": 48.072,
  "medianPE": 13.16,
  "hienTaiPE": 13.605800957356983,
  "minPS": 0.4182,
  "maxPS": 1.0873,
  "medianPS": 0.68,
  "hienTaiPS": 0.7338357630853797
}