{
  "minPB": 0.7231,
  "maxPB": 1.5971,
  "medianPB": 1.07,
  "hienTaiPB": 1.067027416913307,
  "minPE": -33.4206,
  "maxPE": 48.072,
  "medianPE": 13.15,
  "hienTaiPE": 13.112837154554194,
  "minPS": 0.4182,
  "maxPS": 1.0873,
  "medianPS": 0.68,
  "hienTaiPS": 0.7072475107996775
}