{
  "minPB": 0.5656,
  "maxPB": 2.7431,
  "medianPB": 1.13,
  "hienTaiPB": 0.8566681497015607,
  "minPE": -71.6106,
  "maxPE": 301.0379,
  "medianPE": 9.28,
  "hienTaiPE": 312.80441767302887,
  "minPS": 0.2289,
  "maxPS": 1.5131,
  "medianPS": 0.44,
  "hienTaiPS": 0.32329919839242577
}