{
  "minPB": 0.5656,
  "maxPB": 2.7431,
  "medianPB": 1.13,
  "hienTaiPB": 0.8326494165323581,
  "minPE": -71.6106,
  "maxPE": 302.1958,
  "medianPE": 9.29,
  "hienTaiPE": 304.0342003550935,
  "minPS": 0.2289,
  "maxPS": 1.5131,
  "medianPS": 0.44,
  "hienTaiPS": 0.3142347348860961
}