{
  "minPB": 0.5656,
  "maxPB": 2.7431,
  "medianPB": 1.13,
  "hienTaiPB": 0.8166369277528897,
  "minPE": -71.6106,
  "maxPE": 301.0379,
  "medianPE": 9.27,
  "hienTaiPE": 298.1873888098032,
  "minPS": 0.2289,
  "maxPS": 1.5131,
  "medianPS": 0.44,
  "hienTaiPS": 0.30819175921520964
}