{
  "minPB": 0.5656,
  "maxPB": 2.7431,
  "medianPB": 1.13,
  "hienTaiPB": 0.8126338055580226,
  "minPE": -71.6106,
  "maxPE": 302.1958,
  "medianPE": 9.3,
  "hienTaiPE": 296.7256859234807,
  "minPS": 0.2289,
  "maxPS": 1.5131,
  "medianPS": 0.44,
  "hienTaiPS": 0.30668101529748804
}