{
  "minPB": 0.5656,
  "maxPB": 2.7431,
  "medianPB": 1.13,
  "hienTaiPB": 0.7806088279990857,
  "minPE": -71.6106,
  "maxPE": 302.1958,
  "medianPE": 9.42,
  "hienTaiPE": 285.0320628329001,
  "minPS": 0.2289,
  "maxPS": 1.5289,
  "medianPS": 0.44,
  "hienTaiPS": 0.2945950639557151
}