{
  "minPB": 0.5656,
  "maxPB": 2.7431,
  "medianPB": 1.13,
  "hienTaiPB": 0.7966213167785542,
  "minPE": -71.6106,
  "maxPE": 302.1958,
  "medianPE": 9.3,
  "hienTaiPE": 290.8788743781904,
  "minPS": 0.2289,
  "maxPS": 1.5289,
  "medianPS": 0.44,
  "hienTaiPS": 0.30063803962660157
}