{
  "minPB": 1.2405,
  "maxPB": 3.1028,
  "medianPB": 2.35,
  "hienTaiPB": 2.3647694616206913,
  "minPE": 4.0431,
  "maxPE": 12.0779,
  "medianPE": 8.98,
  "hienTaiPE": 9.715069474552832,
  "minPS": 0.8157,
  "maxPS": 2.2378,
  "medianPS": 1.74,
  "hienTaiPS": 1.7819600871559589
}