{
  "minPB": 2.1171,
  "maxPB": 2.739,
  "medianPB": 2.4,
  "hienTaiPB": 2.2645665190110313,
  "minPE": 8.6974,
  "maxPE": 10.5469,
  "medianPE": 9.25,
  "hienTaiPE": 9.303410509564209,
  "minPS": 0.8157,
  "maxPS": 2.2303,
  "medianPS": 1.74,
  "hienTaiPS": 1.7064526657163996
}