{
  "minPB": 2.1171,
  "maxPB": 2.739,
  "medianPB": 2.4,
  "hienTaiPB": 2.264849625214183,
  "minPE": 8.6974,
  "maxPE": 10.5469,
  "medianPE": 9.25,
  "hienTaiPE": 9.304573581261867,
  "minPS": 0.8157,
  "maxPS": 2.2303,
  "medianPS": 1.75,
  "hienTaiPS": 1.7066659989662705
}