{
  "minPB": 1.2405,
  "maxPB": 3.1028,
  "medianPB": 2.35,
  "hienTaiPB": 2.41306404921717,
  "minPE": 4.0431,
  "maxPE": 12.0779,
  "medianPE": 8.99,
  "hienTaiPE": 9.913475822976798,
  "minPS": 0.8157,
  "maxPS": 2.2378,
  "medianPS": 1.74,
  "hienTaiPS": 1.8183522297809749
}