{
  "minPB": 2.1171,
  "maxPB": 2.739,
  "medianPB": 2.4,
  "hienTaiPB": 2.211559045797379,
  "minPE": 8.6974,
  "maxPE": 10.5469,
  "medianPE": 9.25,
  "hienTaiPE": 9.085642438173354,
  "minPS": 0.8157,
  "maxPS": 2.2303,
  "medianPS": 1.75,
  "hienTaiPS": 1.66650915193177
}