{
  "minPB": 0.4239,
  "maxPB": 1.3074,
  "medianPB": 0.75,
  "hienTaiPB": 1.1523459797846596,
  "minPE": -48.4435,
  "maxPE": 112.346,
  "medianPE": 16.03,
  "hienTaiPE": 13.333276715642874,
  "minPS": 0.3889,
  "maxPS": 1.1287,
  "medianPS": 0.69,
  "hienTaiPS": 0.7846771213399866
}