{
  "minPB": 0.1105,
  "maxPB": 2.1801,
  "medianPB": 0.29,
  "hienTaiPB": 0.18411071412179603,
  "minPE": -30.7561,
  "maxPE": 90.9695,
  "medianPE": 37.6,
  "hienTaiPE": 48.30944221212359,
  "minPS": 0.2264,
  "maxPS": 4.9,
  "medianPS": 0.79,
  "hienTaiPS": 0.3203990762862751
}