{
  "minPB": 0.1105,
  "maxPB": 2.1801,
  "medianPB": 0.29,
  "hienTaiPB": 0.1472885712974368,
  "minPE": -30.7561,
  "maxPE": 90.9695,
  "medianPE": 37.6,
  "hienTaiPE": 38.647553769698874,
  "minPS": 0.2264,
  "maxPS": 4.9215,
  "medianPS": 0.79,
  "hienTaiPS": 0.2563192610290201
}