{
  "minPB": 0.1105,
  "maxPB": 2.1801,
  "medianPB": 0.3,
  "hienTaiPB": 0.1288774998852572,
  "minPE": -29.8098,
  "maxPE": 90.9695,
  "medianPE": 37.6,
  "hienTaiPE": 33.81660954848651,
  "minPS": 0.2265,
  "maxPS": 4.9215,
  "medianPS": 0.76,
  "hienTaiPS": 0.22427935340039257
}