{
  "minPB": 0.1105,
  "maxPB": 2.1801,
  "medianPB": 0.29,
  "hienTaiPB": 0.16569964270961643,
  "minPE": -30.7561,
  "maxPE": 90.9695,
  "medianPE": 37.6,
  "hienTaiPE": 43.47849799091123,
  "minPS": 0.2264,
  "maxPS": 4.9108,
  "medianPS": 0.79,
  "hienTaiPS": 0.2883591686576476
}