{
  "minPB": 0.4534,
  "maxPB": 1.4563,
  "medianPB": 0.74,
  "hienTaiPB": 0.5098312984396337,
  "minPE": 0,
  "maxPE": 11.9016,
  "medianPE": 8.67,
  "hienTaiPE": 7.571121670029852,
  "minPS": 0,
  "maxPS": 0.6118,
  "medianPS": 0.32,
  "hienTaiPS": 0.23827252246948008
}