{
  "minPB": 0.4534,
  "maxPB": 1.4563,
  "medianPB": 0.75,
  "hienTaiPB": 0.48086361102829084,
  "minPE": 0,
  "maxPE": 11.9016,
  "medianPE": 8.68,
  "hienTaiPE": 7.140944302414519,
  "minPS": 0.1936,
  "maxPS": 0.6118,
  "medianPS": 0.32,
  "hienTaiPS": 0.22473431096553234
}