{
  "minPB": 0.4534,
  "maxPB": 1.4563,
  "medianPB": 0.75,
  "hienTaiPB": 0.4634829985814852,
  "minPE": 0,
  "maxPE": 11.9016,
  "medianPE": 8.68,
  "hienTaiPE": 6.88283788184532,
  "minPS": 0.1936,
  "maxPS": 0.6118,
  "medianPS": 0.32,
  "hienTaiPS": 0.21661138406316371
}