{
  "minPB": 0.4534,
  "maxPB": 1.4563,
  "medianPB": 0.74,
  "hienTaiPB": 0.47507007354602226,
  "minPE": 0,
  "maxPE": 11.9016,
  "medianPE": 8.68,
  "hienTaiPE": 7.0549088288914525,
  "minPS": 0.1936,
  "maxPS": 0.6118,
  "medianPS": 0.35,
  "hienTaiPS": 0.2220266686647428
}