{
  "minPB": 0.4534,
  "maxPB": 1.4563,
  "medianPB": 0.74,
  "hienTaiPB": 0.49824422347509656,
  "minPE": 0,
  "maxPE": 11.9016,
  "medianPE": 8.68,
  "hienTaiPE": 7.399050722983718,
  "minPS": 0,
  "maxPS": 0.6118,
  "medianPS": 0.32,
  "hienTaiPS": 0.232857237867901
}