{
  "minPB": 0.2161,
  "maxPB": 2.3654,
  "medianPB": 1.55,
  "hienTaiPB": 1.973379249458312,
  "minPE": 1.1746,
  "maxPE": 46.2747,
  "medianPE": 16.93,
  "hienTaiPE": 14.533620654039828,
  "minPS": 0.4392,
  "maxPS": 1.2562,
  "medianPS": 0.77,
  "hienTaiPS": 1.1401045587276717
}