{
  "minPB": 1.6619,
  "maxPB": 1.9564,
  "medianPB": 1.79,
  "hienTaiPB": 1.8891337926618008,
  "minPE": 11.373,
  "maxPE": 13.5567,
  "medianPE": 12.38,
  "hienTaiPE": 13.913166419891532,
  "minPS": 0.439,
  "maxPS": 1.2547,
  "medianPS": 0.78,
  "hienTaiPS": 1.0914323993481896
}