{
  "minPB": 0.2161,
  "maxPB": 2.3654,
  "medianPB": 1.55,
  "hienTaiPB": 2.0281313673234167,
  "minPE": 1.1746,
  "maxPE": 46.2747,
  "medianPE": 16.91,
  "hienTaiPE": 14.936861192458958,
  "minPS": 0.4392,
  "maxPS": 1.2562,
  "medianPS": 0.77,
  "hienTaiPS": 1.1717371702467883
}