{
  "minPB": 0.2161,
  "maxPB": 2.3654,
  "medianPB": 1.55,
  "hienTaiPB": 1.968773236829226,
  "minPE": 1.1746,
  "maxPE": 46.2747,
  "medianPE": 16.94,
  "hienTaiPE": 14.499698112137539,
  "minPS": 0.4392,
  "maxPS": 1.2562,
  "medianPS": 0.77,
  "hienTaiPS": 1.1374434706487229
}