{
  "minPB": 1.6619,
  "maxPB": 1.9564,
  "medianPB": 1.78,
  "hienTaiPB": 1.7086821043384097,
  "minPE": 11.373,
  "maxPE": 13.3882,
  "medianPE": 12.36,
  "hienTaiPE": 12.584168770203517,
  "minPS": 0.439,
  "maxPS": 1.2547,
  "medianPS": 0.78,
  "hienTaiPS": 0.9871778357390524
}