{
  "minPB": 1.6619,
  "maxPB": 1.981,
  "medianPB": 1.79,
  "hienTaiPB": 2.0004952915488996,
  "minPE": 11.373,
  "maxPE": 13.9132,
  "medianPE": 12.4,
  "hienTaiPE": 14.73332594104523,
  "minPS": 0.439,
  "maxPS": 1.2547,
  "medianPS": 0.78,
  "hienTaiPS": 1.1557706417730957
}