{
  "minPB": 0.2161,
  "maxPB": 2.3654,
  "medianPB": 1.55,
  "hienTaiPB": 2.0276113336394874,
  "minPE": 1.1746,
  "maxPE": 46.2747,
  "medianPE": 16.93,
  "hienTaiPE": 14.933031228050634,
  "minPS": 0.4392,
  "maxPS": 1.2562,
  "medianPS": 0.77,
  "hienTaiPS": 1.1714367248185198
}