{
  "minPB": 1.6619,
  "maxPB": 1.9564,
  "medianPB": 1.78,
  "hienTaiPB": 1.81194593586147,
  "minPE": 11.373,
  "maxPE": 13.3882,
  "medianPE": 12.37,
  "hienTaiPE": 13.344690274141904,
  "minPS": 0.439,
  "maxPS": 1.2547,
  "medianPS": 0.78,
  "hienTaiPS": 1.0468377136380647
}