{
  "minPB": 1.1886,
  "maxPB": 3.5625,
  "medianPB": 1.94,
  "hienTaiPB": 2.454457934947323,
  "minPE": 4.4251,
  "maxPE": 11.7262,
  "medianPE": 7.98,
  "hienTaiPE": 9.993313342880041,
  "minPS": 1.7402,
  "maxPS": 5.2811,
  "medianPS": 3.43,
  "hienTaiPS": 4.839114872682163
}