{
  "minPB": 1.1881,
  "maxPB": 3.5722,
  "medianPB": 1.93,
  "hienTaiPB": 2.1653021480941623,
  "minPE": 4.4208,
  "maxPE": 11.742,
  "medianPE": 7.96,
  "hienTaiPE": 9.588822088525372,
  "minPS": 1.7402,
  "maxPS": 5.2147,
  "medianPS": 3.44,
  "hienTaiPS": 4.643245937359313
}