{
  "minPB": 1.1881,
  "maxPB": 3.5722,
  "medianPB": 1.94,
  "hienTaiPB": 2.39601846030572,
  "minPE": 4.4208,
  "maxPE": 11.742,
  "medianPE": 7.96,
  "hienTaiPE": 9.755377310906708,
  "minPS": 1.7402,
  "maxPS": 5.2811,
  "medianPS": 3.43,
  "hienTaiPS": 4.723897851904017
}