{
  "minPB": 1.1881,
  "maxPB": 3.5722,
  "medianPB": 1.94,
  "hienTaiPB": 2.3989404340378,
  "minPE": 4.4208,
  "maxPE": 11.742,
  "medianPE": 7.98,
  "hienTaiPE": 9.767274112505374,
  "minPS": 1.7402,
  "maxPS": 5.2811,
  "medianPS": 3.43,
  "hienTaiPS": 4.729658702942924
}