{
  "minPB": 0.9257,
  "maxPB": 1.3803,
  "medianPB": 1.18,
  "hienTaiPB": 1.161597395478831,
  "minPE": 8.0506,
  "maxPE": 12.0041,
  "medianPE": 10.26,
  "hienTaiPE": 8.52515496877949,
  "minPS": 1.1631,
  "maxPS": 3.468,
  "medianPS": 1.57,
  "hienTaiPS": 1.4573814320401335
}