{
  "minPB": 0.8769,
  "maxPB": 1.9824,
  "medianPB": 1.18,
  "hienTaiPB": 1.1790650254860313,
  "minPE": -726.2518,
  "maxPE": 280.3963,
  "medianPE": 8.29,
  "hienTaiPE": 8.653352787858879,
  "minPS": 1.1631,
  "maxPS": 3.5077,
  "medianPS": 1.59,
  "hienTaiPS": 1.4792969422963762
}