{
  "minPB": 0.8769,
  "maxPB": 1.9824,
  "medianPB": 1.18,
  "hienTaiPB": 1.1703312104824313,
  "minPE": -726.2518,
  "maxPE": 280.3963,
  "medianPE": 8.05,
  "hienTaiPE": 8.589253878319184,
  "minPS": 1.1631,
  "maxPS": 3.5077,
  "medianPS": 1.59,
  "hienTaiPS": 1.468339187168255
}