{
  "minPB": 0.9002,
  "maxPB": 1.1421,
  "medianPB": 0.9,
  "hienTaiPB": 1.1420788641285742,
  "minPE": 7.0121,
  "maxPE": 8.7224,
  "medianPE": 7.01,
  "hienTaiPE": 8.543015207933239,
  "minPS": 0.6357,
  "maxPS": 1.1915,
  "medianPS": 0.78,
  "hienTaiPS": 0.8642778720808961
}