{
  "minPB": 0.7886,
  "maxPB": 1.4004,
  "medianPB": 0.93,
  "hienTaiPB": 1.29622447769194,
  "minPE": 6.7291,
  "maxPE": 24.69,
  "medianPE": 8.84,
  "hienTaiPE": 9.696060205323,
  "minPS": 0.6367,
  "maxPS": 1.2344,
  "medianPS": 0.78,
  "hienTaiPS": 0.9809288732206489
}