{
  "minPB": 0.6367,
  "maxPB": 4.453,
  "medianPB": 1.26,
  "hienTaiPB": 1.0401490556525477,
  "minPE": -60.3737,
  "maxPE": 93.5022,
  "medianPE": 7.85,
  "hienTaiPE": 50.514074446719064,
  "minPS": 0.7753,
  "maxPS": 6.0497,
  "medianPS": 1.89,
  "hienTaiPS": 2.695421840183974
}