{
  "minPB": 0.6367,
  "maxPB": 4.453,
  "medianPB": 1.26,
  "hienTaiPB": 1.0827490169762015,
  "minPE": -60.3737,
  "maxPE": 93.5022,
  "medianPE": 7.85,
  "hienTaiPE": 52.58291026023657,
  "minPS": 0.7753,
  "maxPS": 6.0497,
  "medianPS": 1.89,
  "hienTaiPS": 2.805814543536219
}