{
  "minPB": 0.6367,
  "maxPB": 4.453,
  "medianPB": 1.26,
  "hienTaiPB": 1.04724904920649,
  "minPE": -60.3737,
  "maxPE": 93.1121,
  "medianPE": 7.87,
  "hienTaiPE": 50.858880415638644,
  "minPS": 0.7786,
  "maxPS": 6.2323,
  "medianPS": 1.88,
  "hienTaiPS": 2.713820624076015
}