{
  "minPB": 0.6367,
  "maxPB": 4.453,
  "medianPB": 1.26,
  "hienTaiPB": 1.1572989492925958,
  "minPE": -60.3737,
  "maxPE": 93.1121,
  "medianPE": 7.88,
  "hienTaiPE": 56.2033729338922,
  "minPS": 0.7786,
  "maxPS": 6.2323,
  "medianPS": 1.89,
  "hienTaiPS": 2.999001774402647
}