{
  "minPB": 0.6367,
  "maxPB": 4.453,
  "medianPB": 1.26,
  "hienTaiPB": 1.093399007307115,
  "minPE": -60.3737,
  "maxPE": 93.1121,
  "medianPE": 7.87,
  "hienTaiPE": 53.10011921361594,
  "minPS": 0.7786,
  "maxPS": 6.2323,
  "medianPS": 1.89,
  "hienTaiPS": 2.83341271937428
}