{
  "minPB": 0.6367,
  "maxPB": 4.453,
  "medianPB": 1.26,
  "hienTaiPB": 1.0330490620986055,
  "minPE": -60.3737,
  "maxPE": 93.1121,
  "medianPE": 7.87,
  "hienTaiPE": 50.16926847779948,
  "minPS": 0.7786,
  "maxPS": 6.2323,
  "medianPS": 1.88,
  "hienTaiPS": 2.6770230562919335
}