{
  "minPB": 0.6367,
  "maxPB": 4.453,
  "medianPB": 1.26,
  "hienTaiPB": 1.0791990201992303,
  "minPE": -60.3737,
  "maxPE": 93.5022,
  "medianPE": 7.85,
  "hienTaiPE": 52.41050727577677,
  "minPS": 0.7753,
  "maxPS": 6.0497,
  "medianPS": 1.89,
  "hienTaiPS": 2.7966151515901982
}