{
  "minPB": 0.6367,
  "maxPB": 4.453,
  "medianPB": 1.26,
  "hienTaiPB": 1.0862990137531727,
  "minPE": -60.3737,
  "maxPE": 93.1121,
  "medianPE": 7.87,
  "hienTaiPE": 52.75531324469636,
  "minPS": 0.7786,
  "maxPS": 6.2323,
  "medianPS": 1.88,
  "hienTaiPS": 2.815013935482239
}