{
  "minPB": 0.5006,
  "maxPB": 2.9618,
  "medianPB": 1.08,
  "hienTaiPB": 0.8266510724645436,
  "minPE": 3.3422,
  "maxPE": 13.8943,
  "medianPE": 7.38,
  "hienTaiPE": 13.16551801201835,
  "minPS": 0.8583,
  "maxPS": 6.693,
  "medianPS": 2.31,
  "hienTaiPS": 1.0457500330212688
}