{
  "minPB": 0.5006,
  "maxPB": 2.9618,
  "medianPB": 1.08,
  "hienTaiPB": 0.8058111294612358,
  "minPE": 3.3422,
  "maxPE": 13.8943,
  "medianPE": 7.38,
  "hienTaiPE": 12.833614196589314,
  "minPS": 0.8583,
  "maxPS": 6.693,
  "medianPS": 2.3,
  "hienTaiPS": 1.0193865868106486
}