{
  "minPB": 0.5006,
  "maxPB": 2.9618,
  "medianPB": 1.08,
  "hienTaiPB": 0.8197044247967743,
  "minPE": 3.3422,
  "maxPE": 13.8943,
  "medianPE": 7.38,
  "hienTaiPE": 13.054883406875337,
  "minPS": 0.8583,
  "maxPS": 6.693,
  "medianPS": 2.31,
  "hienTaiPS": 1.0369622176177289
}