{
  "minPB": 0.5006,
  "maxPB": 2.9459,
  "medianPB": 1.07,
  "hienTaiPB": 0.7919178341256972,
  "minPE": 3.3445,
  "maxPE": 13.8943,
  "medianPE": 7.38,
  "hienTaiPE": 12.612344986303292,
  "minPS": 0.9073,
  "maxPS": 6.6498,
  "medianPS": 2.34,
  "hienTaiPS": 1.0018109560035684
}