{
  "minPB": 0.4539,
  "maxPB": 3.1789,
  "medianPB": 0.72,
  "hienTaiPB": 0.657944127326296,
  "minPE": -445.7117,
  "maxPE": 26.6661,
  "medianPE": 8.48,
  "hienTaiPE": 28.131170075395858,
  "minPS": 0.6347,
  "maxPS": 3.8089,
  "medianPS": 1.75,
  "hienTaiPS": 1.6651325370765184
}