{
  "minPB": 0.4539,
  "maxPB": 3.1789,
  "medianPB": 0.72,
  "hienTaiPB": 0.6359808255432702,
  "minPE": -445.7117,
  "maxPE": 26.6661,
  "medianPE": 8.49,
  "hienTaiPE": 27.192103440077855,
  "minPS": 0.6347,
  "maxPS": 3.8089,
  "medianPS": 1.74,
  "hienTaiPS": 1.60954756123797
}