{
  "minPB": 0.4539,
  "maxPB": 3.1789,
  "medianPB": 0.72,
  "hienTaiPB": 0.662718758148693,
  "minPE": -445.7117,
  "maxPE": 27.2974,
  "medianPE": 8.51,
  "hienTaiPE": 28.335314996117162,
  "minPS": 0.6297,
  "maxPS": 3.9301,
  "medianPS": 1.75,
  "hienTaiPS": 1.6772162274762028
}