{
  "minPB": 0.4539,
  "maxPB": 3.1789,
  "medianPB": 0.72,
  "hienTaiPB": 0.633116047049832,
  "minPE": -445.7117,
  "maxPE": 26.695,
  "medianPE": 8.5,
  "hienTaiPE": 27.06961648764507,
  "minPS": 0.6347,
  "maxPS": 3.8089,
  "medianPS": 1.74,
  "hienTaiPS": 1.6022973469981592
}