{
  "minPB": 0.4539,
  "maxPB": 3.1789,
  "medianPB": 0.72,
  "hienTaiPB": 0.645530087188064,
  "minPE": -445.7117,
  "maxPE": 26.6661,
  "medianPE": 8.48,
  "hienTaiPE": 27.600393281520464,
  "minPS": 0.6347,
  "maxPS": 3.8089,
  "medianPS": 1.75,
  "hienTaiPS": 1.633714942037339
}