{
  "minPB": 0.4539,
  "maxPB": 3.1789,
  "medianPB": 0.72,
  "hienTaiPB": 0.68277220760276,
  "minPE": -445.7117,
  "maxPE": 27.4209,
  "medianPE": 8.53,
  "hienTaiPE": 29.192723663146644,
  "minPS": 0.6297,
  "maxPS": 3.9301,
  "medianPS": 1.75,
  "hienTaiPS": 1.7279677271548777
}