{
  "minPB": 0.4539,
  "maxPB": 3.1789,
  "medianPB": 0.72,
  "hienTaiPB": 0.6436202348591052,
  "minPE": -445.7117,
  "maxPE": 27.2457,
  "medianPE": 8.51,
  "hienTaiPE": 27.518735313231943,
  "minPS": 0.6297,
  "maxPS": 3.9301,
  "medianPS": 1.75,
  "hienTaiPS": 1.628881465877465
}