{
  "minPB": 0.4539,
  "maxPB": 3.1789,
  "medianPB": 0.72,
  "hienTaiPB": 0.6913665430830745,
  "minPE": -445.7117,
  "maxPE": 27.7914,
  "medianPE": 8.54,
  "hienTaiPE": 29.560184520444995,
  "minPS": 0.6297,
  "maxPS": 3.9301,
  "medianPS": 1.75,
  "hienTaiPS": 1.7497183698743097
}