{
  "minPB": 0.4539,
  "maxPB": 3.1789,
  "medianPB": 0.72,
  "hienTaiPB": 0.6789525029448424,
  "minPE": -445.7117,
  "maxPE": 27.3907,
  "medianPE": 8.52,
  "hienTaiPE": 29.0294077265696,
  "minPS": 0.6297,
  "maxPS": 3.9301,
  "medianPS": 1.75,
  "hienTaiPS": 1.71830077483513
}