{
  "minPB": 0.2404,
  "maxPB": 2.4419,
  "medianPB": 0.39,
  "hienTaiPB": 0.4042036228142282,
  "minPE": -30.3869,
  "maxPE": 358.6111,
  "medianPE": 8.86,
  "hienTaiPE": -7.1983,
  "minPS": 0.049,
  "maxPS": 0.4189,
  "medianPS": 0.12,
  "hienTaiPS": 0.22015458108269673
}