{
  "minPB": 0.2404,
  "maxPB": 2.4419,
  "medianPB": 0.39,
  "hienTaiPB": 0.4246696290326702,
  "minPE": -30.3869,
  "maxPE": 361.5144,
  "medianPE": 8.88,
  "hienTaiPE": -7.0414,
  "minPS": 0.049,
  "maxPS": 0.4199,
  "medianPS": 0.12,
  "hienTaiPS": 0.23130164847928897
}