{
  "minPB": 0.5274,
  "maxPB": 0.6187,
  "medianPB": 0.61,
  "hienTaiPB": 0.6267027547012466,
  "minPE": -2.5938,
  "maxPE": 50.529,
  "medianPE": -2.57,
  "hienTaiPE": 52.2133337443028,
  "minPS": 0.0838,
  "maxPS": 0.3232,
  "medianPS": 0.19,
  "hienTaiPS": 0.11196478451549004
}