{
  "minPB": -35.0247,
  "maxPB": 1.3641,
  "medianPB": 0.65,
  "hienTaiPB": 0.6267027547012466,
  "minPE": -2.6725,
  "maxPE": 479.045,
  "medianPE": 31.75,
  "hienTaiPE": 52.2133337443028,
  "minPS": 0.0837,
  "maxPS": 0.3232,
  "medianPS": 0.19,
  "hienTaiPS": 0.11196478451549004
}