{
  "minPB": 0.5274,
  "maxPB": 0.6187,
  "medianPB": 0.61,
  "hienTaiPB": 0.606486536807658,
  "minPE": -2.5938,
  "maxPE": -2.2111,
  "medianPE": -2.59,
  "hienTaiPE": -2.5513,
  "minPS": 0.0836,
  "maxPS": 0.3232,
  "medianPS": 0.19,
  "hienTaiPS": 0.1243949499649059
}