{
  "minPB": 0,
  "maxPB": 2.1989,
  "medianPB": 0.7,
  "hienTaiPB": 0.8575423000184585,
  "minPE": 0,
  "maxPE": 16.8793,
  "medianPE": 7.89,
  "hienTaiPE": 7.057604222615984,
  "minPS": 0,
  "maxPS": 1.6049,
  "medianPS": 0.57,
  "hienTaiPS": 1.6604934424585382
}