{
  "minPB": 0.5211,
  "maxPB": 2.2381,
  "medianPB": 0.73,
  "hienTaiPB": 0.8717165529113257,
  "minPE": 3.0157,
  "maxPE": 17.3832,
  "medianPE": 8.35,
  "hienTaiPE": 8.981874161787493,
  "minPS": 0.4286,
  "maxPS": 1.6206,
  "medianPS": 0.59,
  "hienTaiPS": 1.7036748822070407
}