{
  "minPB": 0,
  "maxPB": 2.1989,
  "medianPB": 0.7,
  "hienTaiPB": 0.8646294264648922,
  "minPE": 0,
  "maxPE": 16.8793,
  "medianPE": 7.89,
  "hienTaiPE": 7.11593153024091,
  "minPS": 0,
  "maxPS": 1.6049,
  "medianPS": 0.57,
  "hienTaiPS": 1.6742165287598485
}