{
  "minPB": 0,
  "maxPB": 2.1989,
  "medianPB": 0.7,
  "hienTaiPB": 0.850455173572025,
  "minPE": 0,
  "maxPE": 16.8793,
  "medianPE": 7.89,
  "hienTaiPE": 6.999276914991059,
  "minPS": 0,
  "maxPS": 1.6049,
  "medianPS": 0.56,
  "hienTaiPS": 1.646770356157228
}