{
  "minPB": 0.5091,
  "maxPB": 2.3103,
  "medianPB": 0.9,
  "hienTaiPB": 0.9458339444489786,
  "minPE": -14.4344,
  "maxPE": 18.4005,
  "medianPE": 7.27,
  "hienTaiPE": -33.2507,
  "minPS": 0.2214,
  "maxPS": 3.9579,
  "medianPS": 0.46,
  "hienTaiPS": 8.29372037334593
}