{
  "minPB": 0.5082,
  "maxPB": 2.3103,
  "medianPB": 0.9,
  "hienTaiPB": 1.0509266049433097,
  "minPE": -14.0894,
  "maxPE": 18.4005,
  "medianPE": 7.28,
  "hienTaiPE": -40.845,
  "minPS": 0.2213,
  "maxPS": 3.958,
  "medianPS": 0.46,
  "hienTaiPS": 9.215244859273255
}