{
  "minPB": 0,
  "maxPB": 1.2932,
  "medianPB": 0,
  "hienTaiPB": 1.3343420424938317,
  "minPE": 0,
  "maxPE": 20.7817,
  "medianPE": 0,
  "hienTaiPE": 21.442429273383194,
  "minPS": 0,
  "maxPS": 0.6387,
  "medianPS": 0,
  "hienTaiPS": 0.6589987486356761
}