{
  "minPB": 0,
  "maxPB": 0,
  "medianPB": 0,
  "hienTaiPB": 1.2932263629543854,
  "minPE": 0,
  "maxPE": 0,
  "medianPE": 0,
  "hienTaiPE": 20.781714087564758,
  "minPS": 0,
  "maxPS": 0,
  "medianPS": 0,
  "hienTaiPS": 0.638692724765544
}