{
  "minPB": 0,
  "maxPB": 1.2853,
  "medianPB": 0,
  "hienTaiPB": 1.275388757948118,
  "minPE": 0,
  "maxPE": 20.6542,
  "medianPE": 0,
  "hienTaiPE": 20.495069755322486,
  "minPS": 0,
  "maxPS": 0.6348,
  "medianPS": 0,
  "hienTaiPS": 0.6298831699411916
}