{
  "minPB": 0,
  "maxPB": 1.3046,
  "medianPB": 0,
  "hienTaiPB": 1.3403176401709314,
  "minPE": 0,
  "maxPE": 20.9652,
  "medianPE": 0,
  "hienTaiPE": 21.538455124684358,
  "minPS": 0,
  "maxPS": 0.6443,
  "medianPS": 0,
  "hienTaiPS": 0.6619499495018342
}