{
  "minPB": 0,
  "maxPB": 1.2853,
  "medianPB": 0,
  "hienTaiPB": 1.2852886287265963,
  "minPE": 0,
  "maxPE": 20.6542,
  "medianPE": 0,
  "hienTaiPE": 20.654157359716947,
  "minPS": 0,
  "maxPS": 0.6348,
  "medianPS": 0,
  "hienTaiPS": 0.6347724728687072
}