{
  "minPB": 0.8575,
  "maxPB": 2.3074,
  "medianPB": 1.22,
  "hienTaiPB": 1.4991173998858778,
  "minPE": -87.9411,
  "maxPE": 202.7111,
  "medianPE": 16.26,
  "hienTaiPE": 11.310241379233643,
  "minPS": 1.9917,
  "maxPS": 9.2209,
  "medianPS": 4.24,
  "hienTaiPS": 6.352122471231235
}