{
  "minPB": 0.8575,
  "maxPB": 2.3074,
  "medianPB": 1.22,
  "hienTaiPB": 1.5807525058202572,
  "minPE": -87.9411,
  "maxPE": 202.7111,
  "medianPE": 16.2,
  "hienTaiPE": 11.926145612756267,
  "minPS": 1.9917,
  "maxPS": 9.2209,
  "medianPS": 4.24,
  "hienTaiPS": 6.698030130555708
}