{
  "minPB": 0.8575,
  "maxPB": 2.3074,
  "medianPB": 1.22,
  "hienTaiPB": 1.4174822939514984,
  "minPE": -87.9411,
  "maxPE": 202.7111,
  "medianPE": 16.31,
  "hienTaiPE": 10.69433714571102,
  "minPS": 1.9917,
  "maxPS": 9.2209,
  "medianPS": 4.25,
  "hienTaiPS": 6.006214811906761
}