{
  "minPB": 0.8575,
  "maxPB": 2.3074,
  "medianPB": 1.22,
  "hienTaiPB": 1.3840861142510703,
  "minPE": -87.9411,
  "maxPE": 202.7111,
  "medianPE": 16.32,
  "hienTaiPE": 10.44237632290631,
  "minPS": 1.9889,
  "maxPS": 8.6666,
  "medianPS": 4.32,
  "hienTaiPS": 5.864707133092204
}