{
  "minPB": 0.8575,
  "maxPB": 2.3074,
  "medianPB": 1.22,
  "hienTaiPB": 1.5176708330527822,
  "minPE": -87.9411,
  "maxPE": 202.7111,
  "medianPE": 16.31,
  "hienTaiPE": 11.450219614125148,
  "minPS": 1.9917,
  "maxPS": 9.2209,
  "medianPS": 4.24,
  "hienTaiPS": 6.430737848350433
}