{
  "minPB": 0.8575,
  "maxPB": 2.3074,
  "medianPB": 1.22,
  "hienTaiPB": 1.4063502340513556,
  "minPE": -87.9411,
  "maxPE": 202.7111,
  "medianPE": 16.31,
  "hienTaiPE": 10.610350204776115,
  "minPS": 1.9889,
  "maxPS": 8.6666,
  "medianPS": 4.33,
  "hienTaiPS": 5.959045585635242
}