{
  "minPB": 0.8575,
  "maxPB": 2.3074,
  "medianPB": 1.22,
  "hienTaiPB": 1.5362242662196866,
  "minPE": -87.9411,
  "maxPE": 202.7111,
  "medianPE": 16.22,
  "hienTaiPE": 11.590197849016654,
  "minPS": 1.9917,
  "maxPS": 9.2209,
  "medianPS": 4.24,
  "hienTaiPS": 6.509353225469631
}