{
  "minPB": 0.682,
  "maxPB": 2.0791,
  "medianPB": 1.15,
  "hienTaiPB": 2.0889787345722146,
  "minPE": 5.2516,
  "maxPE": 308.1651,
  "medianPE": 19.73,
  "hienTaiPE": 16.007176934529273,
  "minPS": 24.0678,
  "maxPS": 134.8411,
  "medianPS": 59.54,
  "hienTaiPS": 74.53813447364932
}