{
  "minPB": 1.8093,
  "maxPB": 2.2295,
  "medianPB": 1.89,
  "hienTaiPB": 2.1639196757227874,
  "minPE": 15.4233,
  "maxPE": 17.0839,
  "medianPE": 16.11,
  "hienTaiPE": 16.5814254344227,
  "minPS": 24.9004,
  "maxPS": 134.8411,
  "medianPS": 60.06,
  "hienTaiPS": 77.21214826642598
}