{
  "minPB": 0.682,
  "maxPB": 2.0786,
  "medianPB": 1.14,
  "hienTaiPB": 2.0468244551750177,
  "minPE": 5.2516,
  "maxPE": 308.1651,
  "medianPE": 19.73,
  "hienTaiPE": 15.684162153339221,
  "minPS": 24.0678,
  "maxPS": 134.8411,
  "medianPS": 59.54,
  "hienTaiPS": 73.03400171521245
}