{
  "minPB": 0.682,
  "maxPB": 2.074,
  "medianPB": 1.14,
  "hienTaiPB": 2.154552058078966,
  "minPE": 5.2516,
  "maxPE": 308.1651,
  "medianPE": 19.73,
  "hienTaiPE": 16.509644371936023,
  "minPS": 24.0678,
  "maxPS": 134.8411,
  "medianPS": 59.54,
  "hienTaiPS": 76.8778965423289
}