{
  "minPB": 0.682,
  "maxPB": 2.0791,
  "medianPB": 1.15,
  "hienTaiPB": 2.1077139698598577,
  "minPE": 5.2516,
  "maxPE": 308.1651,
  "medianPE": 19.72,
  "hienTaiPE": 16.15073905950263,
  "minPS": 24.0678,
  "maxPS": 134.8411,
  "medianPS": 59.54,
  "hienTaiPS": 75.20663792184348
}