{
  "minPB": 0.682,
  "maxPB": 2.0786,
  "medianPB": 1.14,
  "hienTaiPB": 2.070805556343201,
  "minPE": 5.2516,
  "maxPE": 308.1651,
  "medianPE": 19.73,
  "hienTaiPE": 15.867921673305117,
  "minPS": 24.0678,
  "maxPS": 134.8411,
  "medianPS": 59.54,
  "hienTaiPS": 73.88968612890098
}