{
  "minPB": 0.5797,
  "maxPB": 2.1948,
  "medianPB": 0.87,
  "hienTaiPB": 0.9096002193306785,
  "minPE": 3.5195,
  "maxPE": 8.7663,
  "medianPE": 5.28,
  "hienTaiPE": 5.546273481910426,
  "minPS": 0.2771,
  "maxPS": 0.8946,
  "medianPS": 0.41,
  "hienTaiPS": 0.36841970159756615
}