{
  "minPB": 0.5797,
  "maxPB": 2.1948,
  "medianPB": 0.87,
  "hienTaiPB": 0.9423196516807029,
  "minPE": 3.5195,
  "maxPE": 8.7663,
  "medianPE": 5.29,
  "hienTaiPE": 5.745779722266916,
  "minPS": 0.2756,
  "maxPS": 0.8946,
  "medianPS": 0.41,
  "hienTaiPS": 0.38167220884927716
}