{
  "minPB": 0.5797,
  "maxPB": 2.1948,
  "medianPB": 0.87,
  "hienTaiPB": 0.8997843896256712,
  "minPE": 3.5195,
  "maxPE": 8.7663,
  "medianPE": 5.28,
  "hienTaiPE": 5.486421609803479,
  "minPS": 0.2771,
  "maxPS": 0.7066,
  "medianPS": 0.4,
  "hienTaiPS": 0.3644439494220529
}