{
  "minPB": 0.5797,
  "maxPB": 2.1948,
  "medianPB": 0.87,
  "hienTaiPB": 0.9128721625656809,
  "minPE": 3.5195,
  "maxPE": 8.7663,
  "medianPE": 5.28,
  "hienTaiPE": 5.566224105946075,
  "minPS": 0.2771,
  "maxPS": 0.7066,
  "medianPS": 0.4,
  "hienTaiPS": 0.36974495232273724
}