{
  "minPB": 0.2508,
  "maxPB": 1.5725,
  "medianPB": 0.39,
  "hienTaiPB": 0.30593217652070537,
  "minPE": -111.1341,
  "maxPE": 318.8128,
  "medianPE": 12.98,
  "hienTaiPE": -5.4901,
  "minPS": 0.5832,
  "maxPS": 28.2614,
  "medianPS": 2.83,
  "hienTaiPS": 2.8724092979303317
}