{
  "minPB": 0.2508,
  "maxPB": 1.5725,
  "medianPB": 0.39,
  "hienTaiPB": 0.28502997812488073,
  "minPE": -111.1341,
  "maxPE": 318.8128,
  "medianPE": 12.98,
  "hienTaiPE": -5.3744,
  "minPS": 0.5832,
  "maxPS": 28.2614,
  "medianPS": 2.84,
  "hienTaiPS": 2.676157730990992
}