{
  "minPB": 0.2517,
  "maxPB": 0.2974,
  "medianPB": 0.27,
  "hienTaiPB": 0.28502997812488073,
  "minPE": -14.5802,
  "maxPE": -4.8723,
  "medianPE": -13.44,
  "hienTaiPE": -5.178,
  "minPS": 0.5831,
  "maxPS": 29.492,
  "medianPS": 2.88,
  "hienTaiPS": 2.676157730990992
}