{
  "minPB": 0.2517,
  "maxPB": 0.2974,
  "medianPB": 0.27,
  "hienTaiPB": 0.29548107732279305,
  "minPE": -14.5802,
  "maxPE": -4.8723,
  "medianPE": -13.43,
  "hienTaiPE": -5.1496,
  "minPS": 0.5831,
  "maxPS": 29.492,
  "medianPS": 2.88,
  "hienTaiPS": 2.774283514460662
}