{
  "minPB": 0.3521,
  "maxPB": 2.4365,
  "medianPB": 1.13,
  "hienTaiPB": 2.4512710631646524,
  "minPE": 4.0345,
  "maxPE": 54.418,
  "medianPE": 13.07,
  "hienTaiPE": 26.896611882604745,
  "minPS": 0.3007,
  "maxPS": 2.3196,
  "medianPS": 1.37,
  "hienTaiPS": 3.241477786961621
}