{
  "minPB": 0.3521,
  "maxPB": 2.4385,
  "medianPB": 1.14,
  "hienTaiPB": 2.503224785119973,
  "minPE": 4.0345,
  "maxPE": 54.418,
  "medianPE": 13.07,
  "hienTaiPE": 27.46667494755398,
  "minPS": 0.3007,
  "maxPS": 2.3202,
  "medianPS": 1.37,
  "hienTaiPS": 3.3101796283037745
}