{
  "minPB": 0.3521,
  "maxPB": 2.4362,
  "medianPB": 1.13,
  "hienTaiPB": 2.2434562067680703,
  "minPE": 4.0345,
  "maxPE": 54.418,
  "medianPE": 13.05,
  "hienTaiPE": 24.616359967615832,
  "minPS": 0.3009,
  "maxPS": 2.3576,
  "medianPS": 1.38,
  "hienTaiPS": 2.9666704631479623
}