{
  "minPB": 0.3521,
  "maxPB": 2.4362,
  "medianPB": 1.13,
  "hienTaiPB": 2.377276401557745,
  "minPE": 4.0345,
  "maxPE": 54.418,
  "medianPE": 13.06,
  "hienTaiPE": 26.0847042463859,
  "minPS": 0.3007,
  "maxPS": 2.3154,
  "medianPS": 1.37,
  "hienTaiPS": 3.1436297539322267
}