{
  "minPB": 0.3521,
  "maxPB": 2.4362,
  "medianPB": 1.13,
  "hienTaiPB": 2.3064304160808584,
  "minPE": 4.0345,
  "maxPE": 54.418,
  "medianPE": 13.04,
  "hienTaiPE": 40.68847792265454,
  "minPS": 0.3009,
  "maxPS": 2.3532,
  "medianPS": 1.38,
  "hienTaiPS": 2.5679143693129545
}