{
  "minPB": 0.3521,
  "maxPB": 2.4362,
  "medianPB": 1.13,
  "hienTaiPB": 2.2906868637526614,
  "minPE": 4.0345,
  "maxPE": 54.418,
  "medianPE": 13.06,
  "hienTaiPE": 25.134599124828796,
  "minPS": 0.3007,
  "maxPS": 2.3154,
  "medianPS": 1.37,
  "hienTaiPS": 3.0291266834247614
}