{
  "minPB": 0.3521,
  "maxPB": 2.4362,
  "medianPB": 1.13,
  "hienTaiPB": 2.314302192244957,
  "minPE": 4.0345,
  "maxPE": 54.418,
  "medianPE": 13.06,
  "hienTaiPE": 25.39371870343528,
  "minPS": 0.3007,
  "maxPS": 2.3154,
  "medianPS": 1.37,
  "hienTaiPS": 3.060354793563161
}