{
  "minPB": 0.3521,
  "maxPB": 2.4408,
  "medianPB": 1.14,
  "hienTaiPB": 2.474886391326162,
  "minPE": 4.0345,
  "maxPE": 54.418,
  "medianPE": 13.08,
  "hienTaiPE": 27.15573145758167,
  "minPS": 0.3007,
  "maxPS": 2.3245,
  "medianPS": 1.37,
  "hienTaiPS": 3.2727058966626
}