{
  "minPB": 0.3521,
  "maxPB": 2.4362,
  "medianPB": 1.13,
  "hienTaiPB": 2.330045744573154,
  "minPE": 4.0345,
  "maxPE": 54.418,
  "medianPE": 13.05,
  "hienTaiPE": 25.566465089172933,
  "minPS": 0.3009,
  "maxPS": 2.3576,
  "medianPS": 1.38,
  "hienTaiPS": 3.0811735336554276
}