{
  "minPB": 1.6511,
  "maxPB": 2.3019,
  "medianPB": 1.94,
  "hienTaiPB": 2.0164893660913616,
  "minPE": 7.499,
  "maxPE": 10.4546,
  "medianPE": 8.8,
  "hienTaiPE": 9.697058370844655,
  "minPS": 0.18,
  "maxPS": 0.494,
  "medianPS": 0.26,
  "hienTaiPS": 0.3451279861807483
}