{
  "minPB": 1.312,
  "maxPB": 2.7777,
  "medianPB": 1.79,
  "hienTaiPB": 1.9784474075502114,
  "minPE": 5.253,
  "maxPE": 16.2984,
  "medianPE": 8.07,
  "hienTaiPE": 9.514119100884692,
  "minPS": 0.1799,
  "maxPS": 0.494,
  "medianPS": 0.26,
  "hienTaiPS": 0.338616994968765
}