{
  "minPB": 1.6511,
  "maxPB": 2.3019,
  "medianPB": 1.94,
  "hienTaiPB": 1.985816792189073,
  "minPE": 7.499,
  "maxPE": 10.4546,
  "medianPE": 8.81,
  "hienTaiPE": 9.549557598206778,
  "minPS": 0.18,
  "maxPS": 0.494,
  "medianPS": 0.26,
  "hienTaiPS": 0.3398782864600916
}