{
  "minPB": 1.312,
  "maxPB": 2.7777,
  "medianPB": 1.79,
  "hienTaiPB": 1.9492354324051748,
  "minPE": 5.253,
  "maxPE": 16.2984,
  "medianPE": 8.05,
  "hienTaiPE": 9.373642174562903,
  "minPS": 0.1799,
  "maxPS": 0.494,
  "medianPS": 0.26,
  "hienTaiPS": 0.333617280949092
}