{
  "minPB": 1.312,
  "maxPB": 2.7777,
  "medianPB": 1.79,
  "hienTaiPB": 2.0065971290536107,
  "minPE": 5.253,
  "maxPE": 16.2984,
  "medianPE": 8.05,
  "hienTaiPE": 9.649487775340232,
  "minPS": 0.1799,
  "maxPS": 0.494,
  "medianPS": 0.26,
  "hienTaiPS": 0.3434349012059045
}