{
  "minPB": 1.312,
  "maxPB": 2.7777,
  "medianPB": 1.79,
  "hienTaiPB": 1.9054174696876198,
  "minPE": 5.253,
  "maxPE": 16.2984,
  "medianPE": 8.06,
  "hienTaiPE": 9.162926785080224,
  "minPS": 0.1799,
  "maxPS": 0.494,
  "medianPS": 0.26,
  "hienTaiPS": 0.32611770991958244
}