{
  "minPB": 0.3807,
  "maxPB": 1.0047,
  "medianPB": 0.74,
  "hienTaiPB": 0.923451957621412,
  "minPE": 2.4465,
  "maxPE": 7.6278,
  "medianPE": 4.76,
  "hienTaiPE": 5.2235301747059975,
  "minPS": 0.1679,
  "maxPS": 0.4105,
  "medianPS": 0.31,
  "hienTaiPS": 0.3384133417362285
}