{
  "minPB": 0.4077,
  "maxPB": 1.304,
  "medianPB": 0.75,
  "hienTaiPB": 0.47225622274011275,
  "minPE": -12.9534,
  "maxPE": 34.8548,
  "medianPE": 8.35,
  "hienTaiPE": -14.2438,
  "minPS": 0.3743,
  "maxPS": 1.5306,
  "medianPS": 0.76,
  "hienTaiPS": 0.5959418692402072
}