{
  "minPB": 0.4077,
  "maxPB": 1.304,
  "medianPB": 0.75,
  "hienTaiPB": 0.4933761285423366,
  "minPE": -12.8288,
  "maxPE": 34.8548,
  "medianPE": 8.36,
  "hienTaiPE": -13.7779,
  "minPS": 0.3752,
  "maxPS": 1.5195,
  "medianPS": 0.76,
  "hienTaiPS": 0.6225931562659808
}