{
  "minPB": 0.4077,
  "maxPB": 1.304,
  "medianPB": 0.75,
  "hienTaiPB": 0.48323892559453396,
  "minPE": -13.0157,
  "maxPE": 34.8548,
  "medianPE": 8.33,
  "hienTaiPE": -14.1772,
  "minPS": 0.3743,
  "maxPS": 1.5306,
  "medianPS": 0.76,
  "hienTaiPS": 0.6098009824783516
}