{
  "minPB": 0.406,
  "maxPB": 2.4771,
  "medianPB": 0.75,
  "hienTaiPB": 0.9583925474521016,
  "minPE": 6.384,
  "maxPE": 24.5842,
  "medianPE": 9.86,
  "hienTaiPE": 15.392445112174629,
  "minPS": 0.9576,
  "maxPS": 4.2782,
  "medianPS": 2.19,
  "hienTaiPS": 1.9925
}