{
  "minPB": 0.406,
  "maxPB": 2.4771,
  "medianPB": 0.75,
  "hienTaiPB": 0.8021787842110102,
  "minPE": 6.384,
  "maxPE": 24.5842,
  "medianPE": 9.84,
  "hienTaiPE": 12.883544367018413,
  "minPS": 0.9538,
  "maxPS": 4.7227,
  "medianPS": 2.22,
  "hienTaiPS": 1.6639
}