{
  "minPB": 0.406,
  "maxPB": 2.4771,
  "medianPB": 0.75,
  "hienTaiPB": 0.8655086882276688,
  "minPE": 6.384,
  "maxPE": 24.5842,
  "medianPE": 9.85,
  "hienTaiPE": 13.900666290730392,
  "minPS": 0.9576,
  "maxPS": 4.2782,
  "medianPS": 2.19,
  "hienTaiPS": 1.6761
}