{
  "minPB": 0.406,
  "maxPB": 2.4771,
  "medianPB": 0.76,
  "hienTaiPB": 0.954170553850991,
  "minPE": 6.384,
  "maxPE": 24.5842,
  "medianPE": 9.87,
  "hienTaiPE": 15.324636983927164,
  "minPS": 0.9576,
  "maxPS": 4.2782,
  "medianPS": 2.19,
  "hienTaiPS": 1.9838
}