{
  "minPB": 0.2139,
  "maxPB": 1.6552,
  "medianPB": 0.51,
  "hienTaiPB": 0.5722065123645395,
  "minPE": 4.0613,
  "maxPE": 90.7667,
  "medianPE": 26.51,
  "hienTaiPE": 32.423444455161736,
  "minPS": 0.2562,
  "maxPS": 3.0708,
  "medianPS": 0.72,
  "hienTaiPS": 1.1067206057322447
}