{
  "minPB": 0.2139,
  "maxPB": 1.6552,
  "medianPB": 0.51,
  "hienTaiPB": 0.564738890669733,
  "minPE": 4.0613,
  "maxPE": 90.7667,
  "medianPE": 26.48,
  "hienTaiPE": 32.00029999245163,
  "minPS": 0.2562,
  "maxPS": 3.0669,
  "medianPS": 0.79,
  "hienTaiPS": 1.0922772699314978
}