{
  "minPB": 0.2139,
  "maxPB": 1.678,
  "medianPB": 0.51,
  "hienTaiPB": 0.5918090193134062,
  "minPE": 4.0474,
  "maxPE": 91.8673,
  "medianPE": 26.41,
  "hienTaiPE": 33.53419866977576,
  "minPS": 0.2553,
  "maxPS": 3.0708,
  "medianPS": 0.78,
  "hienTaiPS": 1.144634362209206
}