{
  "minPB": 0.2139,
  "maxPB": 1.6666,
  "medianPB": 0.51,
  "hienTaiPB": 0.5712730596526887,
  "minPE": 4.0543,
  "maxPE": 91.317,
  "medianPE": 26.47,
  "hienTaiPE": 32.37055139732298,
  "minPS": 0.2558,
  "maxPS": 3.0689,
  "medianPS": 0.79,
  "hienTaiPS": 1.1049151887571513
}