{
  "minPB": 0.2139,
  "maxPB": 1.6552,
  "medianPB": 0.51,
  "hienTaiPB": 0.6030104518556159,
  "minPE": 4.0613,
  "maxPE": 90.7667,
  "medianPE": 26.56,
  "hienTaiPE": 34.16891536384092,
  "minPS": 0.2562,
  "maxPS": 3.0708,
  "medianPS": 0.72,
  "hienTaiPS": 1.1662993659103265
}