{
  "minPB": 0.2139,
  "maxPB": 1.6552,
  "medianPB": 0.51,
  "hienTaiPB": 0.6375482021940954,
  "minPE": 4.0613,
  "maxPE": 90.7667,
  "medianPE": 26.61,
  "hienTaiPE": 36.12595850387515,
  "minPS": 0.2562,
  "maxPS": 3.0708,
  "medianPS": 0.73,
  "hienTaiPS": 1.2330997939887818
}