{
  "minPB": 0.2139,
  "maxPB": 1.678,
  "medianPB": 0.51,
  "hienTaiPB": 0.5843413976185998,
  "minPE": 4.0474,
  "maxPE": 91.8673,
  "medianPE": 26.45,
  "hienTaiPE": 33.111054207065656,
  "minPS": 0.2553,
  "maxPS": 3.0708,
  "medianPS": 0.79,
  "hienTaiPS": 1.1301910264084587
}