{
  "minPB": 0.2139,
  "maxPB": 1.6552,
  "medianPB": 0.51,
  "hienTaiPB": 0.5852748503304507,
  "minPE": 4.0613,
  "maxPE": 90.7667,
  "medianPE": 26.54,
  "hienTaiPE": 33.16394726490442,
  "minPS": 0.2562,
  "maxPS": 3.0708,
  "medianPS": 0.72,
  "hienTaiPS": 1.131996443383552
}