{
  "minPB": 0.4553,
  "maxPB": 2.4957,
  "medianPB": 0.76,
  "hienTaiPB": 0.48580092695205074,
  "minPE": -49.6883,
  "maxPE": 138.6989,
  "medianPE": 12.35,
  "hienTaiPE": 55.64659905267387,
  "minPS": 1.0123,
  "maxPS": 6.7795,
  "medianPS": 3.12,
  "hienTaiPS": 3.799128855020163
}