{
  "minPB": 0.4553,
  "maxPB": 2.4957,
  "medianPB": 0.76,
  "hienTaiPB": 0.5444320733083327,
  "minPE": -49.6883,
  "maxPE": 138.6989,
  "medianPE": 12.49,
  "hienTaiPE": 62.36256790385865,
  "minPS": 1.0009,
  "maxPS": 6.7904,
  "medianPS": 3.22,
  "hienTaiPS": 4.257644406488114
}