{
  "minPB": 0.4553,
  "maxPB": 2.4957,
  "medianPB": 0.76,
  "hienTaiPB": 0.5360561952574353,
  "minPE": -49.6883,
  "maxPE": 138.6989,
  "medianPE": 12.48,
  "hienTaiPE": 61.40314378226082,
  "minPS": 1.0009,
  "maxPS": 6.7904,
  "medianPS": 3.21,
  "hienTaiPS": 4.1921421848498355
}