{
  "minPB": 0.4553,
  "maxPB": 2.4957,
  "medianPB": 0.76,
  "hienTaiPB": 0.49417680500294814,
  "minPE": -49.6883,
  "maxPE": 138.6989,
  "medianPE": 12.38,
  "hienTaiPE": 56.60602317427169,
  "minPS": 1.0123,
  "maxPS": 6.7795,
  "medianPS": 3.12,
  "hienTaiPS": 3.864631076658442
}