{
  "minPB": 0.4553,
  "maxPB": 2.4957,
  "medianPB": 0.76,
  "hienTaiPB": 0.4774250489011533,
  "minPE": -49.6883,
  "maxPE": 138.6989,
  "medianPE": 12.38,
  "hienTaiPE": 54.68717493107604,
  "minPS": 1.0123,
  "maxPS": 6.7795,
  "medianPS": 3.12,
  "hienTaiPS": 3.733626633381885
}