{
  "minPB": 0.4553,
  "maxPB": 2.4957,
  "medianPB": 0.76,
  "hienTaiPB": 0.5025526830538456,
  "minPE": -49.6883,
  "maxPE": 138.6989,
  "medianPE": 12.47,
  "hienTaiPE": 57.56544729586952,
  "minPS": 1.0037,
  "maxPS": 6.7904,
  "medianPS": 3.21,
  "hienTaiPS": 3.9301332982967208
}