{
  "minPB": 0.0911,
  "maxPB": 1.1869,
  "medianPB": 0.2,
  "hienTaiPB": 0.1178310724069633,
  "minPE": 0.1884,
  "maxPE": 3.9567,
  "medianPE": 0.55,
  "hienTaiPE": 0.18091438758984568,
  "minPS": 0.0105,
  "maxPS": 0.114,
  "medianPS": 0.02,
  "hienTaiPS": 0.012254825862460678
}