{
  "minPB": 0.2838,
  "maxPB": 1.4246,
  "medianPB": 0.52,
  "hienTaiPB": 0.3205520482904569,
  "minPE": -163.8123,
  "maxPE": 38.9726,
  "medianPE": 9.7,
  "hienTaiPE": 111.39838962157422,
  "minPS": 0.2883,
  "maxPS": 1.2746,
  "medianPS": 0.39,
  "hienTaiPS": 0.3656154374086515
}