{
  "minPB": 0.284,
  "maxPB": 1.4246,
  "medianPB": 0.52,
  "hienTaiPB": 0.41732247796304767,
  "minPE": -166.3304,
  "maxPE": 40.5252,
  "medianPE": 9.71,
  "hienTaiPE": 145.02809214884192,
  "minPS": 0.2856,
  "maxPS": 0.7638,
  "medianPS": 0.37,
  "hienTaiPS": 0.47598990907918776
}