{
  "minPB": 0.2838,
  "maxPB": 1.4246,
  "medianPB": 0.52,
  "hienTaiPB": 0.2998155276463303,
  "minPE": -163.8123,
  "maxPE": 38.7933,
  "medianPE": 9.7,
  "hienTaiPE": -167.3798,
  "minPS": 0.2883,
  "maxPS": 1.2746,
  "medianPS": 0.39,
  "hienTaiPS": 0.3315436838196823
}