{
  "minPB": 0.284,
  "maxPB": 1.4246,
  "medianPB": 0.52,
  "hienTaiPB": 0.4130023694955213,
  "minPE": -166.3304,
  "maxPE": 40.1626,
  "medianPE": 9.7,
  "hienTaiPE": 143.52676614316033,
  "minPS": 0.2856,
  "maxPS": 0.7638,
  "medianPS": 0.37,
  "hienTaiPS": 0.4710624773081817
}