{
  "minPB": 0.284,
  "maxPB": 1.4246,
  "medianPB": 0.52,
  "hienTaiPB": 0.37412139328778393,
  "minPE": -166.3304,
  "maxPE": 39.6593,
  "medianPE": 9.7,
  "hienTaiPE": 130.01483209202598,
  "minPS": 0.2856,
  "maxPS": 0.7638,
  "medianPS": 0.37,
  "hienTaiPS": 0.4267155913691269
}