{
  "minPB": 0.2838,
  "maxPB": 1.4246,
  "medianPB": 0.52,
  "hienTaiPB": 0.3421525906280888,
  "minPE": -163.8123,
  "maxPE": 38.9726,
  "medianPE": 9.7,
  "hienTaiPE": 118.9050196499822,
  "minPS": 0.2883,
  "maxPS": 1.2746,
  "medianPS": 0.39,
  "hienTaiPS": 0.39025259626368186
}