{
  "minPB": 0.2838,
  "maxPB": 1.4246,
  "medianPB": 0.52,
  "hienTaiPB": 0.3464726990956152,
  "minPE": -163.8123,
  "maxPE": 39.1397,
  "medianPE": 9.7,
  "hienTaiPE": 120.40634565566378,
  "minPS": 0.2883,
  "maxPS": 1.2746,
  "medianPS": 0.39,
  "hienTaiPS": 0.395180028034688
}