{
  "minPB": 0.284,
  "maxPB": 1.4246,
  "medianPB": 0.52,
  "hienTaiPB": 0.42769073828511095,
  "minPE": -166.3304,
  "maxPE": 39.8053,
  "medianPE": 9.7,
  "hienTaiPE": 148.63127456247773,
  "minPS": 0.2856,
  "maxPS": 0.7638,
  "medianPS": 0.37,
  "hienTaiPS": 0.48781574532960237
}