{
  "minPB": 0.284,
  "maxPB": 1.4246,
  "medianPB": 0.52,
  "hienTaiPB": 0.43633095522016374,
  "minPE": -166.3304,
  "maxPE": 39.8324,
  "medianPE": 9.7,
  "hienTaiPE": 151.63392657384094,
  "minPS": 0.2856,
  "maxPS": 0.7638,
  "medianPS": 0.37,
  "hienTaiPS": 0.4976706088716145
}