{
  "minPB": 0.5018,
  "maxPB": 1.7269,
  "medianPB": 0.91,
  "hienTaiPB": 1.0171793250774905,
  "minPE": -130.3898,
  "maxPE": 67.5895,
  "medianPE": 6.74,
  "hienTaiPE": 271.87932814277536,
  "minPS": 0.2662,
  "maxPS": 1.1206,
  "medianPS": 0.58,
  "hienTaiPS": 0.7557749959712122
}