{
  "minPB": 0.5018,
  "maxPB": 1.7269,
  "medianPB": 0.91,
  "hienTaiPB": 0.9606693625731856,
  "minPE": -130.3898,
  "maxPE": 67.3889,
  "medianPE": 6.74,
  "hienTaiPE": 256.7749210237323,
  "minPS": 0.2662,
  "maxPS": 1.1206,
  "medianPS": 0.58,
  "hienTaiPS": 0.7137874961950338
}