{
  "minPB": 0.5018,
  "maxPB": 1.727,
  "medianPB": 0.91,
  "hienTaiPB": 0.9261354965983325,
  "minPE": -130.3898,
  "maxPE": 66.3861,
  "medianPE": 6.73,
  "hienTaiPE": 247.5444500065393,
  "minPS": 0.2695,
  "maxPS": 1.1237,
  "medianPS": 0.58,
  "hienTaiPS": 0.6881284685540359
}