{
  "minPB": 0.5018,
  "maxPB": 1.727,
  "medianPB": 0.91,
  "hienTaiPB": 0.932414381321033,
  "minPE": -130.3898,
  "maxPE": 66.1855,
  "medianPE": 6.73,
  "hienTaiPE": 249.22271746421077,
  "minPS": 0.2695,
  "maxPS": 1.1237,
  "medianPS": 0.58,
  "hienTaiPS": 0.6927937463069446
}