{
  "minPB": 0.5018,
  "maxPB": 1.727,
  "medianPB": 0.91,
  "hienTaiPB": 0.9167171695142817,
  "minPE": -130.3898,
  "maxPE": 66.3861,
  "medianPE": 6.73,
  "hienTaiPE": 245.02704882003215,
  "minPS": 0.2695,
  "maxPS": 1.1237,
  "medianPS": 0.58,
  "hienTaiPS": 0.6811305519246728
}