{
  "minPB": 0.5018,
  "maxPB": 1.7269,
  "medianPB": 0.91,
  "hienTaiPB": 0.9638088049345359,
  "minPE": -130.3898,
  "maxPE": 68.1912,
  "medianPE": 6.74,
  "hienTaiPE": 257.61405475256805,
  "minPS": 0.2662,
  "maxPS": 1.1206,
  "medianPS": 0.58,
  "hienTaiPS": 0.7161201350714882
}