{
  "minPB": 0.5018,
  "maxPB": 1.7269,
  "medianPB": 0.91,
  "hienTaiPB": 0.9386932660437336,
  "minPE": -130.3898,
  "maxPE": 66.9878,
  "medianPE": 6.74,
  "hienTaiPE": 250.9009849218822,
  "minPS": 0.2662,
  "maxPS": 1.1206,
  "medianPS": 0.58,
  "hienTaiPS": 0.6974590240598533
}