{
  "minPB": 0.5018,
  "maxPB": 1.7269,
  "medianPB": 0.91,
  "hienTaiPB": 1.0046215556320894,
  "minPE": -130.3898,
  "maxPE": 67.79,
  "medianPE": 6.74,
  "hienTaiPE": 268.5227932274325,
  "minPS": 0.2662,
  "maxPS": 1.1206,
  "medianPS": 0.58,
  "hienTaiPS": 0.7464444404653948
}