{
  "minPB": 0.5018,
  "maxPB": 1.7269,
  "medianPB": 0.91,
  "hienTaiPB": 0.9575299202118354,
  "minPE": -130.3898,
  "maxPE": 67.2624,
  "medianPE": 6.74,
  "hienTaiPE": 255.93578729489658,
  "minPS": 0.2662,
  "maxPS": 1.1206,
  "medianPS": 0.58,
  "hienTaiPS": 0.7114548573185795
}