{
  "minPB": 0.5018,
  "maxPB": 1.7269,
  "medianPB": 0.91,
  "hienTaiPB": 0.9481115931277845,
  "minPE": -130.3898,
  "maxPE": 66.7803,
  "medianPE": 6.73,
  "hienTaiPE": 253.4183861083894,
  "minPS": 0.2662,
  "maxPS": 1.1206,
  "medianPS": 0.58,
  "hienTaiPS": 0.7044569406892164
}