{
  "minPB": 0.9966,
  "maxPB": 5.1269,
  "medianPB": 2.1,
  "hienTaiPB": 3.564413162696797,
  "minPE": -354.2862,
  "maxPE": 1247.014,
  "medianPE": -4.77,
  "hienTaiPE": -120.6699,
  "minPS": 0.1462,
  "maxPS": 0.6731,
  "medianPS": 0.31,
  "hienTaiPS": 0.5341241189384978
}