{
  "minPB": 3.0149,
  "maxPB": 4.0678,
  "medianPB": 3.53,
  "hienTaiPB": 3.293207813361171,
  "minPE": -435.3669,
  "maxPE": -115.4983,
  "medianPE": -379.03,
  "hienTaiPE": -120.6699,
  "minPS": 0.1463,
  "maxPS": 0.6731,
  "medianPS": 0.32,
  "hienTaiPS": 0.4934842403236121
}