{
  "minPB": 0.9966,
  "maxPB": 5.1269,
  "medianPB": 2.1,
  "hienTaiPB": 3.390066866695323,
  "minPE": -354.2862,
  "maxPE": 1247.014,
  "medianPE": -4.77,
  "hienTaiPE": -113.5331,
  "minPS": 0.1462,
  "maxPS": 0.6731,
  "medianPS": 0.31,
  "hienTaiPS": 0.5079984826860713
}