{
  "minPB": 0.7441,
  "maxPB": 2.0517,
  "medianPB": 1.2,
  "hienTaiPB": 1.4438513949484777,
  "minPE": -144.9234,
  "maxPE": 1815.5778,
  "medianPE": 12.94,
  "hienTaiPE": 128.565718710782,
  "minPS": 0.755,
  "maxPS": 111.897,
  "medianPS": 2.96,
  "hienTaiPS": 22.489295314700712
}