{
  "minPB": 0.7441,
  "maxPB": 2.0517,
  "medianPB": 1.2,
  "hienTaiPB": 1.3495940338539183,
  "minPE": -144.9234,
  "maxPE": 1815.5778,
  "medianPE": 12.94,
  "hienTaiPE": 120.17270443292679,
  "minPS": 0.755,
  "maxPS": 111.897,
  "medianPS": 2.96,
  "hienTaiPS": 21.021151406916097
}