{
  "minPB": 6.1497,
  "maxPB": 7.3568,
  "medianPB": 7.36,
  "hienTaiPB": 6.203850305706043,
  "minPE": -8.0928,
  "maxPE": -5.8883,
  "medianPE": -5.89,
  "hienTaiPE": -8.0928,
  "minPS": 0.7143,
  "maxPS": 24.0092,
  "medianPS": 10.46,
  "hienTaiPS": 9.380146014438013
}