{
  "minPB": 1.8482,
  "maxPB": 2.2753,
  "medianPB": 2.11,
  "hienTaiPB": 2.2752593889639847,
  "minPE": 6.4312,
  "maxPE": 7.917,
  "medianPE": 7.35,
  "hienTaiPE": 7.917034363836387,
  "minPS": 0.043,
  "maxPS": 0.1259,
  "medianPS": 0.08,
  "hienTaiPS": 0.11232913545774022
}