{
  "minPB": 0.8943,
  "maxPB": 2.5115,
  "medianPB": 1.76,
  "hienTaiPB": 2.14425466170023,
  "minPE": -15583.6165,
  "maxPE": 19.3094,
  "medianPE": 9.86,
  "hienTaiPE": 8.1900397598537,
  "minPS": 0.043,
  "maxPS": 0.1259,
  "medianPS": 0.08,
  "hienTaiPS": 0.11463362648597761
}