{
  "minPB": 0.7015,
  "maxPB": 2.9598,
  "medianPB": 1.05,
  "hienTaiPB": 1.1885502352344175,
  "minPE": -113.0032,
  "maxPE": 243.0824,
  "medianPE": 27.7,
  "hienTaiPE": 21.041242336679126,
  "minPS": 0.1969,
  "maxPS": 3.1929,
  "medianPS": 1.05,
  "hienTaiPS": 1.3542408869353448
}