{
  "minPB": 1.1155,
  "maxPB": 1.1967,
  "medianPB": 1.14,
  "hienTaiPB": 1.1966909902702696,
  "minPE": 20.3408,
  "maxPE": 32.9121,
  "medianPE": 31.62,
  "hienTaiPE": 21.18536043487556,
  "minPS": 0.1971,
  "maxPS": 3.1893,
  "medianPS": 1.14,
  "hienTaiPS": 1.3635165094486006
}