{
  "minPB": 1.1155,
  "maxPB": 1.1886,
  "medianPB": 1.14,
  "hienTaiPB": 1.1885502352344175,
  "minPE": 20.3408,
  "maxPE": 32.9121,
  "medianPE": 31.63,
  "hienTaiPE": 21.041242336679126,
  "minPS": 0.1971,
  "maxPS": 3.1893,
  "medianPS": 1.14,
  "hienTaiPS": 1.3542408869353448
}