{
  "minPB": 0.7015,
  "maxPB": 2.9598,
  "medianPB": 1.05,
  "hienTaiPB": 1.164127970126861,
  "minPE": -113.0032,
  "maxPE": 243.0824,
  "medianPE": 27.72,
  "hienTaiPE": 20.60888804208983,
  "minPS": 0.1969,
  "maxPS": 3.1929,
  "medianPS": 1.05,
  "hienTaiPS": 1.3264140193955776
}