{
  "minPB": 1.1155,
  "maxPB": 1.1884,
  "medianPB": 1.14,
  "hienTaiPB": 1.183828597313623,
  "minPE": 20.3408,
  "maxPE": 32.9121,
  "medianPE": 31.62,
  "hienTaiPE": 20.957653839725197,
  "minPS": 0.1971,
  "maxPS": 3.1893,
  "medianPS": 1.14,
  "hienTaiPS": 1.3488610258776565
}