{
  "minPB": 0.7015,
  "maxPB": 2.9598,
  "medianPB": 1.05,
  "hienTaiPB": 1.302520805736348,
  "minPE": -113.0032,
  "maxPE": 243.0824,
  "medianPE": 27.7,
  "hienTaiPE": 23.05889571142918,
  "minPS": 0.1969,
  "maxPS": 3.1929,
  "medianPS": 1.06,
  "hienTaiPS": 1.4840996021209258
}