{
  "minPB": 1.1155,
  "maxPB": 1.1967,
  "medianPB": 1.14,
  "hienTaiPB": 1.176908955533149,
  "minPE": 20.3408,
  "maxPE": 32.9121,
  "medianPE": 31.61,
  "hienTaiPE": 20.83515345625823,
  "minPS": 0.1971,
  "maxPS": 3.1893,
  "medianPS": 1.14,
  "hienTaiPS": 1.3409767467413891
}