{
  "minPB": 0.0982,
  "maxPB": 1.5602,
  "medianPB": 0.19,
  "hienTaiPB": 0.15489046001674875,
  "minPE": -88.3426,
  "maxPE": 5867.0417,
  "medianPE": 10.13,
  "hienTaiPE": 2.9547144282839564,
  "minPS": 0.1495,
  "maxPS": 1.9421,
  "medianPS": 0.71,
  "hienTaiPS": 0.6605166183013891
}