{
  "minPB": 0.0982,
  "maxPB": 1.5509,
  "medianPB": 0.19,
  "hienTaiPB": 0.165216490684532,
  "minPE": -87.8181,
  "maxPE": 5867.0417,
  "medianPE": 10.06,
  "hienTaiPE": 3.1516953901695537,
  "minPS": 0.1495,
  "maxPS": 1.9421,
  "medianPS": 0.72,
  "hienTaiPS": 0.7045510595214817
}