{
  "minPB": 0.0982,
  "maxPB": 1.5602,
  "medianPB": 0.19,
  "hienTaiPB": 0.1445644293489655,
  "minPE": -88.3426,
  "maxPE": 5867.0417,
  "medianPE": 10.13,
  "hienTaiPE": 2.7577334663983595,
  "minPS": 0.1495,
  "maxPS": 1.9421,
  "medianPS": 0.72,
  "hienTaiPS": 0.6164821770812965
}