{
  "minPB": 0.0982,
  "maxPB": 1.5509,
  "medianPB": 0.19,
  "hienTaiPB": 0.17554252135231524,
  "minPE": -87.8181,
  "maxPE": 5867.0417,
  "medianPE": 9.99,
  "hienTaiPE": 3.3486763520551506,
  "minPS": 0.1495,
  "maxPS": 1.9421,
  "medianPS": 0.72,
  "hienTaiPS": 0.7485855007415744
}