{
  "minPB": 0.5103,
  "maxPB": 3.2877,
  "medianPB": 1.98,
  "hienTaiPB": 0.6083721017115546,
  "minPE": 4.7398,
  "maxPE": 197.7694,
  "medianPE": 15.32,
  "hienTaiPE": -19.589,
  "minPS": 1.6092,
  "maxPS": 6.7657,
  "medianPS": 3.87,
  "hienTaiPS": 6.340843180943865
}