{
  "minPB": 0.5103,
  "maxPB": 3.2877,
  "medianPB": 1.98,
  "hienTaiPB": 0.5872113329563702,
  "minPE": 4.7161,
  "maxPE": 197.7694,
  "medianPE": 15.32,
  "hienTaiPE": -19.4169,
  "minPS": 1.6092,
  "maxPS": 6.7657,
  "medianPS": 3.88,
  "hienTaiPS": 6.1202921137806
}