{
  "minPB": 0.5103,
  "maxPB": 3.2877,
  "medianPB": 1.98,
  "hienTaiPB": 0.5272558214833474,
  "minPE": 4.8349,
  "maxPE": 197.7695,
  "medianPE": 15.48,
  "hienTaiPE": -17.0937,
  "minPS": 1.6111,
  "maxPS": 6.7262,
  "medianPS": 3.81,
  "hienTaiPS": 5.4953974234846825
}