{
  "minPB": 0.5103,
  "maxPB": 3.2877,
  "medianPB": 1.98,
  "hienTaiPB": 0.5995551147302278,
  "minPE": 4.6923,
  "maxPE": 197.7694,
  "medianPE": 15.25,
  "hienTaiPE": -19.6463,
  "minPS": 1.6092,
  "maxPS": 6.7657,
  "medianPS": 3.88,
  "hienTaiPS": 6.2489469029591715
}