{
  "minPB": 0.2682,
  "maxPB": 1.9731,
  "medianPB": 0.6,
  "hienTaiPB": 0.37057115446598043,
  "minPE": -50.8111,
  "maxPE": 148.0739,
  "medianPE": 11.89,
  "hienTaiPE": 11.913694479298833,
  "minPS": 0.4213,
  "maxPS": 17.313,
  "medianPS": 1.14,
  "hienTaiPS": 0.7273125733721081
}