{
  "minPB": 0.268,
  "maxPB": 1.9731,
  "medianPB": 0.6,
  "hienTaiPB": 0.3625923497047512,
  "minPE": -50.8457,
  "maxPE": 149.8638,
  "medianPE": 11.94,
  "hienTaiPE": 11.65717952639527,
  "minPS": 0.4197,
  "maxPS": 17.313,
  "medianPS": 1.13,
  "hienTaiPS": 0.7116527332755794
}