{
  "minPB": 0.2682,
  "maxPB": 1.9731,
  "medianPB": 0.6,
  "hienTaiPB": 0.3812095608142861,
  "minPE": -50.8111,
  "maxPE": 148.0739,
  "medianPE": 11.88,
  "hienTaiPE": 12.255714416503585,
  "minPS": 0.4213,
  "maxPS": 17.313,
  "medianPS": 1.14,
  "hienTaiPS": 0.7481923601674796
}