{
  "minPB": 0.2682,
  "maxPB": 1.9731,
  "medianPB": 0.6,
  "hienTaiPB": 0.3661384851541864,
  "minPE": -50.8111,
  "maxPE": 148.0739,
  "medianPE": 11.87,
  "hienTaiPE": 11.771186172130188,
  "minPS": 0.4213,
  "maxPS": 17.313,
  "medianPS": 1.14,
  "hienTaiPS": 0.71861266220737
}