{
  "minPB": 0.2682,
  "maxPB": 1.9731,
  "medianPB": 0.6,
  "hienTaiPB": 0.3696846206036216,
  "minPE": -50.8111,
  "maxPE": 148.0739,
  "medianPE": 11.88,
  "hienTaiPE": 11.885192817865104,
  "minPS": 0.4213,
  "maxPS": 17.313,
  "medianPS": 1.14,
  "hienTaiPS": 0.7255725911391605
}