{
  "minPB": 0.2682,
  "maxPB": 1.9731,
  "medianPB": 0.6,
  "hienTaiPB": 0.36081928198003355,
  "minPE": -50.8111,
  "maxPE": 148.0739,
  "medianPE": 11.88,
  "hienTaiPE": 11.60017620352781,
  "minPS": 0.4213,
  "maxPS": 17.313,
  "medianPS": 1.14,
  "hienTaiPS": 0.7081727688096842
}