{
  "minPB": 0.268,
  "maxPB": 1.9731,
  "medianPB": 0.6,
  "hienTaiPB": 0.36081928198003355,
  "minPE": -50.8457,
  "maxPE": 149.8638,
  "medianPE": 12.02,
  "hienTaiPE": 11.60017620352781,
  "minPS": 0.4197,
  "maxPS": 17.313,
  "medianPS": 1.14,
  "hienTaiPS": 0.7081727688096842
}