{
  "minPB": 0.268,
  "maxPB": 1.9731,
  "medianPB": 0.6,
  "hienTaiPB": 0.36347888356711,
  "minPE": -50.8457,
  "maxPE": 149.8638,
  "medianPE": 12,
  "hienTaiPE": 11.685681187829,
  "minPS": 0.4197,
  "maxPS": 17.313,
  "medianPS": 1.14,
  "hienTaiPS": 0.713392715508527
}