{
  "minPB": 0.268,
  "maxPB": 1.9731,
  "medianPB": 0.6,
  "hienTaiPB": 0.36436541742946876,
  "minPE": -50.8457,
  "maxPE": 149.8638,
  "medianPE": 11.89,
  "hienTaiPE": 11.714182849262729,
  "minPS": 0.4197,
  "maxPS": 17.313,
  "medianPS": 1.13,
  "hienTaiPS": 0.7151326977414747
}