{
  "minPB": 0.4794,
  "maxPB": 2.2579,
  "medianPB": 1.35,
  "hienTaiPB": 1.4162509297909915,
  "minPE": 2.7458,
  "maxPE": 15.4803,
  "medianPE": 6.59,
  "hienTaiPE": 10.042535795270078,
  "minPS": 0.0408,
  "maxPS": 0.681,
  "medianPS": 0.22,
  "hienTaiPS": 0.44411623797608946
}