{
  "minPB": 0.4794,
  "maxPB": 2.261,
  "medianPB": 1.35,
  "hienTaiPB": 1.437366492109494,
  "minPE": 2.7458,
  "maxPE": 15.5756,
  "medianPE": 6.58,
  "hienTaiPE": 10.192264763463669,
  "minPS": 0.0406,
  "maxPS": 0.685,
  "medianPS": 0.23,
  "hienTaiPS": 0.4507377793303655
}