{
  "minPB": 0.4794,
  "maxPB": 2.261,
  "medianPB": 1.35,
  "hienTaiPB": 1.4117261664370266,
  "minPE": 2.7458,
  "maxPE": 15.5756,
  "medianPE": 6.59,
  "hienTaiPE": 10.010451016371452,
  "minPS": 0.0408,
  "maxPS": 0.681,
  "medianPS": 0.22,
  "hienTaiPS": 0.442697336257316
}