{
  "minPB": 0.4794,
  "maxPB": 2.2579,
  "medianPB": 1.35,
  "hienTaiPB": 1.41474267533967,
  "minPE": 2.7458,
  "maxPE": 15.4803,
  "medianPE": 6.6,
  "hienTaiPE": 10.031840868970537,
  "minPS": 0.0408,
  "maxPS": 0.6807,
  "medianPS": 0.22,
  "hienTaiPS": 0.4436432707364983
}