{
  "minPB": 1.7687,
  "maxPB": 4.0033,
  "medianPB": 2.53,
  "hienTaiPB": 1.6989046760082946,
  "minPE": 6.8786,
  "maxPE": 12.9492,
  "medianPE": 9.15,
  "hienTaiPE": 10.406840699952483,
  "minPS": 2.0096,
  "maxPS": 4.2239,
  "medianPS": 3.19,
  "hienTaiPS": 1.962120734574426
}