{
  "minPB": 1.7686,
  "maxPB": 4.0033,
  "medianPB": 2.53,
  "hienTaiPB": 1.7186227914430767,
  "minPE": 6.8786,
  "maxPE": 12.9492,
  "medianPE": 9.15,
  "hienTaiPE": 10.527626338564763,
  "minPS": 2.0093,
  "maxPS": 4.2239,
  "medianPS": 3.19,
  "hienTaiPS": 1.9848938328463206
}