{
  "minPB": 1.7701,
  "maxPB": 4.0033,
  "medianPB": 2.53,
  "hienTaiPB": 1.702413640293474,
  "minPE": 6.8786,
  "maxPE": 12.9492,
  "medianPE": 9.14,
  "hienTaiPE": 10.428335273987964,
  "minPS": 2.012,
  "maxPS": 4.2239,
  "medianPS": 3.19,
  "hienTaiPS": 1.966173352521778
}