{
  "minPB": 1.7681,
  "maxPB": 2.0132,
  "medianPB": 1.87,
  "hienTaiPB": 1.7680652301452169,
  "minPE": 9.9165,
  "maxPE": 11.2825,
  "medianPE": 10.4,
  "hienTaiPE": 10.830491820458244,
  "minPS": 2.0272,
  "maxPS": 4.2239,
  "medianPS": 3.17,
  "hienTaiPS": 2.0419965270206233
}