{
  "minPB": 4.4524,
  "maxPB": 5.318,
  "medianPB": 4.8,
  "hienTaiPB": 4.5882013469111955,
  "minPE": 16.5415,
  "maxPE": 19.5762,
  "medianPE": 17.82,
  "hienTaiPE": 16.845628308989628,
  "minPS": 1.0564,
  "maxPS": 2.8693,
  "medianPS": 1.53,
  "hienTaiPS": 2.6815829284689126
}