{
  "minPB": 4.4524,
  "maxPB": 5.318,
  "medianPB": 4.81,
  "hienTaiPB": 4.742092043290846,
  "minPE": 16.5415,
  "maxPE": 19.5762,
  "medianPE": 17.85,
  "hienTaiPE": 17.410639579292397,
  "minPS": 1.0564,
  "maxPS": 2.8693,
  "medianPS": 1.53,
  "hienTaiPS": 2.771524636136052
}