{
  "minPB": 4.4524,
  "maxPB": 5.318,
  "medianPB": 4.8,
  "hienTaiPB": 4.623850777509094,
  "minPE": 16.5415,
  "maxPE": 19.5762,
  "medianPE": 17.81,
  "hienTaiPE": 16.97651555910641,
  "minPS": 1.0564,
  "maxPS": 2.8693,
  "medianPS": 1.53,
  "hienTaiPS": 2.7024183054005104
}