{
  "minPB": 2.266,
  "maxPB": 5.0959,
  "medianPB": 3.22,
  "hienTaiPB": 4.7947287864555275,
  "minPE": 7.8987,
  "maxPE": 18.2128,
  "medianPE": 11.73,
  "hienTaiPE": 17.6038959217467,
  "minPS": 1.0573,
  "maxPS": 2.8559,
  "medianPS": 1.52,
  "hienTaiPS": 2.8022882799276734
}