{
  "minPB": 2.266,
  "maxPB": 5.0959,
  "medianPB": 3.21,
  "hienTaiPB": 4.617677923083417,
  "minPE": 7.8987,
  "maxPE": 18.2049,
  "medianPE": 11.73,
  "hienTaiPE": 16.95385186076404,
  "minPS": 1.0573,
  "maxPS": 2.8446,
  "medianPS": 1.52,
  "hienTaiPS": 2.6988105689922204
}