{
  "minPB": 2.266,
  "maxPB": 5.0959,
  "medianPB": 3.22,
  "hienTaiPB": 4.665529507778582,
  "minPE": 7.8987,
  "maxPE": 18.2049,
  "medianPE": 11.73,
  "hienTaiPE": 17.12953944481341,
  "minPS": 1.0573,
  "maxPS": 2.8446,
  "medianPS": 1.52,
  "hienTaiPS": 2.726777517893694
}