{
  "minPB": 1.6489,
  "maxPB": 7.0759,
  "medianPB": 2.56,
  "hienTaiPB": 7.196988849228948,
  "minPE": 6.1927,
  "maxPE": 27.3697,
  "medianPE": 11.03,
  "hienTaiPE": 28.692994780314706,
  "minPS": 0.2302,
  "maxPS": 3.5223,
  "medianPS": 0.67,
  "hienTaiPS": 3.5861542729147895
}