{
  "minPB": 1.6505,
  "maxPB": 7.0893,
  "medianPB": 2.57,
  "hienTaiPB": 6.9112767662342325,
  "minPE": 6.2349,
  "maxPE": 27.2622,
  "medianPE": 11.04,
  "hienTaiPE": 26.295080178679072,
  "minPS": 0.2318,
  "maxPS": 3.3844,
  "medianPS": 0.62,
  "hienTaiPS": 3.283929445345161
}