{
  "minPB": 1.6489,
  "maxPB": 7.0728,
  "medianPB": 2.56,
  "hienTaiPB": 7.21669313081479,
  "minPE": 6.1927,
  "maxPE": 27.3697,
  "medianPE": 11.03,
  "hienTaiPE": 28.771551918659167,
  "minPS": 0.2302,
  "maxPS": 3.5223,
  "medianPS": 0.67,
  "hienTaiPS": 3.595972628213666
}