{
  "minPB": 1.6489,
  "maxPB": 7.0759,
  "medianPB": 2.56,
  "hienTaiPB": 6.995019962974063,
  "minPE": 6.1927,
  "maxPE": 27.4054,
  "medianPE": 11.04,
  "hienTaiPE": 27.88778411228397,
  "minPS": 0.2302,
  "maxPS": 3.5223,
  "medianPS": 0.67,
  "hienTaiPS": 3.485516131101301
}