{
  "minPB": 1.6505,
  "maxPB": 7.0893,
  "medianPB": 2.57,
  "hienTaiPB": 6.995019962974063,
  "minPE": 6.2349,
  "maxPE": 27.2622,
  "medianPE": 11.04,
  "hienTaiPE": 26.613694835156295,
  "minPS": 0.2317,
  "maxPS": 3.3864,
  "medianPS": 0.62,
  "hienTaiPS": 3.3237204649965277
}