{
  "minPB": 1.6489,
  "maxPB": 7.076,
  "medianPB": 2.56,
  "hienTaiPB": 7.162506356453724,
  "minPE": 6.1927,
  "maxPE": 27.4054,
  "medianPE": 11.04,
  "hienTaiPE": 28.555519788211896,
  "minPS": 0.2302,
  "maxPS": 3.5227,
  "medianPS": 0.67,
  "hienTaiPS": 3.5689721511417547
}