{
  "minPB": 1.6505,
  "maxPB": 7.0893,
  "medianPB": 2.57,
  "hienTaiPB": 7.093541370903275,
  "minPE": 6.2349,
  "maxPE": 27.2622,
  "medianPE": 11.04,
  "hienTaiPE": 26.98853560748244,
  "minPS": 0.2317,
  "maxPS": 3.3864,
  "medianPS": 0.62,
  "hienTaiPS": 3.3705334292922537
}