{
  "minPB": 1.6488,
  "maxPB": 7.0944,
  "medianPB": 2.57,
  "hienTaiPB": 7.137876004471421,
  "minPE": 6.1927,
  "maxPE": 27.2671,
  "medianPE": 11.04,
  "hienTaiPE": 27.157213955029203,
  "minPS": 0.2317,
  "maxPS": 3.3864,
  "medianPS": 0.62,
  "hienTaiPS": 3.3915992632253302
}