{
  "minPB": 1.1669,
  "maxPB": 14.641,
  "medianPB": 4.21,
  "hienTaiPB": 13.433179323834889,
  "minPE": -1458.9146,
  "maxPE": 223.9708,
  "medianPE": 14.16,
  "hienTaiPE": 80.88306996366043,
  "minPS": 0.0895,
  "maxPS": 0.7058,
  "medianPS": 0.29,
  "hienTaiPS": 0.6403694126420056
}