{
  "minPB": 1.1669,
  "maxPB": 14.641,
  "medianPB": 4.22,
  "hienTaiPB": 13.041229794492226,
  "minPE": -1458.9146,
  "maxPE": 223.9708,
  "medianPE": 14.25,
  "hienTaiPE": 78.52308648991968,
  "minPS": 0.0895,
  "maxPS": 0.7058,
  "medianPS": 0.29,
  "hienTaiPS": 0.6216848939707534
}