{
  "minPB": 1.1669,
  "maxPB": 14.641,
  "medianPB": 4.2,
  "hienTaiPB": 13.74673894730902,
  "minPE": -1458.9146,
  "maxPE": 224.0999,
  "medianPE": 14.11,
  "hienTaiPE": 82.77105674265303,
  "minPS": 0.0897,
  "maxPS": 0.7043,
  "medianPS": 0.31,
  "hienTaiPS": 0.6553170275790073
}