{
  "minPB": 1.1669,
  "maxPB": 14.641,
  "medianPB": 4.21,
  "hienTaiPB": 13.112493345281802,
  "minPE": -1458.9146,
  "maxPE": 223.9708,
  "medianPE": 14.18,
  "hienTaiPE": 78.95217439423618,
  "minPS": 0.0895,
  "maxPS": 0.7058,
  "medianPS": 0.29,
  "hienTaiPS": 0.6250820791837084
}