{
  "minPB": 1.1669,
  "maxPB": 14.641,
  "medianPB": 4.21,
  "hienTaiPB": 13.57570642541404,
  "minPE": -1458.9146,
  "maxPE": 223.9708,
  "medianPE": 14.15,
  "hienTaiPE": 81.74124577229344,
  "minPS": 0.0895,
  "maxPS": 0.7058,
  "medianPS": 0.29,
  "hienTaiPS": 0.6471637830679156
}