{
  "minPB": 1.1669,
  "maxPB": 14.641,
  "medianPB": 4.2,
  "hienTaiPB": 13.397547548440102,
  "minPE": -1458.9146,
  "maxPE": 224.0999,
  "medianPE": 14.11,
  "hienTaiPE": 80.66852601150218,
  "minPS": 0.0897,
  "maxPS": 0.7043,
  "medianPS": 0.3,
  "hienTaiPS": 0.6386708200355282
}