{
  "minPB": 1.1669,
  "maxPB": 14.641,
  "medianPB": 4.22,
  "hienTaiPB": 12.4925004534125,
  "minPE": -1458.9146,
  "maxPE": 223.9708,
  "medianPE": 14.21,
  "hienTaiPE": 75.21910962668262,
  "minPS": 0.0895,
  "maxPS": 0.7058,
  "medianPS": 0.29,
  "hienTaiPS": 0.5955265678310004
}