{
  "minPB": 0.6522,
  "maxPB": 3.6523,
  "medianPB": 1.08,
  "hienTaiPB": 3.1609923988124504,
  "minPE": 2.568,
  "maxPE": 124.6039,
  "medianPE": 8.8,
  "hienTaiPE": 22.94459302460303,
  "minPS": 1.9456,
  "maxPS": 13.1807,
  "medianPS": 4.74,
  "hienTaiPS": 11.341220372792206
}