{
  "minPB": 0.6522,
  "maxPB": 3.6523,
  "medianPB": 1.08,
  "hienTaiPB": 3.134991286248776,
  "minPE": 2.568,
  "maxPE": 124.6039,
  "medianPE": 8.81,
  "hienTaiPE": 22.755859591968225,
  "minPS": 1.9456,
  "maxPS": 13.1807,
  "medianPS": 4.74,
  "hienTaiPS": 11.247931838585925
}