{
  "minPB": 0.6522,
  "maxPB": 3.6523,
  "medianPB": 1.08,
  "hienTaiPB": 3.0607023932097053,
  "minPE": 2.568,
  "maxPE": 124.6039,
  "medianPE": 8.77,
  "hienTaiPE": 22.21662121301163,
  "minPS": 1.9456,
  "maxPS": 13.1807,
  "medianPS": 4.73,
  "hienTaiPS": 10.98139316942512
}