{
  "minPB": 0.6522,
  "maxPB": 3.6523,
  "medianPB": 1.08,
  "hienTaiPB": 3.071845727165566,
  "minPE": 2.568,
  "maxPE": 124.6039,
  "medianPE": 8.75,
  "hienTaiPE": 22.29750696985512,
  "minPS": 1.9616,
  "maxPS": 13.2584,
  "medianPS": 4.84,
  "hienTaiPS": 11.02137396979924
}