{
  "minPB": 0.6522,
  "maxPB": 3.6523,
  "medianPB": 1.08,
  "hienTaiPB": 3.157277954160497,
  "minPE": 2.568,
  "maxPE": 124.6039,
  "medianPE": 8.79,
  "hienTaiPE": 22.9176311056552,
  "minPS": 1.9456,
  "maxPS": 13.1807,
  "medianPS": 4.74,
  "hienTaiPS": 11.327893439334165
}