{
  "minPB": 0.6522,
  "maxPB": 3.6523,
  "medianPB": 1.08,
  "hienTaiPB": 3.1164190629890083,
  "minPE": 2.568,
  "maxPE": 124.6039,
  "medianPE": 8.78,
  "hienTaiPE": 22.621049997229076,
  "minPS": 1.9456,
  "maxPS": 13.1807,
  "medianPS": 4.74,
  "hienTaiPS": 11.181297171295723
}