{
  "minPB": 0.6522,
  "maxPB": 3.6523,
  "medianPB": 1.08,
  "hienTaiPB": 3.3652868546698946,
  "minPE": 2.568,
  "maxPE": 124.6039,
  "medianPE": 8.82,
  "hienTaiPE": 24.42749856673366,
  "minPS": 1.9456,
  "maxPS": 13.1807,
  "medianPS": 4.74,
  "hienTaiPS": 12.074201712984417
}