{
  "minPB": 0.6522,
  "maxPB": 3.6523,
  "medianPB": 1.08,
  "hienTaiPB": 3.056987948557752,
  "minPE": 2.568,
  "maxPE": 124.6039,
  "medianPE": 8.76,
  "hienTaiPE": 22.1896592940638,
  "minPS": 1.9616,
  "maxPS": 13.2584,
  "medianPS": 4.84,
  "hienTaiPS": 10.96806623596708
}