{
  "minPB": 0.6522,
  "maxPB": 3.6523,
  "medianPB": 1.08,
  "hienTaiPB": 3.0458446146018914,
  "minPE": 2.568,
  "maxPE": 124.6039,
  "medianPE": 8.76,
  "hienTaiPE": 22.108773537220312,
  "minPS": 1.9616,
  "maxPS": 13.2584,
  "medianPS": 4.85,
  "hienTaiPS": 10.92808543559296
}