{
  "minPB": 0.6522,
  "maxPB": 3.6523,
  "medianPB": 1.08,
  "hienTaiPB": 3.049559059253845,
  "minPE": 2.568,
  "maxPE": 124.6039,
  "medianPE": 8.76,
  "hienTaiPE": 22.135735456168142,
  "minPS": 1.9616,
  "maxPS": 13.2584,
  "medianPS": 4.85,
  "hienTaiPS": 10.941412369051001
}