{
  "minPB": 0.3919,
  "maxPB": 1.9502,
  "medianPB": 0.69,
  "hienTaiPB": 0.6495174980182155,
  "minPE": 5.6406,
  "maxPE": 98.039,
  "medianPE": 16.67,
  "hienTaiPE": 26.958090330835923,
  "minPS": 0.1317,
  "maxPS": 1.6444,
  "medianPS": 0.44,
  "hienTaiPS": 0.4962663456234442
}