{
  "minPB": 0.3919,
  "maxPB": 1.9502,
  "medianPB": 0.69,
  "hienTaiPB": 0.6429943667612176,
  "minPE": 5.6406,
  "maxPE": 98.039,
  "medianPE": 16.67,
  "hienTaiPE": 26.687349108001126,
  "minPS": 0.1317,
  "maxPS": 1.6444,
  "medianPS": 0.44,
  "hienTaiPS": 0.49128232206625033
}