{
  "minPB": 0.5731,
  "maxPB": 0.6207,
  "medianPB": 0.59,
  "hienTaiPB": 0.612242462263942,
  "minPE": 12.1872,
  "maxPE": 25.411,
  "medianPE": 12.65,
  "hienTaiPE": 25.41099762892281,
  "minPS": 0.1317,
  "maxPS": 1.627,
  "medianPS": 0.44,
  "hienTaiPS": 0.46778621101090795
}