{
  "minPB": 0.5731,
  "maxPB": 0.6219,
  "medianPB": 0.59,
  "hienTaiPB": 0.6222135343282101,
  "minPE": 12.1872,
  "maxPE": 25.411,
  "medianPE": 12.67,
  "hienTaiPE": 25.82484492668457,
  "minPS": 0.1317,
  "maxPS": 1.627,
  "medianPS": 0.44,
  "hienTaiPS": 0.4754046470197614
}