{
  "minPB": 0.5731,
  "maxPB": 0.6207,
  "medianPB": 0.59,
  "hienTaiPB": 0.6150380899455125,
  "minPE": 12.1872,
  "maxPE": 25.1751,
  "medianPE": 12.64,
  "hienTaiPE": 25.527029581566296,
  "minPS": 0.1317,
  "maxPS": 1.627,
  "medianPS": 0.44,
  "hienTaiPS": 0.46992222110684817
}