{
  "minPB": 0.5731,
  "maxPB": 0.6207,
  "medianPB": 0.59,
  "hienTaiPB": 0.6075830827946578,
  "minPE": 12.1872,
  "maxPE": 25.411,
  "medianPE": 12.66,
  "hienTaiPE": 25.217611041183673,
  "minPS": 0.1317,
  "maxPS": 1.627,
  "medianPS": 0.44,
  "hienTaiPS": 0.4642261941843409
}