{
  "minPB": 19.5375,
  "maxPB": 19.5375,
  "medianPB": 19.54,
  "hienTaiPB": 19.537453061016105,
  "minPE": -438.9316,
  "maxPE": -438.9316,
  "medianPE": -438.93,
  "hienTaiPE": -438.9316,
  "minPS": 1.6074,
  "maxPS": 1456.7221,
  "medianPS": 9.8,
  "hienTaiPS": 770.1594355796229
}