{
  "minPB": 1.9853,
  "maxPB": 5.8728,
  "medianPB": 3.39,
  "hienTaiPB": 2.6285563446656397,
  "minPE": 6.7245,
  "maxPE": 25.6663,
  "medianPE": 15.12,
  "hienTaiPE": 15.229760872819503,
  "minPS": 1.1301,
  "maxPS": 3.3003,
  "medianPS": 2.03,
  "hienTaiPS": 1.5291461877799457
}