{
  "minPB": 1.9853,
  "maxPB": 5.8728,
  "medianPB": 3.38,
  "hienTaiPB": 2.659663520342156,
  "minPE": 6.7245,
  "maxPE": 25.6663,
  "medianPE": 15.12,
  "hienTaiPE": 15.409994729302575,
  "minPS": 1.1301,
  "maxPS": 3.3198,
  "medianPS": 2.04,
  "hienTaiPS": 1.5472425923690576
}