{
  "minPB": 1.9853,
  "maxPB": 5.8728,
  "medianPB": 3.39,
  "hienTaiPB": 2.605225962908252,
  "minPE": 6.7245,
  "maxPE": 25.6663,
  "medianPE": 15.12,
  "hienTaiPE": 15.0945854804572,
  "minPS": 1.1301,
  "maxPS": 3.3003,
  "medianPS": 2.03,
  "hienTaiPS": 1.515573884338112
}