{
  "minPB": 1.9853,
  "maxPB": 5.8728,
  "medianPB": 3.38,
  "hienTaiPB": 2.6713287112208497,
  "minPE": 6.7245,
  "maxPE": 25.6663,
  "medianPE": 15.12,
  "hienTaiPE": 15.477582425483726,
  "minPS": 1.1301,
  "maxPS": 3.3198,
  "medianPS": 2.04,
  "hienTaiPS": 1.5540287440899745
}