{
  "minPB": 1.9853,
  "maxPB": 5.8728,
  "medianPB": 3.39,
  "hienTaiPB": 2.632444741625204,
  "minPE": 6.7245,
  "maxPE": 25.6663,
  "medianPE": 15.12,
  "hienTaiPE": 15.252290104879888,
  "minPS": 1.1301,
  "maxPS": 3.3198,
  "medianPS": 2.04,
  "hienTaiPS": 1.5314082383535847
}