{
  "minPB": 1.9853,
  "maxPB": 5.8728,
  "medianPB": 3.39,
  "hienTaiPB": 2.644109932503898,
  "minPE": 6.7245,
  "maxPE": 25.6663,
  "medianPE": 15.12,
  "hienTaiPE": 15.31987780106104,
  "minPS": 1.1301,
  "maxPS": 3.3198,
  "medianPS": 2.04,
  "hienTaiPS": 1.5381943900745016
}