{
  "minPB": 1.618,
  "maxPB": 1.8352,
  "medianPB": 1.73,
  "hienTaiPB": 1.6389474568789077,
  "minPE": 10.1964,
  "maxPE": 12.8011,
  "medianPE": 12.03,
  "hienTaiPE": 9.906382363328952,
  "minPS": 0.7937,
  "maxPS": 1.4181,
  "medianPS": 1.29,
  "hienTaiPS": 1.1990308785588806
}