{
  "minPB": 1.055,
  "maxPB": 1.871,
  "medianPB": 1.47,
  "hienTaiPB": 2.121005215333716,
  "minPE": 0,
  "maxPE": 23.7701,
  "medianPE": 13.53,
  "hienTaiPE": 12.820111205836579,
  "minPS": 0.7937,
  "maxPS": 1.4213,
  "medianPS": 1.27,
  "hienTaiPS": 1.551697545943629
}