{
  "minPB": 1.618,
  "maxPB": 1.8352,
  "medianPB": 1.73,
  "hienTaiPB": 1.688739917095412,
  "minPE": 10.948,
  "maxPE": 12.8011,
  "medianPE": 12.03,
  "hienTaiPE": 10.207345733231529,
  "minPS": 0.7937,
  "maxPS": 1.4181,
  "medianPS": 1.29,
  "hienTaiPS": 1.2354583412383104
}