{
  "minPB": 1.055,
  "maxPB": 1.8642,
  "medianPB": 1.46,
  "hienTaiPB": 2.1354949749913827,
  "minPE": 0,
  "maxPE": 23.7701,
  "medianPE": 13.54,
  "hienTaiPE": 12.907692475705312,
  "minPS": 0.7937,
  "maxPS": 1.4181,
  "medianPS": 1.27,
  "hienTaiPS": 1.5622980500534585
}