{
  "minPB": 1.055,
  "maxPB": 1.8668,
  "medianPB": 1.46,
  "hienTaiPB": 2.0076435924267346,
  "minPE": 0,
  "maxPE": 23.7701,
  "medianPE": 13.54,
  "hienTaiPE": 12.134913167833192,
  "minPS": 0.7937,
  "maxPS": 1.4181,
  "medianPS": 1.27,
  "hienTaiPS": 1.4687637790687211
}