{
  "minPB": 1.618,
  "maxPB": 1.8352,
  "medianPB": 1.73,
  "hienTaiPB": 1.6733745581930848,
  "minPE": 10.1145,
  "maxPE": 12.8011,
  "medianPE": 12.03,
  "hienTaiPE": 10.114472029564359,
  "minPS": 0.7937,
  "maxPS": 1.4181,
  "medianPS": 1.29,
  "hienTaiPS": 1.2242172610519362
}