{
  "minPB": 1.055,
  "maxPB": 1.8516,
  "medianPB": 1.44,
  "hienTaiPB": 1.9164661325251882,
  "minPE": 0,
  "maxPE": 23.7701,
  "medianPE": 13.56,
  "hienTaiPE": 11.583804114940262,
  "minPS": 0.7937,
  "maxPS": 1.4162,
  "medianPS": 1.26,
  "hienTaiPS": 1.402059633434481
}