{
  "minPB": 0.752,
  "maxPB": 0.8328,
  "medianPB": 0.79,
  "hienTaiPB": 0.7519661957819027,
  "minPE": 8.3874,
  "maxPE": 9.5623,
  "medianPE": 9.1,
  "hienTaiPE": 8.387365221251894,
  "minPS": 0.1469,
  "maxPS": 0.2219,
  "medianPS": 0.16,
  "hienTaiPS": 0.14983854657876852
}