{
  "minPB": 0.7002,
  "maxPB": 1.0594,
  "medianPB": 0.8,
  "hienTaiPB": 0.7252563565077295,
  "minPE": -22.0044,
  "maxPE": 13.0751,
  "medianPE": 9.12,
  "hienTaiPE": 8.089446008593027,
  "minPS": 0.1435,
  "maxPS": 0.2219,
  "medianPS": 0.16,
  "hienTaiPS": 0.14451628140429065
}