{
  "minPB": 0.6995,
  "maxPB": 1.0604,
  "medianPB": 0.8,
  "hienTaiPB": 0.7128639536012438,
  "minPE": -22.0298,
  "maxPE": 13.1014,
  "medianPE": 9.13,
  "hienTaiPE": 7.951222229746796,
  "minPS": 0.1441,
  "maxPS": 0.2222,
  "medianPS": 0.16,
  "hienTaiPS": 0.14204694215667255
}