{
  "minPB": 0.7522,
  "maxPB": 0.8328,
  "medianPB": 0.79,
  "hienTaiPB": 0.7583428691221332,
  "minPE": 8.3897,
  "maxPE": 9.5623,
  "medianPE": 9.1,
  "hienTaiPE": 8.458490078328111,
  "minPS": 0.1469,
  "maxPS": 0.2219,
  "medianPS": 0.16,
  "hienTaiPS": 0.15110917745375646
}