{
  "minPB": 0.9338,
  "maxPB": 3.7813,
  "medianPB": 2.07,
  "hienTaiPB": 1.934609562204609,
  "minPE": 3.7891,
  "maxPE": 16.0575,
  "medianPE": 7.71,
  "hienTaiPE": 10.432470932992805,
  "minPS": 0.6527,
  "maxPS": 2.8985,
  "medianPS": 1.7,
  "hienTaiPS": 1.7221978899081019
}