{
  "minPB": 0.9348,
  "maxPB": 3.7803,
  "medianPB": 2.07,
  "hienTaiPB": 1.9227650138645807,
  "minPE": 3.7891,
  "maxPE": 16.0466,
  "medianPE": 7.71,
  "hienTaiPE": 10.368598661974481,
  "minPS": 0.6527,
  "maxPS": 2.8985,
  "medianPS": 1.69,
  "hienTaiPS": 1.7116538211943788
}