{
  "minPB": 0.9348,
  "maxPB": 3.7803,
  "medianPB": 2.07,
  "hienTaiPB": 1.9582986588846654,
  "minPE": 3.7891,
  "maxPE": 16.0466,
  "medianPE": 7.71,
  "hienTaiPE": 10.560215475029452,
  "minPS": 0.6527,
  "maxPS": 2.8985,
  "medianPS": 1.69,
  "hienTaiPS": 1.7432860273355482
}