{
  "minPB": 0.9348,
  "maxPB": 3.7803,
  "medianPB": 2.06,
  "hienTaiPB": 1.8911795516245054,
  "minPE": 3.7891,
  "maxPE": 16.0466,
  "medianPE": 7.72,
  "hienTaiPE": 10.198272605925618,
  "minPS": 0.6527,
  "maxPS": 2.8985,
  "medianPS": 1.69,
  "hienTaiPS": 1.6835363046244507
}