{
  "minPB": 0.5588,
  "maxPB": 2.1515,
  "medianPB": 1.17,
  "hienTaiPB": 1.665171756252619,
  "minPE": 4.2322,
  "maxPE": 23.6142,
  "medianPE": 10.16,
  "hienTaiPE": 7.859025824973399,
  "minPS": 0.2633,
  "maxPS": 0.8758,
  "medianPS": 0.38,
  "hienTaiPS": 0.4662900342040816
}