{
  "minPB": 0.5588,
  "maxPB": 2.1515,
  "medianPB": 1.17,
  "hienTaiPB": 1.6096660310441984,
  "minPE": 4.2322,
  "maxPE": 23.6142,
  "medianPE": 10.16,
  "hienTaiPE": 7.597058297474285,
  "minPS": 0.2633,
  "maxPS": 0.8758,
  "medianPS": 0.38,
  "hienTaiPS": 0.45074703306394553
}