{
  "minPB": 0.5588,
  "maxPB": 2.1515,
  "medianPB": 1.17,
  "hienTaiPB": 1.7004935813852502,
  "minPE": 4.2322,
  "maxPE": 23.6142,
  "medianPE": 10.16,
  "hienTaiPE": 8.025732433381926,
  "minPS": 0.2633,
  "maxPS": 0.8758,
  "medianPS": 0.38,
  "hienTaiPS": 0.4761810349296227
}