{
  "minPB": 0.5511,
  "maxPB": 2.1515,
  "medianPB": 1.17,
  "hienTaiPB": 1.6904016313473555,
  "minPE": 4.1894,
  "maxPE": 23.6142,
  "medianPE": 10.14,
  "hienTaiPE": 7.9781019738366314,
  "minPS": 0.2394,
  "maxPS": 0.8758,
  "medianPS": 0.38,
  "hienTaiPS": 0.47335503472232526
}