{
  "minPB": 1.0356,
  "maxPB": 2.5031,
  "medianPB": 1.4,
  "hienTaiPB": 1.0407825134990392,
  "minPE": 7.682,
  "maxPE": 47.9141,
  "medianPE": 17.68,
  "hienTaiPE": 40.098773091893804,
  "minPS": 2.0053,
  "maxPS": 7.2886,
  "medianPS": 2.86,
  "hienTaiPS": 1.9800602113433048
}