{
  "minPB": 1.0356,
  "maxPB": 2.5031,
  "medianPB": 1.4,
  "hienTaiPB": 1.0650809379387056,
  "minPE": 7.682,
  "maxPE": 48.0998,
  "medianPE": 17.75,
  "hienTaiPE": 41.0349312185528,
  "minPS": 2.0053,
  "maxPS": 7.2886,
  "medianPS": 2.85,
  "hienTaiPS": 2.026287297989452
}