{
  "minPB": 1.0356,
  "maxPB": 2.5031,
  "medianPB": 1.4,
  "hienTaiPB": 1.0286333012792062,
  "minPE": 7.682,
  "maxPE": 47.7284,
  "medianPE": 17.57,
  "hienTaiPE": 39.6306940285643,
  "minPS": 2.0053,
  "maxPS": 7.2886,
  "medianPS": 2.86,
  "hienTaiPS": 1.9569466680202312
}