{
  "minPB": 1.0259,
  "maxPB": 2.5031,
  "medianPB": 1.4,
  "hienTaiPB": 0.9962354020263178,
  "minPE": 7.682,
  "maxPE": 47.7284,
  "medianPE": 17.52,
  "hienTaiPE": 38.38248319301897,
  "minPS": 1.7006,
  "maxPS": 7.2518,
  "medianPS": 2.81,
  "hienTaiPS": 1.895310552492035
}