{
  "minPB": 1.0356,
  "maxPB": 2.5031,
  "medianPB": 1.4,
  "hienTaiPB": 1.0488819883122613,
  "minPE": 7.682,
  "maxPE": 47.9141,
  "medianPE": 17.63,
  "hienTaiPE": 40.41082580078014,
  "minPS": 2.0053,
  "maxPS": 7.2886,
  "medianPS": 2.86,
  "hienTaiPS": 1.995469240225354
}