{
  "minPB": 1.0356,
  "maxPB": 2.5031,
  "medianPB": 1.4,
  "hienTaiPB": 1.0448322509056502,
  "minPE": 7.682,
  "maxPE": 47.9141,
  "medianPE": 17.67,
  "hienTaiPE": 40.25479944633697,
  "minPS": 2.0053,
  "maxPS": 7.2886,
  "medianPS": 2.86,
  "hienTaiPS": 1.9877647257843294
}