{
  "minPB": 1.0259,
  "maxPB": 2.5031,
  "medianPB": 1.4,
  "hienTaiPB": 1.024583563872595,
  "minPE": 7.682,
  "maxPE": 47.7284,
  "medianPE": 17.49,
  "hienTaiPE": 39.474667674121136,
  "minPS": 1.7006,
  "maxPS": 7.2518,
  "medianPS": 2.82,
  "hienTaiPS": 1.9492421535792068
}