{
  "minPB": 1.0356,
  "maxPB": 2.5031,
  "medianPB": 1.4,
  "hienTaiPB": 1.0772301501585386,
  "minPE": 7.682,
  "maxPE": 47.9141,
  "medianPE": 17.69,
  "hienTaiPE": 41.503010281882304,
  "minPS": 2.0053,
  "maxPS": 7.2886,
  "medianPS": 2.85,
  "hienTaiPS": 2.0494008413125258
}