{
  "minPB": 0.9025,
  "maxPB": 2.7827,
  "medianPB": 1.53,
  "hienTaiPB": 1.4069069760171256,
  "minPE": 6.1521,
  "maxPE": 814.3171,
  "medianPE": 13.01,
  "hienTaiPE": 12.11816778696702,
  "minPS": 0.328,
  "maxPS": 1.2005,
  "medianPS": 0.63,
  "hienTaiPS": 0.5829787959440518
}