{
  "minPB": 0.9025,
  "maxPB": 2.7827,
  "medianPB": 1.53,
  "hienTaiPB": 1.3946195788466704,
  "minPE": 6.1521,
  "maxPE": 814.3171,
  "medianPE": 13.03,
  "hienTaiPE": 12.012332260443289,
  "minPS": 0.328,
  "maxPS": 1.2005,
  "medianPS": 0.63,
  "hienTaiPS": 0.5778872780755449
}