{
  "minPB": 0.9025,
  "maxPB": 2.7827,
  "medianPB": 1.53,
  "hienTaiPB": 1.382332181676215,
  "minPE": 6.1521,
  "maxPE": 814.3171,
  "medianPE": 13.03,
  "hienTaiPE": 11.90649673391956,
  "minPS": 0.328,
  "maxPS": 1.2005,
  "medianPS": 0.63,
  "hienTaiPS": 0.5727957602070378
}