{
  "minPB": 0.9018,
  "maxPB": 2.7932,
  "medianPB": 1.53,
  "hienTaiPB": 1.3178233465313252,
  "minPE": 6.0766,
  "maxPE": 818.7307,
  "medianPE": 13.06,
  "hienTaiPE": 11.35086021966998,
  "minPS": 0.3317,
  "maxPS": 1.2005,
  "medianPS": 0.63,
  "hienTaiPS": 0.546065291397376
}