{
  "minPB": 0.9025,
  "maxPB": 2.7827,
  "medianPB": 1.52,
  "hienTaiPB": 1.3976914281392843,
  "minPE": 6.1521,
  "maxPE": 814.3171,
  "medianPE": 13.01,
  "hienTaiPE": 12.038791142074222,
  "minPS": 0.328,
  "maxPS": 1.2005,
  "medianPS": 0.63,
  "hienTaiPS": 0.5791601575426716
}