{
  "minPB": 0.9025,
  "maxPB": 2.7827,
  "medianPB": 1.53,
  "hienTaiPB": 1.302464100068256,
  "minPE": 6.1521,
  "maxPE": 814.3171,
  "medianPE": 13.05,
  "hienTaiPE": 11.218565811515319,
  "minPS": 0.3317,
  "maxPS": 1.2005,
  "medianPS": 0.63,
  "hienTaiPS": 0.5397008940617423
}