{
  "minPB": 0.9025,
  "maxPB": 2.7827,
  "medianPB": 1.53,
  "hienTaiPB": 1.351613688750077,
  "minPE": 6.1521,
  "maxPE": 814.3171,
  "medianPE": 13.04,
  "hienTaiPE": 11.641907917610236,
  "minPS": 0.328,
  "maxPS": 1.2005,
  "medianPS": 0.63,
  "hienTaiPS": 0.5600669655357703
}