{
  "minPB": 0.9025,
  "maxPB": 2.7827,
  "medianPB": 1.53,
  "hienTaiPB": 1.2901767028978008,
  "minPE": 6.1521,
  "maxPE": 814.3171,
  "medianPE": 13.05,
  "hienTaiPE": 11.11273028499159,
  "minPS": 0.3317,
  "maxPS": 1.2005,
  "medianPS": 0.63,
  "hienTaiPS": 0.5346093761932353
}