{
  "minPB": 0.9022,
  "maxPB": 2.788,
  "medianPB": 1.53,
  "hienTaiPB": 1.3208951958239388,
  "minPE": 6.1144,
  "maxPE": 816.5239,
  "medianPE": 13.06,
  "hienTaiPE": 11.377319101300913,
  "minPS": 0.3317,
  "maxPS": 1.2005,
  "medianPS": 0.63,
  "hienTaiPS": 0.5473381708645028
}