{
  "minPB": 1.2466,
  "maxPB": 1.4034,
  "medianPB": 1.26,
  "hienTaiPB": 1.4048682542739657,
  "minPE": 7.59,
  "maxPE": 9.3038,
  "medianPE": 8.64,
  "hienTaiPE": 9.3132386114473,
  "minPS": 1.8373,
  "maxPS": 5.4962,
  "medianPS": 3.91,
  "hienTaiPS": 4.5955214510584295
}