{
  "minPB": 1.2466,
  "maxPB": 1.3619,
  "medianPB": 1.26,
  "hienTaiPB": 1.366540698651845,
  "minPE": 7.59,
  "maxPE": 9.0287,
  "medianPE": 8.64,
  "hienTaiPE": 9.059155234008607,
  "minPS": 1.8373,
  "maxPS": 5.4962,
  "medianPS": 3.91,
  "hienTaiPS": 4.470146631396697
}