{
  "minPB": 0.8485,
  "maxPB": 2.2703,
  "medianPB": 1.7,
  "hienTaiPB": 1.4723670827225264,
  "minPE": 3.9685,
  "maxPE": 11.6972,
  "medianPE": 7.52,
  "hienTaiPE": 8.403897892330084,
  "minPS": 1.8178,
  "maxPS": 5.5049,
  "medianPS": 3.91,
  "hienTaiPS": 4.817053615410545
}