{
  "minPB": 0.8485,
  "maxPB": 2.2703,
  "medianPB": 1.7,
  "hienTaiPB": 1.4544686203731807,
  "minPE": 3.9685,
  "maxPE": 11.6972,
  "medianPE": 7.52,
  "hienTaiPE": 9.64205239401502,
  "minPS": 1.8178,
  "maxPS": 5.5049,
  "medianPS": 3.91,
  "hienTaiPS": 4.757771217679495
}