{
  "minPB": 1.2466,
  "maxPB": 1.3645,
  "medianPB": 1.26,
  "hienTaiPB": 1.4034418986625783,
  "minPE": 7.59,
  "maxPE": 9.0287,
  "medianPE": 8.64,
  "hienTaiPE": 9.303782927533014,
  "minPS": 1.8373,
  "maxPS": 5.4962,
  "medianPS": 3.91,
  "hienTaiPS": 4.590855641443167
}