{
  "minPB": 1.2466,
  "maxPB": 1.4049,
  "medianPB": 1.26,
  "hienTaiPB": 1.4106656996621856,
  "minPE": 7.59,
  "maxPE": 9.3132,
  "medianPE": 8.64,
  "hienTaiPE": 9.351671391227942,
  "minPS": 1.8373,
  "maxPS": 5.4962,
  "medianPS": 3.92,
  "hienTaiPS": 4.614485709494658
}