{
  "minPB": 0,
  "maxPB": 1.269,
  "medianPB": 0.79,
  "hienTaiPB": 0.8151201709003313,
  "minPE": 0,
  "maxPE": 14.1017,
  "medianPE": 9.86,
  "hienTaiPE": 12.16558379464253,
  "minPS": 0,
  "maxPS": 1.6318,
  "medianPS": 1.1,
  "hienTaiPS": 1.2398163526163422
}