{
  "minPB": 0,
  "maxPB": 1.269,
  "medianPB": 0.79,
  "hienTaiPB": 0.8001179591659694,
  "minPE": 0,
  "maxPE": 14.1017,
  "medianPE": 9.83,
  "hienTaiPE": 11.941677344434385,
  "minPS": 0.8436,
  "maxPS": 1.6244,
  "medianPS": 1.12,
  "hienTaiPS": 1.2169976467399677
}