{
  "minPB": 0,
  "maxPB": 1.269,
  "medianPB": 0.79,
  "hienTaiPB": 0.8101194336555441,
  "minPE": 0,
  "maxPE": 14.1017,
  "medianPE": 9.83,
  "hienTaiPE": 12.090948311239815,
  "minPS": 0,
  "maxPS": 1.6318,
  "medianPS": 1.1,
  "hienTaiPS": 1.2322101173242173
}