{
  "minPB": 0,
  "maxPB": 1.269,
  "medianPB": 0.79,
  "hienTaiPB": 0.7901164846763948,
  "minPE": 0,
  "maxPE": 14.1017,
  "medianPE": 9.83,
  "hienTaiPE": 11.792406377628955,
  "minPS": 0.8201,
  "maxPS": 1.6318,
  "medianPS": 1.12,
  "hienTaiPS": 1.2017851761557181
}