{
  "minPB": 0,
  "maxPB": 1.269,
  "medianPB": 0.79,
  "hienTaiPB": 0.8851304923273536,
  "minPE": 0,
  "maxPE": 14.1017,
  "medianPE": 9.84,
  "hienTaiPE": 13.210480562280539,
  "minPS": 0,
  "maxPS": 1.6318,
  "medianPS": 1.1,
  "hienTaiPS": 1.3463036467060892
}