{
  "minPB": 0,
  "maxPB": 1.269,
  "medianPB": 0.79,
  "hienTaiPB": 0.8151201709003313,
  "minPE": 0,
  "maxPE": 14.1017,
  "medianPE": 9.83,
  "hienTaiPE": 12.16558379464253,
  "minPS": 0.8436,
  "maxPS": 1.6244,
  "medianPS": 1.13,
  "hienTaiPS": 1.2398163526163422
}