{
  "minPB": 0.5451,
  "maxPB": 2.1019,
  "medianPB": 1.05,
  "hienTaiPB": 0.6975863494103335,
  "minPE": 2.359,
  "maxPE": 33.3939,
  "medianPE": 6.82,
  "hienTaiPE": 66.35904585563651,
  "minPS": 0.2014,
  "maxPS": 2.5289,
  "medianPS": 0.48,
  "hienTaiPS": 2.429532176945586
}