{
  "minPB": 0.5451,
  "maxPB": 2.1019,
  "medianPB": 1.05,
  "hienTaiPB": 0.6852760020677982,
  "minPE": 2.3576,
  "maxPE": 33.0984,
  "medianPE": 6.81,
  "hienTaiPE": 65.18800386994882,
  "minPS": 0.1929,
  "maxPS": 2.7178,
  "medianPS": 0.48,
  "hienTaiPS": 2.38665807970537
}