{
  "minPB": 0.5451,
  "maxPB": 2.1019,
  "medianPB": 1.05,
  "hienTaiPB": 0.7324656668808501,
  "minPE": 2.3576,
  "maxPE": 33.0516,
  "medianPE": 6.81,
  "hienTaiPE": 69.67699814841833,
  "minPS": 0.1929,
  "maxPS": 2.7178,
  "medianPS": 0.48,
  "hienTaiPS": 2.5510087857928654
}