{
  "minPB": 0.5451,
  "maxPB": 2.1019,
  "medianPB": 1.05,
  "hienTaiPB": 0.7386208405521179,
  "minPE": 2.3576,
  "maxPE": 33.0023,
  "medianPE": 6.81,
  "hienTaiPE": 70.26251914126219,
  "minPS": 0.1929,
  "maxPS": 2.7178,
  "medianPS": 0.48,
  "hienTaiPS": 2.5724458344129735
}