{
  "minPB": 0.5451,
  "maxPB": 2.1019,
  "medianPB": 1.05,
  "hienTaiPB": 0.6811725529536198,
  "minPE": 2.3576,
  "maxPE": 33.2954,
  "medianPE": 6.82,
  "hienTaiPE": 64.79765654138625,
  "minPS": 0.2014,
  "maxPS": 2.5289,
  "medianPS": 0.48,
  "hienTaiPS": 2.3723667139586313
}