{
  "minPB": 0.5451,
  "maxPB": 2.1019,
  "medianPB": 1.05,
  "hienTaiPB": 0.6955346248532442,
  "minPE": 2.359,
  "maxPE": 33.2979,
  "medianPE": 6.82,
  "hienTaiPE": 66.16387219135522,
  "minPS": 0.2014,
  "maxPS": 2.5289,
  "medianPS": 0.48,
  "hienTaiPS": 2.422386494072217
}