{
  "minPB": 0.5451,
  "maxPB": 2.1019,
  "medianPB": 1.05,
  "hienTaiPB": 0.7119484213099581,
  "minPE": 2.359,
  "maxPE": 34.183,
  "medianPE": 6.82,
  "hienTaiPE": 67.7252615056055,
  "minPS": 0.2019,
  "maxPS": 2.5289,
  "medianPS": 0.48,
  "hienTaiPS": 2.4795519570591718
}