{
  "minPB": 0.5451,
  "maxPB": 2.1019,
  "medianPB": 1.05,
  "hienTaiPB": 0.7160518704241364,
  "minPE": 2.359,
  "maxPE": 33.7879,
  "medianPE": 6.82,
  "hienTaiPE": 68.11560883416807,
  "minPS": 0.2019,
  "maxPS": 2.5289,
  "medianPS": 0.48,
  "hienTaiPS": 2.4938433228059105
}