{
  "minPB": 0.5451,
  "maxPB": 2.1019,
  "medianPB": 1.05,
  "hienTaiPB": 0.6873277266248874,
  "minPE": 2.3583,
  "maxPE": 33.2967,
  "medianPE": 6.82,
  "hienTaiPE": 65.3831775342301,
  "minPS": 0.2014,
  "maxPS": 2.5289,
  "medianPS": 0.48,
  "hienTaiPS": 2.3938037625787394
}