{
  "minPB": 0.534,
  "maxPB": 4.3196,
  "medianPB": 1.41,
  "hienTaiPB": 0.46034347156311106,
  "minPE": 7.036,
  "maxPE": 99.6054,
  "medianPE": 25.96,
  "hienTaiPE": 30.707117010323454,
  "minPS": 0.5298,
  "maxPS": 33.0557,
  "medianPS": 1.75,
  "hienTaiPS": 1.0809192859838208
}