{
  "minPB": 0.534,
  "maxPB": 4.3196,
  "medianPB": 1.41,
  "hienTaiPB": 0.4235159938380622,
  "minPE": 7.036,
  "maxPE": 99.6054,
  "medianPE": 25.94,
  "hienTaiPE": 28.25054764949758,
  "minPS": 0.5298,
  "maxPS": 33.0557,
  "medianPS": 1.75,
  "hienTaiPS": 0.994445743105115
}