{
  "minPB": 0.534,
  "maxPB": 4.3196,
  "medianPB": 1.41,
  "hienTaiPB": 0.45113660213184886,
  "minPE": 7.147,
  "maxPE": 99.6054,
  "medianPE": 25.99,
  "hienTaiPE": 30.092974670116988,
  "minPS": 0.5298,
  "maxPS": 6.0982,
  "medianPS": 1.76,
  "hienTaiPS": 1.0593009002641443
}