{
  "minPB": 0.5248,
  "maxPB": 4.3196,
  "medianPB": 1.4,
  "hienTaiPB": 0.4235159938380622,
  "minPE": 7.147,
  "maxPE": 99.6054,
  "medianPE": 26.04,
  "hienTaiPE": 28.25054764949758,
  "minPS": 0.5298,
  "maxPS": 6.0982,
  "medianPS": 1.76,
  "hienTaiPS": 0.994445743105115
}