{
  "minPB": 0.8324,
  "maxPB": 6.4311,
  "medianPB": 1.94,
  "hienTaiPB": 2.3322386971086395,
  "minPE": 3.0407,
  "maxPE": 67.7013,
  "medianPE": 10.22,
  "hienTaiPE": 46.87877478143917,
  "minPS": 0.3034,
  "maxPS": 3.7306,
  "medianPS": 1.43,
  "hienTaiPS": 1.6972184959499046
}