{
  "minPB": 0.8324,
  "maxPB": 6.481,
  "medianPB": 1.94,
  "hienTaiPB": 1.7678777295867238,
  "minPE": 3.0407,
  "maxPE": 68.3696,
  "medianPE": 10.2,
  "hienTaiPE": 35.53493132120754,
  "minPS": 0.3096,
  "maxPS": 3.7668,
  "medianPS": 1.45,
  "hienTaiPS": 1.2865213088833096
}