{
  "minPB": 0.8324,
  "maxPB": 6.4311,
  "medianPB": 1.94,
  "hienTaiPB": 2.1214532755040687,
  "minPE": 3.0407,
  "maxPE": 67.7013,
  "medianPE": 10.21,
  "hienTaiPE": 42.64191758544904,
  "minPS": 0.3034,
  "maxPS": 3.7306,
  "medianPS": 1.43,
  "hienTaiPS": 1.5438255706599715
}