{
  "minPB": 0.8324,
  "maxPB": 6.481,
  "medianPB": 1.94,
  "hienTaiPB": 1.7678777295867238,
  "minPE": 3.0407,
  "maxPE": 68.3696,
  "medianPE": 10.21,
  "hienTaiPE": 35.53493132120754,
  "minPS": 0.3042,
  "maxPS": 3.7417,
  "medianPS": 1.43,
  "hienTaiPS": 1.2865213088833096
}