{
  "minPB": 0.8324,
  "maxPB": 6.481,
  "medianPB": 1.94,
  "hienTaiPB": 1.9174673836286775,
  "minPE": 3.0407,
  "maxPE": 67.7013,
  "medianPE": 10.21,
  "hienTaiPE": 38.54173320223279,
  "minPS": 0.3034,
  "maxPS": 3.7417,
  "medianPS": 1.43,
  "hienTaiPS": 1.395380804250359
}