{
  "minPB": 0.8324,
  "maxPB": 6.481,
  "medianPB": 1.95,
  "hienTaiPB": 1.8546175993331482,
  "minPE": 3.0407,
  "maxPE": 68.3696,
  "medianPE": 10.19,
  "hienTaiPE": 134.05064124029207,
  "minPS": 0.3096,
  "maxPS": 3.7668,
  "medianPS": 1.45,
  "hienTaiPS": 2.77652983725287
}