{
  "minPB": 0.8324,
  "maxPB": 6.456,
  "medianPB": 1.94,
  "hienTaiPB": 1.9310664430870368,
  "minPE": 3.0407,
  "maxPE": 67.7013,
  "medianPE": 10.21,
  "hienTaiPE": 38.81507882778054,
  "minPS": 0.3034,
  "maxPS": 3.7362,
  "medianPS": 1.43,
  "hienTaiPS": 1.4052771220109999
}