{
  "minPB": 0.7177,
  "maxPB": 1.2698,
  "medianPB": 0.97,
  "hienTaiPB": 1.0730251957450163,
  "minPE": 11.8562,
  "maxPE": 20.9763,
  "medianPE": 15.96,
  "hienTaiPE": 17.174585542883484,
  "minPS": 1.2899,
  "maxPS": 6.9733,
  "medianPS": 2.49,
  "hienTaiPS": 2.956831193882977
}