{
  "minPB": 0.3503,
  "maxPB": 1.3015,
  "medianPB": 0.7,
  "hienTaiPB": 1.0730251957450163,
  "minPE": -689.611,
  "maxPE": 153.125,
  "medianPE": 20.27,
  "hienTaiPE": 17.174585542883484,
  "minPS": 1.2899,
  "maxPS": 6.9733,
  "medianPS": 2.49,
  "hienTaiPS": 2.956831193882977
}