{
  "minPB": 0.3503,
  "maxPB": 1.3015,
  "medianPB": 0.7,
  "hienTaiPB": 1.2276135714031966,
  "minPE": -689.611,
  "maxPE": 153.125,
  "medianPE": 19.65,
  "hienTaiPE": 19.648890239739583,
  "minPS": 1.2899,
  "maxPS": 6.9733,
  "medianPS": 2.49,
  "hienTaiPS": 3.3828153489339146
}