{
  "minPB": 0.4545,
  "maxPB": 2.8509,
  "medianPB": 1.19,
  "hienTaiPB": 2.092330274101951,
  "minPE": -13.682,
  "maxPE": 407.2225,
  "medianPE": 14.19,
  "hienTaiPE": 17.7569851546304,
  "minPS": 0.7533,
  "maxPS": 6.1897,
  "medianPS": 2.08,
  "hienTaiPS": 5.362925493763429
}