{
  "minPB": 0.4545,
  "maxPB": 2.8489,
  "medianPB": 1.19,
  "hienTaiPB": 2.072275990324616,
  "minPE": -13.5717,
  "maxPE": 407.2225,
  "medianPE": 14.15,
  "hienTaiPE": 17.586790408739375,
  "minPS": 0.7526,
  "maxPS": 6.0653,
  "medianPS": 2.02,
  "hienTaiPS": 5.311523651970169
}