{
  "minPB": 0.4545,
  "maxPB": 2.8509,
  "medianPB": 1.19,
  "hienTaiPB": 2.035509803399502,
  "minPE": -13.682,
  "maxPE": 407.2225,
  "medianPE": 14.2,
  "hienTaiPE": 17.27476670793916,
  "minPS": 0.7533,
  "maxPS": 6.1897,
  "medianPS": 2.08,
  "hienTaiPS": 5.21728694201586
}