{
  "minPB": 0.4545,
  "maxPB": 2.8509,
  "medianPB": 1.19,
  "hienTaiPB": 2.0622488484359485,
  "minPE": -13.682,
  "maxPE": 407.2225,
  "medianPE": 14.16,
  "hienTaiPE": 17.50169303579386,
  "minPS": 0.7526,
  "maxPS": 6.0653,
  "medianPS": 2.02,
  "hienTaiPS": 5.285822731073539
}