{
  "minPB": 0.4545,
  "maxPB": 2.8509,
  "medianPB": 1.19,
  "hienTaiPB": 2.1056997966201747,
  "minPE": -13.682,
  "maxPE": 407.2225,
  "medianPE": 14.19,
  "hienTaiPE": 17.870448318557752,
  "minPS": 0.7533,
  "maxPS": 6.1897,
  "medianPS": 2.08,
  "hienTaiPS": 5.397193388292268
}