{
  "minPB": 0.4545,
  "maxPB": 2.8489,
  "medianPB": 1.19,
  "hienTaiPB": 2.02882504214039,
  "minPE": -13.5717,
  "maxPE": 407.2225,
  "medianPE": 14.13,
  "hienTaiPE": 17.218035125975483,
  "minPS": 0.7533,
  "maxPS": 6.0557,
  "medianPS": 2.03,
  "hienTaiPS": 5.2001529947514396
}