{
  "minPB": 0.7396,
  "maxPB": 1.918,
  "medianPB": 0.89,
  "hienTaiPB": 0.7691407662001225,
  "minPE": 5.8886,
  "maxPE": 34.6072,
  "medianPE": 9.83,
  "hienTaiPE": 22.405183241234496,
  "minPS": 1.0589,
  "maxPS": 2.5656,
  "medianPS": 1.5,
  "hienTaiPS": 1.5547492921501576
}