{
  "minPB": 0.7387,
  "maxPB": 1.918,
  "medianPB": 0.89,
  "hienTaiPB": 0.7506072537615653,
  "minPE": 5.8886,
  "maxPE": 34.6072,
  "medianPE": 9.83,
  "hienTaiPE": 21.865299307710774,
  "minPS": 1.0589,
  "maxPS": 2.5656,
  "medianPS": 1.5,
  "hienTaiPS": 1.5172854537850937
}