{
  "minPB": 0.7359,
  "maxPB": 1.918,
  "medianPB": 0.89,
  "hienTaiPB": 0.7459738756519261,
  "minPE": 5.8886,
  "maxPE": 34.6072,
  "medianPE": 9.91,
  "hienTaiPE": 21.72509572320065,
  "minPS": 1.0593,
  "maxPS": 2.5795,
  "medianPS": 1.5,
  "hienTaiPS": 1.5083962200678065
}