{
  "minPB": 0.7359,
  "maxPB": 1.918,
  "medianPB": 0.88,
  "hienTaiPB": 0.7487539025177097,
  "minPE": 5.8886,
  "maxPE": 34.6072,
  "medianPE": 10.04,
  "hienTaiPE": 21.806058812852328,
  "minPS": 1.0593,
  "maxPS": 2.5795,
  "medianPS": 1.5,
  "hienTaiPS": 1.51401757244073
}