{
  "minPB": 0.7699,
  "maxPB": 1.9456,
  "medianPB": 1.42,
  "hienTaiPB": 1.4809625703894622,
  "minPE": 3.8434,
  "maxPE": 9.086,
  "medianPE": 6.05,
  "hienTaiPE": 10.40038142196013,
  "minPS": 0.3683,
  "maxPS": 1.0113,
  "medianPS": 0.56,
  "hienTaiPS": 1.052466320739382
}