{
  "minPB": 0.7699,
  "maxPB": 1.9456,
  "medianPB": 1.42,
  "hienTaiPB": 1.3729757162985639,
  "minPE": 3.8434,
  "maxPE": 9.086,
  "medianPE": 6.05,
  "hienTaiPE": 9.642020276608871,
  "minPS": 0.3683,
  "maxPS": 1.0113,
  "medianPS": 0.56,
  "hienTaiPS": 0.9757239848521355
}