{
  "minPB": 0.7699,
  "maxPB": 1.9456,
  "medianPB": 1.42,
  "hienTaiPB": 1.411542449902456,
  "minPE": 3.8434,
  "maxPE": 9.044,
  "medianPE": 6.05,
  "hienTaiPE": 9.91286354280575,
  "minPS": 0.3755,
  "maxPS": 1.016,
  "medianPS": 0.56,
  "hienTaiPS": 1.0031319619547236
}