{
  "minPB": 0.7699,
  "maxPB": 1.9456,
  "medianPB": 1.42,
  "hienTaiPB": 1.426969143344013,
  "minPE": 3.8434,
  "maxPE": 9.1124,
  "medianPE": 6.05,
  "hienTaiPE": 10.0212008492845,
  "minPS": 0.3683,
  "maxPS": 1.0122,
  "medianPS": 0.56,
  "hienTaiPS": 1.014095152795759
}