{
  "minPB": 0.25,
  "maxPB": 0.2954,
  "medianPB": 0.27,
  "hienTaiPB": 0.26408115389180464,
  "minPE": 3.0912,
  "maxPE": 35.2633,
  "medianPE": 3.22,
  "hienTaiPE": 35.2880610900728,
  "minPS": 0.497,
  "maxPS": 4.1672,
  "medianPS": 1.86,
  "hienTaiPS": 1.9135507938950904
}