{
  "minPB": 0.25,
  "maxPB": 0.2954,
  "medianPB": 0.27,
  "hienTaiPB": 0.26861831256666385,
  "minPE": 3.0912,
  "maxPE": 35.2881,
  "medianPE": 3.22,
  "hienTaiPE": 35.89434264456564,
  "minPS": 0.497,
  "maxPS": 4.1672,
  "medianPS": 1.86,
  "hienTaiPS": 1.9464273678434985
}