{
  "minPB": 0.2148,
  "maxPB": 0.9022,
  "medianPB": 0.34,
  "hienTaiPB": 0.29667462029079317,
  "minPE": 3.1045,
  "maxPE": 45.5307,
  "medianPE": 8.59,
  "hienTaiPE": 39.64338980806215,
  "minPS": 0.4948,
  "maxPS": 4.27,
  "medianPS": 1.79,
  "hienTaiPS": 2.149725365932633
}