{
  "minPB": 0.2148,
  "maxPB": 0.9022,
  "medianPB": 0.34,
  "hienTaiPB": 0.27778522499137936,
  "minPE": 3.1045,
  "maxPE": 45.5307,
  "medianPE": 8.62,
  "hienTaiPE": 37.119278846500144,
  "minPS": 0.4948,
  "maxPS": 4.27,
  "medianPS": 1.81,
  "hienTaiPS": 2.012851466229057
}