{
  "minPB": 0.2148,
  "maxPB": 0.9022,
  "medianPB": 0.34,
  "hienTaiPB": 0.30176734941563516,
  "minPE": 3.1045,
  "maxPE": 45.5307,
  "medianPE": 8.56,
  "hienTaiPE": 40.32390992024799,
  "minPS": 0.4943,
  "maxPS": 4.297,
  "medianPS": 1.76,
  "hienTaiPS": 2.1866276428134994
}