{
  "minPB": 0.25,
  "maxPB": 0.2954,
  "medianPB": 0.27,
  "hienTaiPB": 0.26852571749166676,
  "minPE": 3.0912,
  "maxPE": 34.1869,
  "medianPE": 3.22,
  "hienTaiPE": 35.881969551616805,
  "minPS": 0.497,
  "maxPS": 4.1672,
  "medianPS": 1.86,
  "hienTaiPS": 1.9457564173547555
}