{
  "minPB": 0.2148,
  "maxPB": 0.9022,
  "medianPB": 0.34,
  "hienTaiPB": 0.29593385969081615,
  "minPE": 3.1045,
  "maxPE": 45.5307,
  "medianPE": 8.53,
  "hienTaiPE": 39.54440506447148,
  "minPS": 0.4938,
  "maxPS": 4.3241,
  "medianPS": 1.74,
  "hienTaiPS": 2.1443577620226892
}