{
  "minPB": 0.2148,
  "maxPB": 0.9022,
  "medianPB": 0.34,
  "hienTaiPB": 0.287044732491092,
  "minPE": 3.1045,
  "maxPE": 45.5307,
  "medianPE": 8.5,
  "hienTaiPE": 38.35658814138348,
  "minPS": 0.4938,
  "maxPS": 4.3241,
  "medianPS": 1.73,
  "hienTaiPS": 2.079946515103359
}