{
  "minPB": 0.6537,
  "maxPB": 1.4957,
  "medianPB": 0.92,
  "hienTaiPB": 1.5486687460014965,
  "minPE": -24.4552,
  "maxPE": 58.3938,
  "medianPE": 12.92,
  "hienTaiPE": 11.291817166681977,
  "minPS": 1.7934,
  "maxPS": 5.53,
  "medianPS": 2.39,
  "hienTaiPS": 5.030826527951628
}