{
  "minPB": 1.3959,
  "maxPB": 1.7929,
  "medianPB": 1.49,
  "hienTaiPB": 1.475724203617368,
  "minPE": 10.4854,
  "maxPE": 16.9803,
  "medianPE": 14.1,
  "hienTaiPE": 10.75995621317884,
  "minPS": 1.7934,
  "maxPS": 5.586,
  "medianPS": 2.4,
  "hienTaiPS": 4.793867307432167
}