{
  "minPB": 0.6537,
  "maxPB": 1.4916,
  "medianPB": 0.92,
  "hienTaiPB": 1.578576008378989,
  "minPE": -24.4552,
  "maxPE": 58.3938,
  "medianPE": 12.93,
  "hienTaiPE": 11.509880157618262,
  "minPS": 1.7934,
  "maxPS": 5.53,
  "medianPS": 2.39,
  "hienTaiPS": 5.127979808364607
}