{
  "minPB": 0.6537,
  "maxPB": 1.4889,
  "medianPB": 0.92,
  "hienTaiPB": 1.6317133019465042,
  "minPE": -24.4552,
  "maxPE": 58.3938,
  "medianPE": 12.93,
  "hienTaiPE": 11.897320406054778,
  "minPS": 1.7934,
  "maxPS": 5.53,
  "medianPS": 2.39,
  "hienTaiPS": 5.30059548669686
}