{
  "minPB": 0.6537,
  "maxPB": 1.4889,
  "medianPB": 0.92,
  "hienTaiPB": 1.5318353900666977,
  "minPE": -24.4552,
  "maxPE": 58.3938,
  "medianPE": 12.93,
  "hienTaiPE": 11.169080023565868,
  "minPS": 1.7934,
  "maxPS": 5.53,
  "medianPS": 2.39,
  "hienTaiPS": 4.976143630908676
}