{
  "minPB": 0.6537,
  "maxPB": 1.5024,
  "medianPB": 0.92,
  "hienTaiPB": 1.5037797968420328,
  "minPE": -24.4552,
  "maxPE": 58.3938,
  "medianPE": 12.74,
  "hienTaiPE": 10.964518118372354,
  "minPS": 1.7934,
  "maxPS": 5.53,
  "medianPS": 2.4,
  "hienTaiPS": 4.885005469170421
}