{
  "minPB": 0.6537,
  "maxPB": 1.5007,
  "medianPB": 0.92,
  "hienTaiPB": 1.5430576273565635,
  "minPE": -24.4552,
  "maxPE": 58.3938,
  "medianPE": 12.88,
  "hienTaiPE": 11.250904785643273,
  "minPS": 1.7934,
  "maxPS": 5.53,
  "medianPS": 2.39,
  "hienTaiPS": 5.012598895603977
}