{
  "minPB": 1.3959,
  "maxPB": 1.7929,
  "medianPB": 1.49,
  "hienTaiPB": 1.5374465087116305,
  "minPE": 10.4854,
  "maxPE": 16.9803,
  "medianPE": 14.1,
  "hienTaiPE": 11.209992404604572,
  "minPS": 1.7934,
  "maxPS": 5.586,
  "medianPS": 2.4,
  "hienTaiPS": 4.994371263256326
}