{
  "minPB": 0.5899,
  "maxPB": 1.3562,
  "medianPB": 0.97,
  "hienTaiPB": 0.957265348469253,
  "minPE": 5.1343,
  "maxPE": 11.454,
  "medianPE": 7.71,
  "hienTaiPE": 8.111883031117209,
  "minPS": 0.2391,
  "maxPS": 0.5312,
  "medianPS": 0.34,
  "hienTaiPS": 0.3633034727473794
}