{
  "minPB": 0.5899,
  "maxPB": 1.3577,
  "medianPB": 0.97,
  "hienTaiPB": 0.9320741550884831,
  "minPE": 5.1258,
  "maxPE": 11.454,
  "medianPE": 7.71,
  "hienTaiPE": 7.898412425035177,
  "minPS": 0.2405,
  "maxPS": 0.5323,
  "medianPS": 0.35,
  "hienTaiPS": 0.353742855043501
}