{
  "minPB": 0.5899,
  "maxPB": 1.3577,
  "medianPB": 0.97,
  "hienTaiPB": 0.9284754131769446,
  "minPE": 5.1258,
  "maxPE": 11.454,
  "medianPE": 7.71,
  "hienTaiPE": 7.867916624166316,
  "minPS": 0.2405,
  "maxPS": 0.5323,
  "medianPS": 0.35,
  "hienTaiPS": 0.3523770525143755
}