{
  "minPB": 0.5899,
  "maxPB": 1.3577,
  "medianPB": 0.97,
  "hienTaiPB": 0.9608640903807916,
  "minPE": 5.1258,
  "maxPE": 11.454,
  "medianPE": 7.71,
  "hienTaiPE": 8.142378831986072,
  "minPS": 0.2391,
  "maxPS": 0.5323,
  "medianPS": 0.34,
  "hienTaiPS": 0.3646692752765049
}