{
  "minPB": 0.4735,
  "maxPB": 1.1479,
  "medianPB": 0.78,
  "hienTaiPB": 0.6318757460824406,
  "minPE": 5.7966,
  "maxPE": 51.9197,
  "medianPE": 9.04,
  "hienTaiPE": 11.892772975993303,
  "minPS": 0.1497,
  "maxPS": 0.6382,
  "medianPS": 0.26,
  "hienTaiPS": 0.38922325174721223
}