{
  "minPB": 0.4726,
  "maxPB": 1.1479,
  "medianPB": 0.78,
  "hienTaiPB": 0.6257706664101464,
  "minPE": 5.7966,
  "maxPE": 52.0825,
  "medianPE": 9.04,
  "hienTaiPE": 11.777866956901581,
  "minPS": 0.1497,
  "maxPS": 0.5654,
  "medianPS": 0.26,
  "hienTaiPS": 0.38546264061921987
}