{
  "minPB": 0.5315,
  "maxPB": 1.2733,
  "medianPB": 0.89,
  "hienTaiPB": 0.9917116810060428,
  "minPE": 1.5679,
  "maxPE": 12.8079,
  "medianPE": 7.16,
  "hienTaiPE": 9.934056444577367,
  "minPS": 0.1641,
  "maxPS": 0.3895,
  "medianPS": 0.23,
  "hienTaiPS": 0.21632040859180898
}