{
  "minPB": 0.5315,
  "maxPB": 1.2733,
  "medianPB": 0.89,
  "hienTaiPB": 0.9482155546461286,
  "minPE": 1.5679,
  "maxPE": 12.8079,
  "medianPE": 7.23,
  "hienTaiPE": 9.498352214552044,
  "minPS": 0.1641,
  "maxPS": 0.3895,
  "medianPS": 0.23,
  "hienTaiPS": 0.20683267137286998
}