{
  "minPB": 0.529,
  "maxPB": 3.1317,
  "medianPB": 1.56,
  "hienTaiPB": 2.5130037573863224,
  "minPE": 8.5293,
  "maxPE": 54.0825,
  "medianPE": 21.1,
  "hienTaiPE": 31.70895750636278,
  "minPS": 0.0683,
  "maxPS": 6.2553,
  "medianPS": 3.29,
  "hienTaiPS": 5.088683826403742
}