{
  "minPB": 0.529,
  "maxPB": 3.1317,
  "medianPB": 1.55,
  "hienTaiPB": 2.381334398840632,
  "minPE": 8.5293,
  "maxPE": 54.0825,
  "medianPE": 21.05,
  "hienTaiPE": 30.047560032227008,
  "minPS": 0.0683,
  "maxPS": 6.2553,
  "medianPS": 3.28,
  "hienTaiPS": 4.822061170828696
}