{
  "minPB": 0.5284,
  "maxPB": 3.1317,
  "medianPB": 1.54,
  "hienTaiPB": 2.196997296876665,
  "minPE": 8.5251,
  "maxPE": 54.1622,
  "medianPE": 21.02,
  "hienTaiPE": 27.721603568436922,
  "minPS": 0.0683,
  "maxPS": 6.2405,
  "medianPS": 3.37,
  "hienTaiPS": 4.448789453023631
}