{
  "minPB": 0.5284,
  "maxPB": 3.1317,
  "medianPB": 1.55,
  "hienTaiPB": 2.166901443494793,
  "minPE": 8.5251,
  "maxPE": 54.1622,
  "medianPE": 21.04,
  "hienTaiPE": 27.341855574348745,
  "minPS": 0.0683,
  "maxPS": 6.2405,
  "medianPS": 3.38,
  "hienTaiPS": 4.387847131749335
}