{
  "minPB": 0.529,
  "maxPB": 3.1317,
  "medianPB": 1.55,
  "hienTaiPB": 2.3211426920768874,
  "minPE": 8.5293,
  "maxPE": 54.0825,
  "medianPE": 21.05,
  "hienTaiPE": 29.288064044050653,
  "minPS": 0.0683,
  "maxPS": 6.2568,
  "medianPS": 3.28,
  "hienTaiPS": 4.700176528280103
}