{
  "minPB": 0.5284,
  "maxPB": 3.1317,
  "medianPB": 1.55,
  "hienTaiPB": 2.174425406840261,
  "minPE": 8.5251,
  "maxPE": 54.1622,
  "medianPE": 21.05,
  "hienTaiPE": 27.43679257287079,
  "minPS": 0.0683,
  "maxPS": 6.2405,
  "medianPS": 3.38,
  "hienTaiPS": 4.403082712067908
}