{
  "minPB": 0.529,
  "maxPB": 3.1317,
  "medianPB": 1.55,
  "hienTaiPB": 2.437764123931642,
  "minPE": 8.5293,
  "maxPE": 54.0825,
  "medianPE": 21.06,
  "hienTaiPE": 30.75958752114234,
  "minPS": 0.0683,
  "maxPS": 6.2553,
  "medianPS": 3.28,
  "hienTaiPS": 4.936328023218001
}