{
  "minPB": 0.5284,
  "maxPB": 3.1317,
  "medianPB": 1.55,
  "hienTaiPB": 2.212045223567601,
  "minPE": 8.5251,
  "maxPE": 54.1622,
  "medianPE": 21.04,
  "hienTaiPE": 27.91147756548101,
  "minPS": 0.0683,
  "maxPS": 6.2405,
  "medianPS": 3.38,
  "hienTaiPS": 4.479260613660779
}