{
  "minPB": 0.529,
  "maxPB": 3.1317,
  "medianPB": 1.56,
  "hienTaiPB": 2.415192233895238,
  "minPE": 8.5293,
  "maxPE": 54.0825,
  "medianPE": 21.08,
  "hienTaiPE": 30.474776525576207,
  "minPS": 0.0683,
  "maxPS": 6.2553,
  "medianPS": 3.28,
  "hienTaiPS": 4.890621282262279
}