{
  "minPB": 0.3149,
  "maxPB": 2.0687,
  "medianPB": 0.6,
  "hienTaiPB": 1.1640198658394534,
  "minPE": -166.6308,
  "maxPE": 490.8026,
  "medianPE": 8.1,
  "hienTaiPE": 112.08917656854118,
  "minPS": 1.9103,
  "maxPS": 11.9849,
  "medianPS": 3.56,
  "hienTaiPS": 4.944248855347461
}