{
  "minPB": 0.3149,
  "maxPB": 2.0687,
  "medianPB": 0.6,
  "hienTaiPB": 1.3177583386861735,
  "minPE": -166.6308,
  "maxPE": 490.8026,
  "medianPE": 8.1,
  "hienTaiPE": 126.89340743608435,
  "minPS": 1.9103,
  "maxPS": 11.9849,
  "medianPS": 3.55,
  "hienTaiPS": 5.597262855110333
}