{
  "minPB": 1.0949,
  "maxPB": 1.2659,
  "medianPB": 1.17,
  "hienTaiPB": 1.2079451437956592,
  "minPE": 25.4984,
  "maxPE": 117.3764,
  "medianPE": 27.21,
  "hienTaiPE": 116.31895681641066,
  "minPS": 1.8872,
  "maxPS": 6.0246,
  "medianPS": 3.49,
  "hienTaiPS": 5.130824283851139
}