{
  "minPB": 0.6996,
  "maxPB": 2.7316,
  "medianPB": 1.08,
  "hienTaiPB": 0.8335472230618008,
  "minPE": 3.3972,
  "maxPE": 15.7152,
  "medianPE": 7.78,
  "hienTaiPE": 9.766014497053998,
  "minPS": 0.3232,
  "maxPS": 1.1622,
  "medianPS": 0.59,
  "hienTaiPS": 0.35826756111139324
}