{
  "minPB": 0.6996,
  "maxPB": 2.7316,
  "medianPB": 1.08,
  "hienTaiPB": 0.8606104445897814,
  "minPE": 3.3972,
  "maxPE": 15.7152,
  "medianPE": 7.77,
  "hienTaiPE": 10.083092889815493,
  "minPS": 0.33,
  "maxPS": 1.1377,
  "medianPS": 0.59,
  "hienTaiPS": 0.3698996247838411
}