{
  "minPB": 1.4087,
  "maxPB": 6.6381,
  "medianPB": 2.8,
  "hienTaiPB": 3.2483081273785763,
  "minPE": -109.052,
  "maxPE": 928.355,
  "medianPE": -26.65,
  "hienTaiPE": -18.0787,
  "minPS": 0.9178,
  "maxPS": 5.2099,
  "medianPS": 2.35,
  "hienTaiPS": 2.308521104478375
}