{
  "minPB": 1.4087,
  "maxPB": 6.6381,
  "medianPB": 2.8,
  "hienTaiPB": 3.2015698809414745,
  "minPE": -109.052,
  "maxPE": 928.355,
  "medianPE": -26.66,
  "hienTaiPE": -17.2984,
  "minPS": 0.9178,
  "maxPS": 5.2099,
  "medianPS": 2.35,
  "hienTaiPS": 2.2753049734786863
}