{
  "minPB": 1.4087,
  "maxPB": 6.6381,
  "medianPB": 2.81,
  "hienTaiPB": 3.1314625112858216,
  "minPE": -109.052,
  "maxPE": 928.355,
  "medianPE": -26.65,
  "hienTaiPE": -15.7935,
  "minPS": 0.9178,
  "maxPS": 5.2099,
  "medianPS": 2.35,
  "hienTaiPS": 2.225480776979153
}