{
  "minPB": 2.5674,
  "maxPB": 3.6497,
  "medianPB": 3.05,
  "hienTaiPB": 3.3885228666898817,
  "minPE": -30.3286,
  "maxPE": -21.3348,
  "medianPE": -25.37,
  "hienTaiPE": -26.6524,
  "minPS": 0.9178,
  "maxPS": 5.2099,
  "medianPS": 2.34,
  "hienTaiPS": 2.530029367134836
}