{
  "minPB": 2.5674,
  "maxPB": 3.6533,
  "medianPB": 3.05,
  "hienTaiPB": 3.6455832220939417,
  "minPE": -30.3286,
  "maxPE": -21.2558,
  "medianPE": -25.37,
  "hienTaiPE": -18.8591,
  "minPS": 0.9178,
  "maxPS": 5.2099,
  "medianPS": 2.34,
  "hienTaiPS": 2.5908582179757307
}