{
  "minPB": 0.2862,
  "maxPB": 4.6891,
  "medianPB": 1.23,
  "hienTaiPB": 1.5651328965896807,
  "minPE": -65.2035,
  "maxPE": 61.9467,
  "medianPE": 10.53,
  "hienTaiPE": 13.344733740956709,
  "minPS": 0.7289,
  "maxPS": 6.9238,
  "medianPS": 2,
  "hienTaiPS": 2.3679066345322872
}