{
  "minPB": 0.2862,
  "maxPB": 4.6891,
  "medianPB": 1.22,
  "hienTaiPB": 1.5098929120041624,
  "minPE": -65.2035,
  "maxPE": 62.355,
  "medianPE": 10.45,
  "hienTaiPE": 12.873743138334708,
  "minPS": 0.7156,
  "maxPS": 6.3415,
  "medianPS": 1.96,
  "hienTaiPS": 2.2843334591958535
}