{
  "minPB": 0.2862,
  "maxPB": 4.6891,
  "medianPB": 1.23,
  "hienTaiPB": 1.5467195683945079,
  "minPE": -65.2035,
  "maxPE": 62.1509,
  "medianPE": 10.51,
  "hienTaiPE": 13.187736873416043,
  "minPS": 0.7289,
  "maxPS": 6.9238,
  "medianPS": 2,
  "hienTaiPS": 2.3400489094201427
}