{
  "minPB": 0.2862,
  "maxPB": 4.6891,
  "medianPB": 1.23,
  "hienTaiPB": 1.5958217769149685,
  "minPE": -65.2035,
  "maxPE": 61.9467,
  "medianPE": 10.54,
  "hienTaiPE": 13.60639518685782,
  "minPS": 0.7289,
  "maxPS": 6.9047,
  "medianPS": 2.01,
  "hienTaiPS": 2.4143361763858615
}