{
  "minPB": 0.2862,
  "maxPB": 4.6891,
  "medianPB": 1.22,
  "hienTaiPB": 1.5405817923294503,
  "minPE": -65.2035,
  "maxPE": 62.355,
  "medianPE": 10.46,
  "hienTaiPE": 13.13540458423582,
  "minPS": 0.7156,
  "maxPS": 6.3415,
  "medianPS": 1.96,
  "hienTaiPS": 2.330763001049428
}