{
  "minPB": 0.2862,
  "maxPB": 4.6891,
  "medianPB": 1.23,
  "hienTaiPB": 1.5221684641342776,
  "minPE": -65.2035,
  "maxPE": 62.355,
  "medianPE": 10.5,
  "hienTaiPE": 12.978407716695152,
  "minPS": 0.7289,
  "maxPS": 6.9238,
  "medianPS": 2,
  "hienTaiPS": 2.3029052759372832
}