{
  "minPB": 0.5002,
  "maxPB": 2.9618,
  "medianPB": 1.4,
  "hienTaiPB": 1.9699713073728873,
  "minPE": 2.8671,
  "maxPE": 15.4299,
  "medianPE": 6.52,
  "hienTaiPE": 9.923842072464948,
  "minPS": 0.4447,
  "maxPS": 2.3112,
  "medianPS": 1.42,
  "hienTaiPS": 1.6170588401503345
}