{
  "minPB": 0.4996,
  "maxPB": 2.9664,
  "medianPB": 1.39,
  "hienTaiPB": 2.0032978896404736,
  "minPE": 2.8626,
  "maxPE": 15.4314,
  "medianPE": 6.51,
  "hienTaiPE": 10.09172661880364,
  "minPS": 0.4447,
  "maxPS": 2.3078,
  "medianPS": 1.43,
  "hienTaiPS": 1.6444150987243062
}