{
  "minPB": 0.5002,
  "maxPB": 2.9618,
  "medianPB": 1.39,
  "hienTaiPB": 1.9995949360551863,
  "minPE": 2.8671,
  "maxPE": 15.4299,
  "medianPE": 6.52,
  "hienTaiPE": 10.073072780321564,
  "minPS": 0.4447,
  "maxPS": 2.3112,
  "medianPS": 1.42,
  "hienTaiPS": 1.6413755144383095
}