{
  "minPB": 0.5002,
  "maxPB": 2.9618,
  "medianPB": 1.39,
  "hienTaiPB": 1.9514565394464503,
  "minPE": 2.8671,
  "maxPE": 15.4299,
  "medianPE": 6.52,
  "hienTaiPE": 9.830572880054563,
  "minPS": 0.4447,
  "maxPS": 2.3112,
  "medianPS": 1.42,
  "hienTaiPS": 1.60186091872035
}