{
  "minPB": 0.5002,
  "maxPB": 2.9618,
  "medianPB": 1.39,
  "hienTaiPB": 1.9625654002023125,
  "minPE": 2.8671,
  "maxPE": 15.4299,
  "medianPE": 6.51,
  "hienTaiPE": 9.886534395500794,
  "minPS": 0.4447,
  "maxPS": 2.3078,
  "medianPS": 1.43,
  "hienTaiPS": 1.6109796715783407
}