{
  "minPB": 0.5002,
  "maxPB": 2.9618,
  "medianPB": 1.39,
  "hienTaiPB": 1.9921890288846116,
  "minPE": 2.8671,
  "maxPE": 15.4299,
  "medianPE": 6.52,
  "hienTaiPE": 10.03576510335741,
  "minPS": 0.4447,
  "maxPS": 2.3112,
  "medianPS": 1.42,
  "hienTaiPS": 1.6352963458663157
}