{
  "minPB": 0.5002,
  "maxPB": 2.9618,
  "medianPB": 1.39,
  "hienTaiPB": 1.929238817934726,
  "minPE": 2.8671,
  "maxPE": 15.4299,
  "medianPE": 6.51,
  "hienTaiPE": 9.718649849162102,
  "minPS": 0.4447,
  "maxPS": 2.3078,
  "medianPS": 1.43,
  "hienTaiPS": 1.583623413004369
}