{
  "minPB": 0.1559,
  "maxPB": 1.5204,
  "medianPB": 0.43,
  "hienTaiPB": 0.1559398707184126,
  "minPE": -72.9638,
  "maxPE": 111.0524,
  "medianPE": 8.16,
  "hienTaiPE": -33.6822,
  "minPS": 0.262,
  "maxPS": 1.79,
  "medianPS": 0.54,
  "hienTaiPS": 1.3578055805052878
}