{
  "minPB": 0.1559,
  "maxPB": 0.1561,
  "medianPB": 0.16,
  "hienTaiPB": 0.1559398707184126,
  "minPE": -33.6822,
  "maxPE": 3.8186,
  "medianPE": -33.68,
  "hienTaiPE": -33.6822,
  "minPS": 0.262,
  "maxPS": 1.7625,
  "medianPS": 0.54,
  "hienTaiPS": 1.3578055805052878
}