{
  "minPB": 0.5472,
  "maxPB": 1.6291,
  "medianPB": 0.95,
  "hienTaiPB": 1.0185891190533034,
  "minPE": 10.2917,
  "maxPE": 91.6596,
  "medianPE": 27.12,
  "hienTaiPE": 27.01025007044034,
  "minPS": 0.1825,
  "maxPS": 1.1064,
  "medianPS": 0.44,
  "hienTaiPS": 0.5590400451496286
}