{
  "minPB": 0.9184,
  "maxPB": 1.0133,
  "medianPB": 0.96,
  "hienTaiPB": 0.9691430453128517,
  "minPE": 22.329,
  "maxPE": 25.4368,
  "medianPE": 23.26,
  "hienTaiPE": 25.699072882554884,
  "minPS": 0.1825,
  "maxPS": 1.1064,
  "medianPS": 0.44,
  "hienTaiPS": 0.5319021788802292
}