{
  "minPB": 0.9184,
  "maxPB": 1.0133,
  "medianPB": 0.96,
  "hienTaiPB": 0.9862513868270479,
  "minPE": 22.329,
  "maxPE": 26.1527,
  "medianPE": 23.27,
  "hienTaiPE": 26.15274018956325,
  "minPS": 0.1825,
  "maxPS": 1.1064,
  "medianPS": 0.44,
  "hienTaiPS": 0.5412918806094413
}