{
  "minPB": 0.5472,
  "maxPB": 1.6345,
  "medianPB": 0.95,
  "hienTaiPB": 0.9889214748090324,
  "minPE": 10.2917,
  "maxPE": 91.9617,
  "medianPE": 27.07,
  "hienTaiPE": 26.223543757709066,
  "minPS": 0.1825,
  "maxPS": 1.1083,
  "medianPS": 0.44,
  "hienTaiPS": 0.5427573253879889
}