{
  "minPB": 0.9184,
  "maxPB": 1.0133,
  "medianPB": 0.96,
  "hienTaiPB": 0.9975250916398709,
  "minPE": 22.329,
  "maxPE": 25.7384,
  "medianPE": 23.26,
  "hienTaiPE": 26.451688588401133,
  "minPS": 0.1825,
  "maxPS": 1.1064,
  "medianPS": 0.44,
  "hienTaiPS": 0.5474793141188644
}