{
  "minPB": 0.5472,
  "maxPB": 1.6318,
  "medianPB": 0.95,
  "hienTaiPB": 0.9963383858701002,
  "minPE": 10.2917,
  "maxPE": 91.8107,
  "medianPE": 27.07,
  "hienTaiPE": 26.420220335891884,
  "minPS": 0.1825,
  "maxPS": 1.1083,
  "medianPS": 0.44,
  "hienTaiPS": 0.5468280053283988
}