{
  "minPB": 0.5472,
  "maxPB": 1.6291,
  "medianPB": 0.95,
  "hienTaiPB": 1.050630174837116,
  "minPE": 10.2917,
  "maxPE": 91.6596,
  "medianPE": 27.07,
  "hienTaiPE": 27.85989288819011,
  "minPS": 0.1825,
  "maxPS": 1.1083,
  "medianPS": 0.44,
  "hienTaiPS": 0.5766253824921994
}