{
  "minPB": 0.9184,
  "maxPB": 1.0133,
  "medianPB": 0.96,
  "hienTaiPB": 0.9889214748090324,
  "minPE": 22.329,
  "maxPE": 26.2235,
  "medianPE": 23.27,
  "hienTaiPE": 26.223543757709066,
  "minPS": 0.1825,
  "maxPS": 1.1064,
  "medianPS": 0.44,
  "hienTaiPS": 0.5427573253879889
}