{
  "minPB": 0.2063,
  "maxPB": 1.1722,
  "medianPB": 0.39,
  "hienTaiPB": 0.40703530947583083,
  "minPE": -52.4313,
  "maxPE": 83.9383,
  "medianPE": 10.38,
  "hienTaiPE": 42.559953055566034,
  "minPS": 0.3145,
  "maxPS": 2.297,
  "medianPS": 0.71,
  "hienTaiPS": 1.173419150709755
}