{
  "minPB": 0.2063,
  "maxPB": 1.1722,
  "medianPB": 0.39,
  "hienTaiPB": 0.4336209490587117,
  "minPE": -52.4313,
  "maxPE": 83.9382,
  "medianPE": 10.39,
  "hienTaiPE": 45.33976980919535,
  "minPS": 0.3156,
  "maxPS": 2.2698,
  "medianPS": 0.73,
  "hienTaiPS": 1.2500613925353923
}