{
  "minPB": 0.2063,
  "maxPB": 1.1722,
  "medianPB": 0.39,
  "hienTaiPB": 0.45012238052394804,
  "minPE": -52.4313,
  "maxPE": 83.9382,
  "medianPE": 10.39,
  "hienTaiPE": 47.06517331144803,
  "minPS": 0.3156,
  "maxPS": 2.2698,
  "medianPS": 0.73,
  "hienTaiPS": 1.2976324391857876
}