{
  "minPB": 0.2063,
  "maxPB": 1.1722,
  "medianPB": 0.39,
  "hienTaiPB": 0.45470611148651374,
  "minPE": -52.4313,
  "maxPE": 83.9382,
  "medianPE": 10.39,
  "hienTaiPE": 47.54445206207377,
  "minPS": 0.3156,
  "maxPS": 2.2698,
  "medianPS": 0.73,
  "hienTaiPS": 1.3108466188108976
}