{
  "minPB": 0.2063,
  "maxPB": 1.1722,
  "medianPB": 0.39,
  "hienTaiPB": 0.41070229424588334,
  "minPE": -52.4313,
  "maxPE": 83.9383,
  "medianPE": 10.36,
  "hienTaiPE": 42.94337605606663,
  "minPS": 0.3145,
  "maxPS": 2.297,
  "medianPS": 0.71,
  "hienTaiPS": 1.183990494409843
}