{
  "minPB": 0.2063,
  "maxPB": 1.1722,
  "medianPB": 0.39,
  "hienTaiPB": 0.4235367409410672,
  "minPE": -52.4313,
  "maxPE": 83.9382,
  "medianPE": 10.39,
  "hienTaiPE": 44.285356557818716,
  "minPS": 0.3156,
  "maxPS": 2.2698,
  "medianPS": 0.72,
  "hienTaiPS": 1.2209901973601505
}