{
  "minPB": 0.261,
  "maxPB": 2.1205,
  "medianPB": 0.47,
  "hienTaiPB": 0.29508582905021474,
  "minPE": -67.6164,
  "maxPE": 775.4459,
  "medianPE": 22.85,
  "hienTaiPE": 32.22703090148714,
  "minPS": 1.8715,
  "maxPS": 44.3032,
  "medianPS": 6.41,
  "hienTaiPS": 17.831450034279865
}