{
  "minPB": 0.261,
  "maxPB": 2.1205,
  "medianPB": 0.47,
  "hienTaiPB": 0.298641080002627,
  "minPE": -67.6164,
  "maxPE": 775.4459,
  "medianPE": 22.81,
  "hienTaiPE": 32.61530838222795,
  "minPS": 1.8715,
  "maxPS": 44.3032,
  "medianPS": 6.41,
  "hienTaiPS": 18.046286781680823
}