{
  "minPB": 0.261,
  "maxPB": 2.1205,
  "medianPB": 0.47,
  "hienTaiPB": 0.3066403946455545,
  "minPE": -67.6164,
  "maxPE": 775.4459,
  "medianPE": 22.91,
  "hienTaiPE": 33.48893271389477,
  "minPS": 1.8655,
  "maxPS": 44.0881,
  "medianPS": 6.1,
  "hienTaiPS": 18.52966946333299
}