{
  "minPB": 0.261,
  "maxPB": 2.1205,
  "medianPB": 0.47,
  "hienTaiPB": 0.3021963309550392,
  "minPE": -67.6164,
  "maxPE": 775.4459,
  "medianPE": 22.86,
  "hienTaiPE": 33.00358586296876,
  "minPS": 1.8655,
  "maxPS": 44.0881,
  "medianPS": 6.09,
  "hienTaiPS": 18.261123529081786
}