{
  "minPB": 0.261,
  "maxPB": 2.1205,
  "medianPB": 0.47,
  "hienTaiPB": 0.3084180201217606,
  "minPE": -67.6164,
  "maxPE": 775.4459,
  "medianPE": 22.89,
  "hienTaiPE": 33.683071454265175,
  "minPS": 1.8655,
  "maxPS": 44.0881,
  "medianPS": 6.1,
  "hienTaiPS": 18.637087837033473
}