{
  "minPB": 0.261,
  "maxPB": 2.1205,
  "medianPB": 0.47,
  "hienTaiPB": 0.3110844583360698,
  "minPE": -67.6164,
  "maxPE": 775.4459,
  "medianPE": 22.87,
  "hienTaiPE": 33.97427956482078,
  "minPS": 1.8655,
  "maxPS": 44.0881,
  "medianPS": 6.1,
  "hienTaiPS": 18.798215397584194
}