{
  "minPB": 0.261,
  "maxPB": 2.1205,
  "medianPB": 0.47,
  "hienTaiPB": 0.2977522672645239,
  "minPE": -67.6164,
  "maxPE": 775.4459,
  "medianPE": 22.86,
  "hienTaiPE": 32.51823901204275,
  "minPS": 1.8655,
  "maxPS": 44.0881,
  "medianPS": 6.09,
  "hienTaiPS": 17.992577594830585
}