{
  "minPB": 0.2428,
  "maxPB": 0.8754,
  "medianPB": 0.44,
  "hienTaiPB": 0.49162382074766625,
  "minPE": -339.0734,
  "maxPE": 132.1084,
  "medianPE": 10.62,
  "hienTaiPE": -6.3838,
  "minPS": 0.1403,
  "maxPS": 1.6489,
  "medianPS": 0.45,
  "hienTaiPS": 0.9111117704412088
}