{
  "minPB": 0.7258,
  "maxPB": 3.469,
  "medianPB": 1.6,
  "hienTaiPB": 1.5322946538220419,
  "minPE": -4.6571,
  "maxPE": 61.5632,
  "medianPE": 5.39,
  "hienTaiPE": 6.205343851667632,
  "minPS": 0.0711,
  "maxPS": 0.3896,
  "medianPS": 0.17,
  "hienTaiPS": 0.08795335545888494
}