{
  "minPB": 0.7258,
  "maxPB": 3.469,
  "medianPB": 1.6,
  "hienTaiPB": 1.536327008174205,
  "minPE": -4.6571,
  "maxPE": 61.5632,
  "medianPE": 5.39,
  "hienTaiPE": 6.221673703908862,
  "minPS": 0.0712,
  "maxPS": 0.3915,
  "medianPS": 0.17,
  "hienTaiPS": 0.08818481165746095
}