{
  "minPB": 0.7258,
  "maxPB": 3.469,
  "medianPB": 1.6,
  "hienTaiPB": 1.5887476147523276,
  "minPE": -4.6571,
  "maxPE": 61.5632,
  "medianPE": 5.39,
  "hienTaiPE": 6.43396178304486,
  "minPS": 0.0712,
  "maxPS": 0.3915,
  "medianPS": 0.17,
  "hienTaiPS": 0.09119374223894912
}