{
  "minPB": 0.7258,
  "maxPB": 3.469,
  "medianPB": 1.6,
  "hienTaiPB": 1.6048770321609807,
  "minPE": -4.6571,
  "maxPE": 61.5632,
  "medianPE": 5.39,
  "hienTaiPE": 6.499281192009782,
  "minPS": 0.0711,
  "maxPS": 0.3896,
  "medianPS": 0.17,
  "hienTaiPS": 0.09211956703325318
}