{
  "minPB": 0.4714,
  "maxPB": 2.5495,
  "medianPB": 1.23,
  "hienTaiPB": 1.4775901958453717,
  "minPE": -9.3304,
  "maxPE": 32.9018,
  "medianPE": 7.84,
  "hienTaiPE": 14.228061516366779,
  "minPS": 0.052,
  "maxPS": 0.3953,
  "medianPS": 0.13,
  "hienTaiPS": 0.32251660571056245
}