{
  "minPB": 0.4714,
  "maxPB": 2.5491,
  "medianPB": 1.23,
  "hienTaiPB": 1.5133023455939003,
  "minPE": -9.2786,
  "maxPE": 32.9018,
  "medianPE": 7.84,
  "hienTaiPE": 14.571942157245735,
  "minPS": 0.052,
  "maxPS": 0.3953,
  "medianPS": 0.13,
  "hienTaiPS": 0.33031156899057607
}