{
  "minPB": 0.4714,
  "maxPB": 2.5491,
  "medianPB": 1.23,
  "hienTaiPB": 1.5043743081567682,
  "minPE": -9.2786,
  "maxPE": 32.9018,
  "medianPE": 7.84,
  "hienTaiPE": 14.485971997025995,
  "minPS": 0.052,
  "maxPS": 0.3953,
  "medianPS": 0.13,
  "hienTaiPS": 0.32836282817057266
}