{
  "minPB": 0.4714,
  "maxPB": 2.5491,
  "medianPB": 1.23,
  "hienTaiPB": 1.553478514060995,
  "minPE": -9.2786,
  "maxPE": 32.9018,
  "medianPE": 7.85,
  "hienTaiPE": 14.958807878234559,
  "minPS": 0.0523,
  "maxPS": 0.3949,
  "medianPS": 0.13,
  "hienTaiPS": 0.3390809026805913
}