{
  "minPB": 0.4714,
  "maxPB": 2.5491,
  "medianPB": 1.23,
  "hienTaiPB": 1.5668705702166932,
  "minPE": -9.2786,
  "maxPE": 32.9018,
  "medianPE": 7.85,
  "hienTaiPE": 15.087763118564167,
  "minPS": 0.0523,
  "maxPS": 0.3949,
  "medianPS": 0.13,
  "hienTaiPS": 0.3420040139105964
}