{
  "minPB": 0.558,
  "maxPB": 6.8687,
  "medianPB": 1.05,
  "hienTaiPB": 1.3874648554465103,
  "minPE": -2.6835,
  "maxPE": 65.2986,
  "medianPE": 7.38,
  "hienTaiPE": 2.6403036879906927,
  "minPS": 0.1288,
  "maxPS": 0.5871,
  "medianPS": 0.27,
  "hienTaiPS": 0.35165170384871197
}