{
  "minPB": 0.558,
  "maxPB": 6.8687,
  "medianPB": 1.05,
  "hienTaiPB": 1.4115348777219145,
  "minPE": -2.6835,
  "maxPE": 65.2986,
  "medianPE": 7.39,
  "hienTaiPE": 2.6861082129372478,
  "minPS": 0.1288,
  "maxPS": 0.5871,
  "medianPS": 0.27,
  "hienTaiPS": 0.3577522290703749
}