{
  "minPB": 0.558,
  "maxPB": 6.8687,
  "medianPB": 1.05,
  "hienTaiPB": 1.5688496661647346,
  "minPE": -2.6835,
  "maxPE": 65.2986,
  "medianPE": 7.36,
  "hienTaiPE": 2.985473500980802,
  "minPS": 0.1294,
  "maxPS": 0.5878,
  "medianPS": 0.28,
  "hienTaiPS": 0.39762351891195746
}