{
  "minPB": 0.558,
  "maxPB": 6.8687,
  "medianPB": 1.05,
  "hienTaiPB": 1.5252227507905645,
  "minPE": -2.6835,
  "maxPE": 65.2986,
  "medianPE": 7.36,
  "hienTaiPE": 2.9024527995151717,
  "minPS": 0.1294,
  "maxPS": 0.5878,
  "medianPS": 0.28,
  "hienTaiPS": 0.38656631694769344
}