{
  "minPB": 0.558,
  "maxPB": 6.8687,
  "medianPB": 1.05,
  "hienTaiPB": 1.5987222830958165,
  "minPE": -2.6835,
  "maxPE": 65.2986,
  "medianPE": 7.36,
  "hienTaiPE": 3.0423201881912583,
  "minPS": 0.1294,
  "maxPS": 0.5878,
  "medianPS": 0.28,
  "hienTaiPS": 0.4051947064638427
}