{
  "minPB": 0.558,
  "maxPB": 6.8687,
  "medianPB": 1.05,
  "hienTaiPB": 1.3741403788297688,
  "minPE": -2.6835,
  "maxPE": 65.2986,
  "medianPE": 7.38,
  "hienTaiPE": 2.614947611680993,
  "minPS": 0.1288,
  "maxPS": 0.5871,
  "medianPS": 0.27,
  "hienTaiPS": 0.34827462738672005
}