{
  "minPB": 0.4709,
  "maxPB": 0.6401,
  "medianPB": 0.53,
  "hienTaiPB": 0.5227475186571917,
  "minPE": -48.3544,
  "maxPE": 571.4253,
  "medianPE": -39.14,
  "hienTaiPE": 566.3233161495448,
  "minPS": 0.1813,
  "maxPS": 0.6452,
  "medianPS": 0.34,
  "hienTaiPS": 0.36126163968289116
}