{
  "minPB": 0.4301,
  "maxPB": 1.1677,
  "medianPB": 0.59,
  "hienTaiPB": 0.5086192073421325,
  "minPE": -48.3544,
  "maxPE": 142.4806,
  "medianPE": 8.21,
  "hienTaiPE": 551.0172805779355,
  "minPS": 0.1813,
  "maxPS": 0.645,
  "medianPS": 0.34,
  "hienTaiPS": 0.3514978115833535
}