{
  "minPB": 0.4301,
  "maxPB": 1.1846,
  "medianPB": 0.59,
  "hienTaiPB": 0.47094371050197453,
  "minPE": -48.3544,
  "maxPE": 142.4806,
  "medianPE": 8.16,
  "hienTaiPE": 510.20118572031066,
  "minPS": 0.1813,
  "maxPS": 0.6452,
  "medianPS": 0.34,
  "hienTaiPS": 0.32546093665125325
}