{
  "minPB": 0.4709,
  "maxPB": 0.6401,
  "medianPB": 0.53,
  "hienTaiPB": 0.47094371050197453,
  "minPE": -48.3544,
  "maxPE": 571.4253,
  "medianPE": -39.91,
  "hienTaiPE": 510.20118572031066,
  "minPS": 0.1813,
  "maxPS": 0.6452,
  "medianPS": 0.34,
  "hienTaiPS": 0.32546093665125325
}