{
  "minPB": 0.4301,
  "maxPB": 1.1762,
  "medianPB": 0.59,
  "hienTaiPB": 0.480362584712014,
  "minPE": -48.3544,
  "maxPE": 142.4806,
  "medianPE": 8.16,
  "hienTaiPE": 520.4052094347169,
  "minPS": 0.1813,
  "maxPS": 0.6451,
  "medianPS": 0.34,
  "hienTaiPS": 0.3319701553842783
}