{
  "minPB": 0.4301,
  "maxPB": 1.1677,
  "medianPB": 0.59,
  "hienTaiPB": 0.48130447213301797,
  "minPE": -48.3544,
  "maxPE": 142.4806,
  "medianPE": 8.19,
  "hienTaiPE": 521.4256118061575,
  "minPS": 0.1813,
  "maxPS": 0.645,
  "medianPS": 0.34,
  "hienTaiPS": 0.33262107725758083
}