{
  "minPB": 0.4709,
  "maxPB": 0.6401,
  "medianPB": 0.53,
  "hienTaiPB": 0.49816425696898864,
  "minPE": -48.3544,
  "maxPE": 571.4253,
  "medianPE": -39.14,
  "hienTaiPE": 539.6908142549446,
  "minPS": 0.1813,
  "maxPS": 0.6452,
  "medianPS": 0.34,
  "hienTaiPS": 0.3442725787896957
}