{
  "minPB": 0.1711,
  "maxPB": 1.4108,
  "medianPB": 0.45,
  "hienTaiPB": 0.6168814665671957,
  "minPE": 8.6266,
  "maxPE": 830.9236,
  "medianPE": 40.89,
  "hienTaiPE": 39.95729967348882,
  "minPS": 4.889,
  "maxPS": 25.4591,
  "medianPS": 7.64,
  "hienTaiPS": 9.008963147483604
}