{
  "minPB": 0.1711,
  "maxPB": 1.4108,
  "medianPB": 0.45,
  "hienTaiPB": 0.6078096802941487,
  "minPE": 8.6266,
  "maxPE": 830.9236,
  "medianPE": 40.89,
  "hienTaiPE": 39.36969232534928,
  "minPS": 4.889,
  "maxPS": 25.4591,
  "medianPS": 7.65,
  "hienTaiPS": 8.876478395314725
}