{
  "minPB": 0.1711,
  "maxPB": 1.4108,
  "medianPB": 0.45,
  "hienTaiPB": 0.6350250391132897,
  "minPE": 8.6266,
  "maxPE": 830.6741,
  "medianPE": 40.89,
  "hienTaiPE": 41.1325143697679,
  "minPS": 4.889,
  "maxPS": 25.6628,
  "medianPS": 7.68,
  "hienTaiPS": 9.273932651821356
}