{
  "minPB": 0.1626,
  "maxPB": 1.1453,
  "medianPB": 0.41,
  "hienTaiPB": 0.6531686116593837,
  "minPE": 8.6266,
  "maxPE": 830.6741,
  "medianPE": 40.89,
  "hienTaiPE": 42.30772906604698,
  "minPS": 4.889,
  "maxPS": 25.6628,
  "medianPS": 7.68,
  "hienTaiPS": 9.538902156159109
}