{
  "minPB": 0.7098,
  "maxPB": 1.2172,
  "medianPB": 0.87,
  "hienTaiPB": 0.8321251405391074,
  "minPE": 1.6098,
  "maxPE": 17.1166,
  "medianPE": 7.29,
  "hienTaiPE": 15.932675697641757,
  "minPS": 1.8279,
  "maxPS": 13.5725,
  "medianPS": 4.8,
  "hienTaiPS": 7.37845624832696
}