{
  "minPB": 0.7704,
  "maxPB": 0.814,
  "medianPB": 0.79,
  "hienTaiPB": 0.8024063855198535,
  "minPE": 13.1465,
  "maxPE": 14.7946,
  "medianPE": 13.73,
  "hienTaiPE": 15.363651565583123,
  "minPS": 1.828,
  "maxPS": 13.5725,
  "medianPS": 7.05,
  "hienTaiPS": 7.114939953743854
}