{
  "minPB": 0.7054,
  "maxPB": 2.2184,
  "medianPB": 0.97,
  "hienTaiPB": 1.0455122852291412,
  "minPE": 2.6373,
  "maxPE": 356.4768,
  "medianPE": 6.47,
  "hienTaiPE": 7.111562039569241,
  "minPS": 0.1598,
  "maxPS": 0.6193,
  "medianPS": 0.3,
  "hienTaiPS": 0.29766503827490337
}