{
  "minPB": 0,
  "maxPB": 2.2184,
  "medianPB": 0.94,
  "hienTaiPB": 1.0378808086946218,
  "minPE": 0,
  "maxPE": 356.4768,
  "medianPE": 6.26,
  "hienTaiPE": 7.059652827601583,
  "minPS": 0,
  "maxPS": 0.6114,
  "medianPS": 0.3,
  "hienTaiPS": 0.29549230076924715
}