{
  "minPB": 0,
  "maxPB": 2.2184,
  "medianPB": 0.94,
  "hienTaiPB": 1.0455122852291412,
  "minPE": 0,
  "maxPE": 356.4768,
  "medianPE": 6.26,
  "hienTaiPE": 7.111562039569241,
  "minPS": 0,
  "maxPS": 0.6114,
  "medianPS": 0.3,
  "hienTaiPS": 0.29766503827490337
}