{
  "minPB": 0.1911,
  "maxPB": 1.149,
  "medianPB": 0.64,
  "hienTaiPB": 0.6262478209890071,
  "minPE": -35.6389,
  "maxPE": 110.0443,
  "medianPE": 6.25,
  "hienTaiPE": 9.897262891458663,
  "minPS": 0.1014,
  "maxPS": 0.5671,
  "medianPS": 0.27,
  "hienTaiPS": 0.34736434196026134
}