{
  "minPB": 0.1911,
  "maxPB": 1.149,
  "medianPB": 0.64,
  "hienTaiPB": 0.629313905791891,
  "minPE": -35.6389,
  "maxPE": 110.0443,
  "medianPE": 6.24,
  "hienTaiPE": 9.945719502922353,
  "minPS": 0.1014,
  "maxPS": 0.5671,
  "medianPS": 0.27,
  "hienTaiPS": 0.349065024173041
}