{
  "minPB": 0.1911,
  "maxPB": 1.149,
  "medianPB": 0.64,
  "hienTaiPB": 0.62854738459117,
  "minPE": -35.6389,
  "maxPE": 110.0443,
  "medianPE": 6.21,
  "hienTaiPE": 9.93360535005643,
  "minPS": 0.1014,
  "maxPS": 0.5634,
  "medianPS": 0.28,
  "hienTaiPS": 0.3486398536198461
}