{
  "minPB": 0.1911,
  "maxPB": 1.149,
  "medianPB": 0.64,
  "hienTaiPB": 0.6178160877810769,
  "minPE": -35.6389,
  "maxPE": 110.0443,
  "medianPE": 6.21,
  "hienTaiPE": 9.764007209933515,
  "minPS": 0.1014,
  "maxPS": 0.5634,
  "medianPS": 0.28,
  "hienTaiPS": 0.34268746587511706
}