{
  "minPB": 0.1911,
  "maxPB": 1.149,
  "medianPB": 0.64,
  "hienTaiPB": 0.6362125965983794,
  "minPE": -35.6389,
  "maxPE": 110.0443,
  "medianPE": 6.23,
  "hienTaiPE": 10.054746878715656,
  "minPS": 0.1014,
  "maxPS": 0.5671,
  "medianPS": 0.27,
  "hienTaiPS": 0.35289155915179543
}