{
  "minPB": 0.761,
  "maxPB": 3.2732,
  "medianPB": 1.7,
  "hienTaiPB": 2.1419305250840623,
  "minPE": 5.7879,
  "maxPE": 108.9547,
  "medianPE": 12.74,
  "hienTaiPE": 20.77528843561841,
  "minPS": 2.2964,
  "maxPS": 11.3423,
  "medianPS": 4.44,
  "hienTaiPS": 5.050963332169776
}