{
  "minPB": 0.761,
  "maxPB": 3.2732,
  "medianPB": 1.7,
  "hienTaiPB": 2.0562533040806996,
  "minPE": 5.7879,
  "maxPE": 108.9547,
  "medianPE": 12.72,
  "hienTaiPE": 19.94427689819367,
  "minPS": 2.2803,
  "maxPS": 7.2932,
  "medianPS": 4.43,
  "hienTaiPS": 4.848924798882986
}