{
  "minPB": 0.761,
  "maxPB": 3.2732,
  "medianPB": 1.7,
  "hienTaiPB": 2.116941335624748,
  "minPE": 5.7879,
  "maxPE": 108.9547,
  "medianPE": 12.74,
  "hienTaiPE": 20.532910070536193,
  "minPS": 2.2964,
  "maxPS": 11.3423,
  "medianPS": 4.44,
  "hienTaiPS": 4.992035426627796
}