{
  "minPB": 0.761,
  "maxPB": 3.2732,
  "medianPB": 1.7,
  "hienTaiPB": 2.2168980934620044,
  "minPE": 5.7879,
  "maxPE": 108.9547,
  "medianPE": 12.74,
  "hienTaiPE": 21.50242353086505,
  "minPS": 2.2964,
  "maxPS": 11.3423,
  "medianPS": 4.44,
  "hienTaiPS": 5.2277470487957185
}