{
  "minPB": 0.761,
  "maxPB": 3.2732,
  "medianPB": 1.7,
  "hienTaiPB": 2.2240378618789514,
  "minPE": 5.7879,
  "maxPE": 108.9547,
  "medianPE": 12.75,
  "hienTaiPE": 21.571674492317115,
  "minPS": 2.2964,
  "maxPS": 11.3423,
  "medianPS": 4.44,
  "hienTaiPS": 5.2445835932362845
}