{
  "minPB": 0,
  "maxPB": 1.4198,
  "medianPB": 0.56,
  "hienTaiPB": 0.6934228225327751,
  "minPE": -89.8816,
  "maxPE": 59.0407,
  "medianPE": 13.45,
  "hienTaiPE": 115.17657119327495,
  "minPS": 0,
  "maxPS": 1.0462,
  "medianPS": 0.33,
  "hienTaiPS": 0.8618645282717942
}