{
  "minPB": 0.2823,
  "maxPB": 1.4198,
  "medianPB": 0.59,
  "hienTaiPB": 0.6934228225327751,
  "minPE": -89.8816,
  "maxPE": 58.6001,
  "medianPE": 15.37,
  "hienTaiPE": 115.17657119327495,
  "minPS": 0.1812,
  "maxPS": 1.0048,
  "medianPS": 0.34,
  "hienTaiPS": 0.8618645282717942
}