{
  "minPB": 0.707,
  "maxPB": 0.8821,
  "medianPB": 0.8,
  "hienTaiPB": 0.842014033828379,
  "minPE": 4.0003,
  "maxPE": 12.3417,
  "medianPE": 10.96,
  "hienTaiPE": 4.301003872150141,
  "minPS": 0.3083,
  "maxPS": 3.5782,
  "medianPS": 0.61,
  "hienTaiPS": 0.25789573554089906
}