{
  "minPB": 0.7358,
  "maxPB": 3.1986,
  "medianPB": 1.13,
  "hienTaiPB": 0.8379066482975089,
  "minPE": 2.3178,
  "maxPE": 197.4248,
  "medianPE": 11.67,
  "hienTaiPE": 4.280023365456726,
  "minPS": 0.3049,
  "maxPS": 3.6699,
  "medianPS": 0.62,
  "hienTaiPS": 0.25663770756265075
}