{
  "minPB": 0.707,
  "maxPB": 0.8821,
  "medianPB": 0.8,
  "hienTaiPB": 0.8050475640505478,
  "minPE": 4.0003,
  "maxPE": 12.3417,
  "medianPE": 11.04,
  "hienTaiPE": 4.1121793119094034,
  "minPS": 0.3083,
  "maxPS": 3.5782,
  "medianPS": 0.61,
  "hienTaiPS": 0.24657348373666446
}