{
  "minPB": 0.7358,
  "maxPB": 3.1986,
  "medianPB": 1.13,
  "hienTaiPB": 0.8229557649651416,
  "minPE": 2.3178,
  "maxPE": 197.4248,
  "medianPE": 11.69,
  "hienTaiPE": 4.203654321092694,
  "minPS": 0.3108,
  "maxPS": 3.6699,
  "medianPS": 0.62,
  "hienTaiPS": 0.252058485721827
}