{
  "minPB": 0.7358,
  "maxPB": 3.1986,
  "medianPB": 1.13,
  "hienTaiPB": 0.7940945359682274,
  "minPE": 2.3178,
  "maxPE": 197.4248,
  "medianPE": 11.69,
  "hienTaiPE": 4.056231294060296,
  "minPS": 0.309,
  "maxPS": 3.6699,
  "medianPS": 0.62,
  "hienTaiPS": 0.2432187424613357
}