{
  "minPB": 0.707,
  "maxPB": 0.8821,
  "medianPB": 0.8,
  "hienTaiPB": 0.8377971180166857,
  "minPE": 4.0003,
  "maxPE": 12.3417,
  "medianPE": 10.93,
  "hienTaiPE": 4.279463885278235,
  "minPS": 0.3064,
  "maxPS": 3.5782,
  "medianPS": 0.61,
  "hienTaiPS": 0.2566041601498975
}