{
  "minPB": 0.7358,
  "maxPB": 3.1986,
  "medianPB": 1.13,
  "hienTaiPB": 0.810524078091708,
  "minPE": 2.3178,
  "maxPE": 197.4248,
  "medianPE": 11.69,
  "hienTaiPE": 4.140153320833957,
  "minPS": 0.3102,
  "maxPS": 3.6699,
  "medianPS": 0.62,
  "hienTaiPS": 0.24825085437432887
}