{
  "minPB": 0.7358,
  "maxPB": 3.1986,
  "medianPB": 1.13,
  "hienTaiPB": 0.7960660810230451,
  "minPE": 2.3178,
  "maxPE": 197.4248,
  "medianPE": 11.69,
  "hienTaiPE": 4.066301937273136,
  "minPS": 0.3108,
  "maxPS": 3.6699,
  "medianPS": 0.62,
  "hienTaiPS": 0.2438225958908949
}