{
  "minPB": 0.707,
  "maxPB": 0.8821,
  "medianPB": 0.8,
  "hienTaiPB": 0.798694807762802,
  "minPE": 4.0003,
  "maxPE": 12.3417,
  "medianPE": 10.91,
  "hienTaiPE": 4.079729461556921,
  "minPS": 0.3057,
  "maxPS": 3.5782,
  "medianPS": 0.61,
  "hienTaiPS": 0.24462773379697378
}