{
  "minPB": 0.7358,
  "maxPB": 3.1986,
  "medianPB": 1.13,
  "hienTaiPB": 0.8244344237562549,
  "minPE": 2.3178,
  "maxPE": 197.4248,
  "medianPE": 11.69,
  "hienTaiPE": 4.211207303502324,
  "minPS": 0.3108,
  "maxPS": 3.6699,
  "medianPS": 0.62,
  "hienTaiPS": 0.2525113757939964
}