{
  "minPB": 0.65,
  "maxPB": 0.7475,
  "medianPB": 0.67,
  "hienTaiPB": 0.7246742783298532,
  "minPE": 12.4984,
  "maxPE": 43.2682,
  "medianPE": 12.97,
  "hienTaiPE": 43.268158466444824,
  "minPS": 0.3418,
  "maxPS": 133.0036,
  "medianPS": 0.72,
  "hienTaiPS": 76.94665491181728
}