{
  "minPB": 0.4638,
  "maxPB": 1.0355,
  "medianPB": 0.67,
  "hienTaiPB": 0.8068871093614597,
  "minPE": 0,
  "maxPE": 24.8025,
  "medianPE": 7.35,
  "hienTaiPE": 48.176843523197256,
  "minPS": 0.3417,
  "maxPS": 133.0036,
  "medianPS": 0.72,
  "hienTaiPS": 85.6760972666529
}