{
  "minPB": 0.65,
  "maxPB": 0.7475,
  "medianPB": 0.67,
  "hienTaiPB": 0.7172329860990753,
  "minPE": 12.4984,
  "maxPE": 42.9309,
  "medianPE": 12.97,
  "hienTaiPE": 42.823860909508674,
  "minPS": 0.3418,
  "maxPS": 133.0036,
  "medianPS": 0.72,
  "hienTaiPS": 76.15653090369148
}