{
  "minPB": 0.4638,
  "maxPB": 1.0355,
  "medianPB": 0.67,
  "hienTaiPB": 0.7441292230777906,
  "minPE": 0,
  "maxPE": 25.8638,
  "medianPE": 7.6,
  "hienTaiPE": 44.42975569361525,
  "minPS": 0.3417,
  "maxPS": 133.0036,
  "medianPS": 0.73,
  "hienTaiPS": 79.0124008125799
}