{
  "minPB": 0.3503,
  "maxPB": 1.7034,
  "medianPB": 0.73,
  "hienTaiPB": 0.445620947860461,
  "minPE": -64.0922,
  "maxPE": 27.4158,
  "medianPE": 5.93,
  "hienTaiPE": 9.889543806133767,
  "minPS": 0.1755,
  "maxPS": 1.9103,
  "medianPS": 0.49,
  "hienTaiPS": 0.5391170992991257
}