{
  "minPB": 0.3503,
  "maxPB": 1.7034,
  "medianPB": 0.73,
  "hienTaiPB": 0.40997127203162415,
  "minPE": -64.0922,
  "maxPE": 27.4158,
  "medianPE": 5.93,
  "hienTaiPE": 9.098380301643067,
  "minPS": 0.1755,
  "maxPS": 1.9103,
  "medianPS": 0.49,
  "hienTaiPS": 0.4959877313551956
}