{
  "minPB": 0.3503,
  "maxPB": 1.7034,
  "medianPB": 0.73,
  "hienTaiPB": 0.4367085289032518,
  "minPE": -64.0922,
  "maxPE": 27.1242,
  "medianPE": 5.93,
  "hienTaiPE": 9.691752930011093,
  "minPS": 0.1743,
  "maxPS": 1.9508,
  "medianPS": 0.49,
  "hienTaiPS": 0.528334757313143
}