{
  "minPB": 1.07,
  "maxPB": 3.1224,
  "medianPB": 1.55,
  "hienTaiPB": 1.4784210745659176,
  "minPE": 5.4738,
  "maxPE": 22.686,
  "medianPE": 7.72,
  "hienTaiPE": 6.311990257657312,
  "minPS": 1.0949,
  "maxPS": 5.8059,
  "medianPS": 2.59,
  "hienTaiPS": 2.6108414509952604
}