{
  "minPB": 1.07,
  "maxPB": 3.1224,
  "medianPB": 1.55,
  "hienTaiPB": 1.4463512031002796,
  "minPE": 5.4738,
  "maxPE": 22.6859,
  "medianPE": 7.76,
  "hienTaiPE": 6.175070729291644,
  "minPS": 1.095,
  "maxPS": 5.7993,
  "medianPS": 2.61,
  "hienTaiPS": 2.554207146201437
}