{
  "minPB": 1.07,
  "maxPB": 3.1224,
  "medianPB": 1.55,
  "hienTaiPB": 1.4655931259796624,
  "minPE": 5.4738,
  "maxPE": 22.686,
  "medianPE": 7.76,
  "hienTaiPE": 6.257222446311045,
  "minPS": 1.0949,
  "maxPS": 5.8059,
  "medianPS": 2.6,
  "hienTaiPS": 2.588187729077731
}