{
  "minPB": 1.07,
  "maxPB": 3.1224,
  "medianPB": 1.55,
  "hienTaiPB": 1.4720071002727901,
  "minPE": 5.4738,
  "maxPE": 22.6859,
  "medianPE": 7.77,
  "hienTaiPE": 6.284606351984178,
  "minPS": 1.095,
  "maxPS": 5.7993,
  "medianPS": 2.61,
  "hienTaiPS": 2.5995145900364958
}