{
  "minPB": 1.07,
  "maxPB": 3.1224,
  "medianPB": 1.55,
  "hienTaiPB": 1.455972164539971,
  "minPE": 5.4738,
  "maxPE": 22.686,
  "medianPE": 7.75,
  "hienTaiPE": 6.216146587801344,
  "minPS": 1.0949,
  "maxPS": 5.8059,
  "medianPS": 2.6,
  "hienTaiPS": 2.5711974376395843
}