{
  "minPB": 1.07,
  "maxPB": 3.1224,
  "medianPB": 1.55,
  "hienTaiPB": 1.4688001131262263,
  "minPE": 5.4738,
  "maxPE": 22.6859,
  "medianPE": 7.76,
  "hienTaiPE": 6.270914399147611,
  "minPS": 1.095,
  "maxPS": 5.7993,
  "medianPS": 2.61,
  "hienTaiPS": 2.5938511595571137
}