{
  "minPB": 1.07,
  "maxPB": 3.1224,
  "medianPB": 1.55,
  "hienTaiPB": 1.4623861388330988,
  "minPE": 5.4738,
  "maxPE": 22.686,
  "medianPE": 7.74,
  "hienTaiPE": 6.243530493474478,
  "minPS": 1.0949,
  "maxPS": 5.8059,
  "medianPS": 2.6,
  "hienTaiPS": 2.582524298598349
}