{
  "minPB": 0.6739,
  "maxPB": 5.6213,
  "medianPB": 1.12,
  "hienTaiPB": 1.9347769063206466,
  "minPE": 4.524,
  "maxPE": 37.9499,
  "medianPE": 10.47,
  "hienTaiPE": 67.07049747686108,
  "minPS": 0.9928,
  "maxPS": 7.6744,
  "medianPS": 1.59,
  "hienTaiPS": 7.964046022286931
}