{
  "minPB": 0.6739,
  "maxPB": 5.6213,
  "medianPB": 1.12,
  "hienTaiPB": 1.926847492770152,
  "minPE": 4.524,
  "maxPE": 37.9689,
  "medianPE": 10.47,
  "hienTaiPE": 66.79561838884115,
  "minPS": 0.9928,
  "maxPS": 7.6744,
  "medianPS": 1.59,
  "hienTaiPS": 7.931406489408706
}