{
  "minPB": 0.6739,
  "maxPB": 5.6154,
  "medianPB": 1.12,
  "hienTaiPB": 1.926847492770152,
  "minPE": 4.524,
  "maxPE": 38.2503,
  "medianPE": 10.49,
  "hienTaiPE": 66.79561838884115,
  "minPS": 0.9838,
  "maxPS": 7.3022,
  "medianPS": 1.59,
  "hienTaiPS": 7.931406489408706
}