{
  "minPB": 0.6739,
  "maxPB": 5.6154,
  "medianPB": 1.12,
  "hienTaiPB": 1.9546004401968826,
  "minPE": 4.524,
  "maxPE": 38.0247,
  "medianPE": 10.48,
  "hienTaiPE": 67.75769519691089,
  "minPS": 0.9838,
  "maxPS": 7.3002,
  "medianPS": 1.59,
  "hienTaiPS": 8.045644854482495
}