{
  "minPB": 0.6739,
  "maxPB": 5.6154,
  "medianPB": 1.12,
  "hienTaiPB": 1.95856514697213,
  "minPE": 4.524,
  "maxPE": 38.4738,
  "medianPE": 10.51,
  "hienTaiPE": 67.89513474092084,
  "minPS": 0.9838,
  "maxPS": 7.3223,
  "medianPS": 1.59,
  "hienTaiPS": 8.061964620921607
}