{
  "minPB": 0.6739,
  "maxPB": 5.6154,
  "medianPB": 1.12,
  "hienTaiPB": 1.9466710266463882,
  "minPE": 4.524,
  "maxPE": 38.3241,
  "medianPE": 10.5,
  "hienTaiPE": 67.48281610889096,
  "minPS": 0.9838,
  "maxPS": 7.3178,
  "medianPS": 1.59,
  "hienTaiPS": 8.013005321604268
}