{
  "minPB": 0.6739,
  "maxPB": 5.6213,
  "medianPB": 1.12,
  "hienTaiPB": 1.9109886656691633,
  "minPE": 4.524,
  "maxPE": 38.0247,
  "medianPE": 10.48,
  "hienTaiPE": 66.2458602128013,
  "minPS": 0.9838,
  "maxPS": 7.2997,
  "medianPS": 1.59,
  "hienTaiPS": 7.866127423652256
}