{
  "minPB": 0.6739,
  "maxPB": 5.6213,
  "medianPB": 1.12,
  "hienTaiPB": 1.907023958893916,
  "minPE": 4.524,
  "maxPE": 38.0247,
  "medianPE": 10.47,
  "hienTaiPE": 66.10842066879134,
  "minPS": 0.9928,
  "maxPS": 7.69,
  "medianPS": 1.59,
  "hienTaiPS": 7.849807657213143
}