{
  "minPB": 0.7817,
  "maxPB": 5.19,
  "medianPB": 1.84,
  "hienTaiPB": 1.4588636738282241,
  "minPE": 3.3012,
  "maxPE": 20.1527,
  "medianPE": 9.89,
  "hienTaiPE": 16.019064833639373,
  "minPS": 0.4591,
  "maxPS": 3.6568,
  "medianPS": 1.24,
  "hienTaiPS": 3.395192145960985
}