{
  "minPB": 0.7817,
  "maxPB": 5.19,
  "medianPB": 1.84,
  "hienTaiPB": 1.4721502282346743,
  "minPE": 3.3012,
  "maxPE": 20.1527,
  "medianPE": 9.91,
  "hienTaiPE": 16.164957955985816,
  "minPS": 0.4591,
  "maxPS": 3.6568,
  "medianPS": 1.24,
  "hienTaiPS": 3.4261137502047094
}