{
  "minPB": 0.7817,
  "maxPB": 5.19,
  "medianPB": 1.84,
  "hienTaiPB": 1.4296332541340337,
  "minPE": 3.3012,
  "maxPE": 20.1527,
  "medianPE": 9.87,
  "hienTaiPE": 15.698099964477201,
  "minPS": 0.4591,
  "maxPS": 3.6654,
  "medianPS": 1.25,
  "hienTaiPS": 3.32716461662479
}