{
  "minPB": 0.7817,
  "maxPB": 5.19,
  "medianPB": 1.84,
  "hienTaiPB": 1.4854367826411243,
  "minPE": 3.3012,
  "maxPE": 20.1527,
  "medianPE": 9.91,
  "hienTaiPE": 16.31085107833226,
  "minPS": 0.4591,
  "maxPS": 3.6568,
  "medianPS": 1.24,
  "hienTaiPS": 3.4570353544484345
}