{
  "minPB": 0.7817,
  "maxPB": 5.19,
  "medianPB": 1.84,
  "hienTaiPB": 1.4641782955908043,
  "minPE": 3.3012,
  "maxPE": 20.1527,
  "medianPE": 9.89,
  "hienTaiPE": 16.07742208257795,
  "minPS": 0.4591,
  "maxPS": 3.6568,
  "medianPS": 1.24,
  "hienTaiPS": 3.4075607876584746
}