{
  "minPB": 0.0978,
  "maxPB": 2.3486,
  "medianPB": 1.17,
  "hienTaiPB": 1.741063106599285,
  "minPE": 1.251,
  "maxPE": 17.176,
  "medianPE": 5.99,
  "hienTaiPE": 6.582809518886034,
  "minPS": 0.0394,
  "maxPS": 0.3573,
  "medianPS": 0.15,
  "hienTaiPS": 0.368304357662361
}