{
  "minPB": 1.5326,
  "maxPB": 1.7216,
  "medianPB": 1.62,
  "hienTaiPB": 1.704101990369803,
  "minPE": 5.806,
  "maxPE": 6.5093,
  "medianPE": 6.15,
  "hienTaiPE": 6.4430627246303525,
  "minPS": 0.0394,
  "maxPS": 0.3582,
  "medianPS": 0.15,
  "hienTaiPS": 0.36048560593545054
}