{
  "minPB": 1.5326,
  "maxPB": 1.7216,
  "medianPB": 1.63,
  "hienTaiPB": 1.7118832779970623,
  "minPE": 5.806,
  "maxPE": 6.5093,
  "medianPE": 6.16,
  "hienTaiPE": 6.472483102368391,
  "minPS": 0.0394,
  "maxPS": 0.3582,
  "medianPS": 0.15,
  "hienTaiPS": 0.36213165893058963
}