{
  "minPB": 0.0978,
  "maxPB": 2.3486,
  "medianPB": 1.17,
  "hienTaiPB": 1.7507897161333592,
  "minPE": 1.251,
  "maxPE": 17.176,
  "medianPE": 5.99,
  "hienTaiPE": 6.619584991058582,
  "minPS": 0.0394,
  "maxPS": 0.3578,
  "medianPS": 0.15,
  "hienTaiPS": 0.3703619239062848
}