{
  "minPB": 0.0978,
  "maxPB": 2.3486,
  "medianPB": 1.17,
  "hienTaiPB": 1.7520055423251184,
  "minPE": 1.251,
  "maxPE": 17.176,
  "medianPE": 5.99,
  "hienTaiPE": 6.6241819250801495,
  "minPS": 0.0394,
  "maxPS": 0.357,
  "medianPS": 0.15,
  "hienTaiPS": 0.3706191196867753
}