{
  "minPB": 1.5326,
  "maxPB": 1.7216,
  "medianPB": 1.62,
  "hienTaiPB": 1.7167465827640995,
  "minPE": 5.806,
  "maxPE": 6.5093,
  "medianPE": 6.14,
  "hienTaiPE": 6.490870838454664,
  "minPS": 0.0394,
  "maxPS": 0.3581,
  "medianPS": 0.15,
  "hienTaiPS": 0.3631604420525515
}