{
  "minPB": 1.5326,
  "maxPB": 1.7216,
  "medianPB": 1.62,
  "hienTaiPB": 1.7196159325766514,
  "minPE": 5.806,
  "maxPE": 6.5093,
  "medianPE": 6.15,
  "hienTaiPE": 6.501719602745566,
  "minPS": 0.0394,
  "maxPS": 0.3582,
  "medianPS": 0.15,
  "hienTaiPS": 0.363767424094509
}