{
  "minPB": 0.0978,
  "maxPB": 2.3486,
  "medianPB": 1.17,
  "hienTaiPB": 1.7264731922981738,
  "minPE": 1.251,
  "maxPE": 17.176,
  "medianPE": 5.99,
  "hienTaiPE": 6.527646310627212,
  "minPS": 0.0394,
  "maxPS": 0.3566,
  "medianPS": 0.15,
  "hienTaiPS": 0.3652180082964753
}