{
  "minPB": 0.6521,
  "maxPB": 1.1504,
  "medianPB": 0.95,
  "hienTaiPB": 1.0644405381864017,
  "minPE": 6.501,
  "maxPE": 20.2321,
  "medianPE": 8.62,
  "hienTaiPE": 10.574509338739526,
  "minPS": 0.6405,
  "maxPS": 0.9817,
  "medianPS": 0.79,
  "hienTaiPS": 0.856636035888065
}