{
  "minPB": 0.9231,
  "maxPB": 1.0436,
  "medianPB": 0.98,
  "hienTaiPB": 1.0505262827852724,
  "minPE": 8.6183,
  "maxPE": 10.3672,
  "medianPE": 9.28,
  "hienTaiPE": 10.436280458494565,
  "minPS": 0.6405,
  "maxPS": 0.9781,
  "medianPS": 0.79,
  "hienTaiPS": 0.8454381792097897
}