{
  "minPB": 0,
  "maxPB": 2.4568,
  "medianPB": 0.82,
  "hienTaiPB": 1.6974923421547292,
  "minPE": -24.9554,
  "maxPE": 23.8067,
  "medianPE": 6.17,
  "hienTaiPE": 671.7023692322773,
  "minPS": 0,
  "maxPS": 2.2013,
  "medianPS": 0.52,
  "hienTaiPS": 0.8851571974584399
}