{
  "minPB": 0.535,
  "maxPB": 2.4568,
  "medianPB": 0.84,
  "hienTaiPB": 1.6974923421547292,
  "minPE": -24.9554,
  "maxPE": 26.0888,
  "medianPE": 6.39,
  "hienTaiPE": 671.7023692322773,
  "minPS": 0.3037,
  "maxPS": 2.2013,
  "medianPS": 0.54,
  "hienTaiPS": 0.8851571974584399
}