{
  "minPB": 1.9222,
  "maxPB": 6.2041,
  "medianPB": 2.75,
  "hienTaiPB": 16.965364281846508,
  "minPE": 3.8233,
  "maxPE": 139.5737,
  "medianPE": 14,
  "hienTaiPE": 18.056488670766736,
  "minPS": 2.7034,
  "maxPS": 10.3421,
  "medianPS": 4.4,
  "hienTaiPS": 9.033797421017063
}