{
  "minPB": 1.9222,
  "maxPB": 6.2769,
  "medianPB": 2.76,
  "hienTaiPB": 22.89302168152782,
  "minPE": 3.8233,
  "maxPE": 139.5737,
  "medianPE": 14,
  "hienTaiPE": 24.36538230272138,
  "minPS": 2.7034,
  "maxPS": 10.2154,
  "medianPS": 4.4,
  "hienTaiPS": 12.190184471733867
}