{
  "minPB": 1.9222,
  "maxPB": 6.2968,
  "medianPB": 2.76,
  "hienTaiPB": 10.788497658192622,
  "minPE": 3.8233,
  "maxPE": 139.5737,
  "medianPE": 14,
  "hienTaiPE": 20.09600169833828,
  "minPS": 2.7034,
  "maxPS": 10.25,
  "medianPS": 4.4,
  "hienTaiPS": 10.054181165860857
}