{
  "minPB": 1.9222,
  "maxPB": 6.2239,
  "medianPB": 2.75,
  "hienTaiPB": 19.718403440534704,
  "minPE": 3.8233,
  "maxPE": 139.5737,
  "medianPE": 14,
  "hienTaiPE": 20.98658905371119,
  "minPS": 2.7034,
  "maxPS": 10.4112,
  "medianPS": 4.4,
  "hienTaiPS": 10.499748734442647
}