{
  "minPB": 1.9222,
  "maxPB": 6.2835,
  "medianPB": 2.76,
  "hienTaiPB": 10.901638195203438,
  "minPE": 3.8233,
  "maxPE": 139.5737,
  "medianPE": 14,
  "hienTaiPE": 20.306751377854006,
  "minPS": 2.7034,
  "maxPS": 10.2269,
  "medianPS": 4.4,
  "hienTaiPS": 10.159620819494716
}