{
  "minPB": 1.9222,
  "maxPB": 6.2901,
  "medianPB": 2.76,
  "hienTaiPB": 11.67902317531001,
  "minPE": 3.8233,
  "maxPE": 139.5737,
  "medianPE": 14,
  "hienTaiPE": 21.754805627429803,
  "minPS": 2.7034,
  "maxPS": 10.25,
  "medianPS": 4.4,
  "hienTaiPS": 10.88409327833381
}