{
  "minPB": 1.9222,
  "maxPB": 6.2107,
  "medianPB": 2.75,
  "hienTaiPB": 18.658068172919297,
  "minPE": 3.8233,
  "maxPE": 139.5737,
  "medianPE": 14,
  "hienTaiPE": 19.85805851178827,
  "minPS": 2.7034,
  "maxPS": 10.3421,
  "medianPS": 4.4,
  "hienTaiPS": 9.935136395629081
}