{
  "minPB": 1.9222,
  "maxPB": 6.3232,
  "medianPB": 2.76,
  "hienTaiPB": 12.408962123766885,
  "minPE": 3.8233,
  "maxPE": 139.5737,
  "medianPE": 14,
  "hienTaiPE": 23.114480979144165,
  "minPS": 2.7034,
  "maxPS": 10.25,
  "medianPS": 4.4,
  "hienTaiPS": 11.564349108229672
}