{
  "minPB": 1.9222,
  "maxPB": 6.2703,
  "medianPB": 2.75,
  "hienTaiPB": 20.12081983728031,
  "minPE": 3.8233,
  "maxPE": 139.5737,
  "medianPE": 14,
  "hienTaiPE": 21.414886789501214,
  "minPS": 2.7034,
  "maxPS": 10.4112,
  "medianPS": 4.4,
  "hienTaiPS": 10.714029320859844
}