{
  "minPB": 1.9222,
  "maxPB": 6.2769,
  "medianPB": 2.76,
  "hienTaiPB": 12.219177997168098,
  "minPE": 3.8233,
  "maxPE": 139.5737,
  "medianPE": 14,
  "hienTaiPE": 22.760965387698434,
  "minPS": 2.7034,
  "maxPS": 10.2269,
  "medianPS": 4.4,
  "hienTaiPS": 11.387482592456749
}