{
  "minPB": 0.8415,
  "maxPB": 1.0355,
  "medianPB": 0.95,
  "hienTaiPB": 1.0257593451854745,
  "minPE": 2.5036,
  "maxPE": 3.3636,
  "medianPE": 2.84,
  "hienTaiPE": 3.331884830568285,
  "minPS": 3.1045,
  "maxPS": 19.4101,
  "medianPS": 4.67,
  "hienTaiPS": 3.655763646986837
}