{
  "minPB": 0.9537,
  "maxPB": 2.3033,
  "medianPB": 1.17,
  "hienTaiPB": 1.0355284818062886,
  "minPE": -264.8876,
  "maxPE": 180.9943,
  "medianPE": -5.49,
  "hienTaiPE": 3.363617067049888,
  "minPS": 3.1044,
  "maxPS": 19.4101,
  "medianPS": 5.29,
  "hienTaiPS": 3.6905804436248064
}