{
  "minPB": 0.8415,
  "maxPB": 1.1034,
  "medianPB": 0.95,
  "hienTaiPB": 1.1722963944976852,
  "minPE": 2.5036,
  "maxPE": 3.3636,
  "medianPE": 2.84,
  "hienTaiPE": 3.807868377792326,
  "minPS": 3.1045,
  "maxPS": 19.4101,
  "medianPS": 4.67,
  "hienTaiPS": 4.178015596556385
}