{
  "minPB": 0.8415,
  "maxPB": 1.1723,
  "medianPB": 0.95,
  "hienTaiPB": 1.0341608026793747,
  "minPE": 2.5036,
  "maxPE": 3.8079,
  "medianPE": 2.84,
  "hienTaiPE": 3.3591745539424633,
  "minPS": 3.1045,
  "maxPS": 19.4101,
  "medianPS": 4.67,
  "hienTaiPS": 3.685706092095491
}