{
  "minPB": 0,
  "maxPB": 4.9689,
  "medianPB": 1.58,
  "hienTaiPB": 2.6261148848742994,
  "minPE": 0,
  "maxPE": 63.4096,
  "medianPE": 11.99,
  "hienTaiPE": 33.76819400728345,
  "minPS": 0,
  "maxPS": 2.2329,
  "medianPS": 0.54,
  "hienTaiPS": 2.1873829491208965
}