{
  "minPB": 0,
  "maxPB": 4.9689,
  "medianPB": 1.6,
  "hienTaiPB": 2.7910399742625405,
  "minPE": 0,
  "maxPE": 63.4096,
  "medianPE": 12.07,
  "hienTaiPE": 35.888901843489656,
  "minPS": 0,
  "maxPS": 2.2329,
  "medianPS": 0.54,
  "hienTaiPS": 2.3247548251526435
}