{
  "minPB": 0.5028,
  "maxPB": 0.6369,
  "medianPB": 0.53,
  "hienTaiPB": 0.64624428346692,
  "minPE": -2.1833,
  "maxPE": -1.7165,
  "medianPE": -1.83,
  "hienTaiPE": -1.5845,
  "minPS": 0.1863,
  "maxPS": 2.5213,
  "medianPS": 0.6,
  "hienTaiPS": 1.3674313461857857
}