{
  "minPB": 0.1278,
  "maxPB": 1.2467,
  "medianPB": 0.5,
  "hienTaiPB": 0.6866345511836025,
  "minPE": -30.3641,
  "maxPE": 44.6532,
  "medianPE": -0.95,
  "hienTaiPE": -1.8843,
  "minPS": 0.1863,
  "maxPS": 2.5213,
  "medianPS": 0.6,
  "hienTaiPS": 1.4528958053223973
}