{
  "minPB": 0.705,
  "maxPB": 1.4895,
  "medianPB": 1.03,
  "hienTaiPB": 0.7815222102758321,
  "minPE": 6.2909,
  "maxPE": 44.5724,
  "medianPE": 11.93,
  "hienTaiPE": 38.81818888907507,
  "minPS": 0.2738,
  "maxPS": 1.08,
  "medianPS": 0.51,
  "hienTaiPS": 0.3859261239718393
}