{
  "minPB": 0.705,
  "maxPB": 1.4895,
  "medianPB": 1.03,
  "hienTaiPB": 0.7758997483314016,
  "minPE": 6.2909,
  "maxPE": 44.6302,
  "medianPE": 11.91,
  "hienTaiPE": 38.538921343110495,
  "minPS": 0.2738,
  "maxPS": 1.08,
  "medianPS": 0.51,
  "hienTaiPS": 0.3831496770367901
}