{
  "minPB": 0.705,
  "maxPB": 1.4895,
  "medianPB": 1.03,
  "hienTaiPB": 0.8012008270813387,
  "minPE": 6.2909,
  "maxPE": 44.5724,
  "medianPE": 11.93,
  "hienTaiPE": 39.795625299951055,
  "minPS": 0.2738,
  "maxPS": 1.08,
  "medianPS": 0.51,
  "hienTaiPS": 0.3956436882445115
}