{
  "minPB": 0.705,
  "maxPB": 1.4895,
  "medianPB": 1.03,
  "hienTaiPB": 0.7974525191183851,
  "minPE": 6.2909,
  "maxPE": 44.5724,
  "medianPE": 11.93,
  "hienTaiPE": 39.60944693597468,
  "minPS": 0.2738,
  "maxPS": 1.08,
  "medianPS": 0.51,
  "hienTaiPS": 0.39379272362114537
}