{
  "minPB": 0.705,
  "maxPB": 1.4895,
  "medianPB": 1.03,
  "hienTaiPB": 0.8152569819424148,
  "minPE": 6.2909,
  "maxPE": 44.5724,
  "medianPE": 11.99,
  "hienTaiPE": 40.49379416486248,
  "minPS": 0.2738,
  "maxPS": 1.08,
  "medianPS": 0.51,
  "hienTaiPS": 0.4025848055821345
}