{
  "minPB": 0.705,
  "maxPB": 1.4895,
  "medianPB": 1.03,
  "hienTaiPB": 0.7824592872665705,
  "minPE": 6.2909,
  "maxPE": 44.6302,
  "medianPE": 11.91,
  "hienTaiPE": 38.86473348006916,
  "minPS": 0.2738,
  "maxPS": 1.08,
  "medianPS": 0.51,
  "hienTaiPS": 0.38638886512768084
}