{
  "minPB": 0.705,
  "maxPB": 1.4895,
  "medianPB": 1.03,
  "hienTaiPB": 0.7955783651369083,
  "minPE": 6.2909,
  "maxPE": 44.5724,
  "medianPE": 11.96,
  "hienTaiPE": 39.51635775398649,
  "minPS": 0.2738,
  "maxPS": 1.08,
  "medianPS": 0.51,
  "hienTaiPS": 0.3928672413094623
}