{
  "minPB": 0.2412,
  "maxPB": 2.4122,
  "medianPB": 0.55,
  "hienTaiPB": 0.6226690236973677,
  "minPE": 2.993,
  "maxPE": 17.334,
  "medianPE": 7.32,
  "hienTaiPE": 8.119508141182934,
  "minPS": 0.5765,
  "maxPS": 8.415,
  "medianPS": 1.68,
  "hienTaiPS": 5.2180584285800435
}