{
  "minPB": 0.2412,
  "maxPB": 2.4122,
  "medianPB": 0.55,
  "hienTaiPB": 0.5580959397583815,
  "minPE": 2.993,
  "maxPE": 17.3341,
  "medianPE": 7.31,
  "hienTaiPE": 7.277485074689889,
  "minPS": 0.5824,
  "maxPS": 8.415,
  "medianPS": 1.7,
  "hienTaiPS": 4.676926443393965
}