{
  "minPB": 0.2412,
  "maxPB": 2.4122,
  "medianPB": 0.55,
  "hienTaiPB": 0.5604021213276309,
  "minPE": 2.993,
  "maxPE": 17.3341,
  "medianPE": 7.32,
  "hienTaiPE": 7.30755732706464,
  "minPS": 0.5824,
  "maxPS": 8.415,
  "medianPS": 1.7,
  "hienTaiPS": 4.696252585722039
}