{
  "minPB": 0.2412,
  "maxPB": 2.4122,
  "medianPB": 0.55,
  "hienTaiPB": 0.5919199361073743,
  "minPE": 2.993,
  "maxPE": 17.334,
  "medianPE": 7.31,
  "hienTaiPE": 7.718544776186246,
  "minPS": 0.5765,
  "maxPS": 8.415,
  "medianPS": 1.68,
  "hienTaiPS": 4.960376530872387
}