{
  "minPB": 0.2412,
  "maxPB": 2.4122,
  "medianPB": 0.55,
  "hienTaiPB": 0.5611708485173807,
  "minPE": 2.993,
  "maxPE": 17.334,
  "medianPE": 7.31,
  "hienTaiPE": 7.317581411189558,
  "minPS": 0.5765,
  "maxPS": 8.415,
  "medianPS": 1.68,
  "hienTaiPS": 4.702694633164731
}