{
  "minPB": 0.2412,
  "maxPB": 2.4122,
  "medianPB": 0.55,
  "hienTaiPB": 0.56424575727638,
  "minPE": 2.993,
  "maxPE": 17.3341,
  "medianPE": 7.32,
  "hienTaiPE": 7.357677747689227,
  "minPS": 0.5824,
  "maxPS": 8.415,
  "medianPS": 1.7,
  "hienTaiPS": 4.728462822935496
}