{
  "minPB": 0.2412,
  "maxPB": 2.4122,
  "medianPB": 0.55,
  "hienTaiPB": 0.6303562955948661,
  "minPE": 2.993,
  "maxPE": 17.334,
  "medianPE": 7.31,
  "hienTaiPE": 8.219748982432106,
  "minPS": 0.5765,
  "maxPS": 8.415,
  "medianPS": 1.68,
  "hienTaiPS": 5.282478903006957
}