{
  "minPB": 0.4302,
  "maxPB": 1.4039,
  "medianPB": 0.87,
  "hienTaiPB": 0.5745074000370378,
  "minPE": 3.7803,
  "maxPE": 333.433,
  "medianPE": 15.07,
  "hienTaiPE": 13.395869526853371,
  "minPS": 0.106,
  "maxPS": 9.2472,
  "medianPS": 1.54,
  "hienTaiPS": 1.6397711549660783
}