{
  "minPB": 0.4303,
  "maxPB": 1.4039,
  "medianPB": 0.87,
  "hienTaiPB": 0.5859517705557039,
  "minPE": 3.7802,
  "maxPE": 333.433,
  "medianPE": 15.05,
  "hienTaiPE": 13.66271951742814,
  "minPS": 0.106,
  "maxPS": 9.2472,
  "medianPS": 1.51,
  "hienTaiPS": 1.6724359190092273
}