{
  "minPB": 0.4304,
  "maxPB": 1.4039,
  "medianPB": 0.87,
  "hienTaiPB": 0.5882406446594372,
  "minPE": 3.7802,
  "maxPE": 333.433,
  "medianPE": 15.04,
  "hienTaiPE": 13.716089515543093,
  "minPS": 0.106,
  "maxPS": 9.2472,
  "medianPS": 1.52,
  "hienTaiPS": 1.678968871817857
}