{
  "minPB": 0.4304,
  "maxPB": 1.4039,
  "medianPB": 0.87,
  "hienTaiPB": 0.59739614107437,
  "minPE": 3.7802,
  "maxPE": 333.433,
  "medianPE": 15.02,
  "hienTaiPE": 13.929569508002908,
  "minPS": 0.106,
  "maxPS": 9.2472,
  "medianPS": 1.52,
  "hienTaiPS": 1.7051006830523763
}