{
  "minPB": 0.4304,
  "maxPB": 1.4039,
  "medianPB": 0.87,
  "hienTaiPB": 0.5790851482445043,
  "minPE": 3.7802,
  "maxPE": 333.433,
  "medianPE": 15.01,
  "hienTaiPE": 13.50260952308328,
  "minPS": 0.106,
  "maxPS": 9.2472,
  "medianPS": 1.52,
  "hienTaiPS": 1.652837060583338
}