{
  "minPB": 0.4302,
  "maxPB": 1.4039,
  "medianPB": 0.87,
  "hienTaiPB": 0.5813740223482375,
  "minPE": 3.7803,
  "maxPE": 333.433,
  "medianPE": 15.08,
  "hienTaiPE": 13.555979521198232,
  "minPS": 0.106,
  "maxPS": 9.2472,
  "medianPS": 1.54,
  "hienTaiPS": 1.6593700133919678
}