{
  "minPB": 0.4302,
  "maxPB": 1.4039,
  "medianPB": 0.87,
  "hienTaiPB": 0.5905295187631704,
  "minPE": 3.7802,
  "maxPE": 333.433,
  "medianPE": 15.05,
  "hienTaiPE": 13.769459513658047,
  "minPS": 0.106,
  "maxPS": 9.2472,
  "medianPS": 1.51,
  "hienTaiPS": 1.685501824626487
}