{
  "minPB": 0,
  "maxPB": 1.0755,
  "medianPB": 0.29,
  "hienTaiPB": 0.2738735454377962,
  "minPE": -473.196,
  "maxPE": 72.17,
  "medianPE": 5.32,
  "hienTaiPE": 9.620144526149874,
  "minPS": 0.2062,
  "maxPS": 2.1161,
  "medianPS": 0.6,
  "hienTaiPS": 0.6589137243485486
}