{
  "minPB": 0,
  "maxPB": 1.0755,
  "medianPB": 0.29,
  "hienTaiPB": 0.2786783444805645,
  "minPE": -473.196,
  "maxPE": 72.17,
  "medianPE": 5.33,
  "hienTaiPE": 9.788918991520925,
  "minPS": 0.2062,
  "maxPS": 2.1161,
  "medianPS": 0.6,
  "hienTaiPS": 0.6704736142494003
}