{
  "minPB": 0,
  "maxPB": 1.0755,
  "medianPB": 0.29,
  "hienTaiPB": 0.2690687463950278,
  "minPE": -473.196,
  "maxPE": 72.17,
  "medianPE": 5.29,
  "hienTaiPE": 27.208926014287943,
  "minPS": 0.2075,
  "maxPS": 2.1085,
  "medianPS": 0.6,
  "hienTaiPS": 0.6230996967874262
}