{
  "minPB": 0,
  "maxPB": 1.0755,
  "medianPB": 0.29,
  "hienTaiPB": 0.2709906660121352,
  "minPE": -473.196,
  "maxPE": 72.17,
  "medianPE": 5.34,
  "hienTaiPE": 9.518879846927243,
  "minPS": 0.2062,
  "maxPS": 2.1161,
  "medianPS": 0.6,
  "hienTaiPS": 0.6519777904080375
}