{
  "minPB": 0,
  "maxPB": 1.0755,
  "medianPB": 0.29,
  "hienTaiPB": 0.27771738467201085,
  "minPE": -473.196,
  "maxPE": 72.17,
  "medianPE": 5.32,
  "hienTaiPE": 9.755164098446715,
  "minPS": 0.2062,
  "maxPS": 2.1161,
  "medianPS": 0.6,
  "hienTaiPS": 0.66816163626923
}