{
  "minPB": 0.1883,
  "maxPB": 0.7514,
  "medianPB": 0.43,
  "hienTaiPB": 0.697534671645532,
  "minPE": -545.7153,
  "maxPE": 95.7996,
  "medianPE": 6.68,
  "hienTaiPE": 53.948703647993085,
  "minPS": 0.164,
  "maxPS": 0.5052,
  "medianPS": 0.26,
  "hienTaiPS": 0.27540807417409285
}