{
  "minPB": 0.1883,
  "maxPB": 0.7514,
  "medianPB": 0.43,
  "hienTaiPB": 0.6917218827151526,
  "minPE": -545.7153,
  "maxPE": 95.7996,
  "medianPE": 6.67,
  "hienTaiPE": 53.499131117593144,
  "minPS": 0.1638,
  "maxPS": 0.5054,
  "medianPS": 0.26,
  "hienTaiPS": 0.27311300688930873
}