{
  "minPB": 0.4766,
  "maxPB": 0.6917,
  "medianPB": 0.62,
  "hienTaiPB": 0.5870916819683227,
  "minPE": -32.552,
  "maxPE": 53.4991,
  "medianPE": 47.51,
  "hienTaiPE": 45.40682557039418,
  "minPS": 0.1648,
  "maxPS": 0.5026,
  "medianPS": 0.26,
  "hienTaiPS": 0.23180179576319482
}