{
  "minPB": 0.4766,
  "maxPB": 0.6917,
  "medianPB": 0.62,
  "hienTaiPB": 0.6757367131566091,
  "minPE": -32.552,
  "maxPE": 53.4991,
  "medianPE": 47.6,
  "hienTaiPE": 52.2628066589933,
  "minPS": 0.1648,
  "maxPS": 0.5026,
  "medianPS": 0.26,
  "hienTaiPS": 0.26680157185615244
}