{
  "minPB": 0.1883,
  "maxPB": 0.7514,
  "medianPB": 0.43,
  "hienTaiPB": 0.6394067823417376,
  "minPE": -545.7153,
  "maxPE": 95.7996,
  "medianPE": 6.68,
  "hienTaiPE": 49.452978343993664,
  "minPS": 0.164,
  "maxPS": 0.5052,
  "medianPS": 0.26,
  "hienTaiPS": 0.2524574013262518
}