{
  "minPB": 0.3721,
  "maxPB": 2.2683,
  "medianPB": 0.83,
  "hienTaiPB": 0.39493420640248456,
  "minPE": -20.3274,
  "maxPE": 24.0253,
  "medianPE": 7.12,
  "hienTaiPE": 134.60972974471295,
  "minPS": 0.0245,
  "maxPS": 2.1799,
  "medianPS": 0.08,
  "hienTaiPS": 0.047123334810842306
}