{
  "minPB": 0.3721,
  "maxPB": 2.2683,
  "medianPB": 0.83,
  "hienTaiPB": 0.4009310381699843,
  "minPE": -20.3274,
  "maxPE": 24.5459,
  "medianPE": 7.14,
  "hienTaiPE": 136.65369527228995,
  "minPS": 0.0245,
  "maxPS": 2.1799,
  "medianPS": 0.08,
  "hienTaiPS": 0.04783887351729761
}