{
  "minPB": 0.3721,
  "maxPB": 2.2683,
  "medianPB": 0.83,
  "hienTaiPB": 0.3923641356449846,
  "minPE": -20.3274,
  "maxPE": 23.6534,
  "medianPE": 7.12,
  "hienTaiPE": 133.73374451860855,
  "minPS": 0.0245,
  "maxPS": 2.1799,
  "medianPS": 0.08,
  "hienTaiPS": 0.04681667536521861
}