{
  "minPB": 0.3721,
  "maxPB": 2.2683,
  "medianPB": 0.83,
  "hienTaiPB": 0.38465392337248494,
  "minPE": -20.3274,
  "maxPE": 23.2815,
  "medianPE": 7.11,
  "hienTaiPE": 131.10578884029528,
  "minPS": 0.0246,
  "maxPS": 2.1658,
  "medianPS": 0.08,
  "hienTaiPS": 0.0458966970283475
}