{
  "minPB": 0.3721,
  "maxPB": 2.2683,
  "medianPB": 0.83,
  "hienTaiPB": 0.3957908966549845,
  "minPE": -20.3274,
  "maxPE": 24.0253,
  "medianPE": 7.12,
  "hienTaiPE": 134.90172482008109,
  "minPS": 0.0245,
  "maxPS": 2.1799,
  "medianPS": 0.08,
  "hienTaiPS": 0.04722555462605021
}