{
  "minPB": 0.3721,
  "maxPB": 2.2683,
  "medianPB": 0.83,
  "hienTaiPB": 0.39750427715998443,
  "minPE": -20.3274,
  "maxPE": 24.0996,
  "medianPE": 7.12,
  "hienTaiPE": 135.48571497081738,
  "minPS": 0.0245,
  "maxPS": 2.1799,
  "medianPS": 0.08,
  "hienTaiPS": 0.04742999425646601
}