{
  "minPB": 0.3721,
  "maxPB": 2.2683,
  "medianPB": 0.83,
  "hienTaiPB": 0.3760870208474853,
  "minPE": -20.3274,
  "maxPE": 23.2815,
  "medianPE": 7.08,
  "hienTaiPE": 128.18583808661387,
  "minPS": 0.0246,
  "maxPS": 2.1658,
  "medianPS": 0.08,
  "hienTaiPS": 0.04487449887626849
}