{
  "minPB": 0.3726,
  "maxPB": 2.2646,
  "medianPB": 0.83,
  "hienTaiPB": 0.3966475869074845,
  "minPE": -20.3274,
  "maxPE": 26.5171,
  "medianPE": 7.23,
  "hienTaiPE": 135.19371989544925,
  "minPS": 0.0246,
  "maxPS": 2.1764,
  "medianPS": 0.08,
  "hienTaiPS": 0.04732777444125811
}