{
  "minPB": 0.7488,
  "maxPB": 2.7458,
  "medianPB": 1.06,
  "hienTaiPB": 0.8271255230661468,
  "minPE": 0,
  "maxPE": 63.6784,
  "medianPE": 11.28,
  "hienTaiPE": 9.96263491005248,
  "minPS": 1.5154,
  "maxPS": 5.2274,
  "medianPS": 4,
  "hienTaiPS": 1.7602784340738444
}