{
  "minPB": 0.7488,
  "maxPB": 2.7458,
  "medianPB": 1.07,
  "hienTaiPB": 0.8591352808088067,
  "minPE": 0,
  "maxPE": 63.6784,
  "medianPE": 11.32,
  "hienTaiPE": 10.34818888107151,
  "minPS": 1.5154,
  "maxPS": 5.2274,
  "medianPS": 4.07,
  "hienTaiPS": 1.8284012094725022
}