{
  "minPB": 0.7488,
  "maxPB": 2.7458,
  "medianPB": 1.1,
  "hienTaiPB": 0.8767530544501156,
  "minPE": 0,
  "maxPE": 63.6784,
  "medianPE": 11.34,
  "hienTaiPE": 10.560393004655628,
  "minPS": 1.5154,
  "maxPS": 5.2274,
  "medianPS": 4.08,
  "hienTaiPS": 1.865895140118275
}