{
  "minPB": 0.7488,
  "maxPB": 2.7458,
  "medianPB": 1.07,
  "hienTaiPB": 0.8602105439887927,
  "minPE": 0,
  "maxPE": 63.6784,
  "medianPE": 11.3,
  "hienTaiPE": 10.361140306454578,
  "minPS": 1.5154,
  "maxPS": 5.2274,
  "medianPS": 4.07,
  "hienTaiPS": 1.8306895714367983
}