{
  "minPB": 0.7488,
  "maxPB": 2.7458,
  "medianPB": 1.1,
  "hienTaiPB": 0.8593834184657265,
  "minPE": 0,
  "maxPE": 63.6784,
  "medianPE": 11.34,
  "hienTaiPE": 10.351177671544525,
  "minPS": 1.5154,
  "maxPS": 5.2274,
  "medianPS": 4.07,
  "hienTaiPS": 1.8289292930027243
}