{
  "minPB": 0.7488,
  "maxPB": 2.7458,
  "medianPB": 1.06,
  "hienTaiPB": 0.8105830126048239,
  "minPE": 0,
  "maxPE": 63.6784,
  "medianPE": 11.26,
  "hienTaiPE": 9.763382211851429,
  "minPS": 1.5154,
  "maxPS": 5.2274,
  "medianPS": 3.98,
  "hienTaiPS": 1.7250728653923675
}