{
  "minPB": 0.6975,
  "maxPB": 0.8785,
  "medianPB": 0.82,
  "hienTaiPB": 0.9066122858328035,
  "minPE": 9.0051,
  "maxPE": 11.3195,
  "medianPE": 10.51,
  "hienTaiPE": 10.920044124908522,
  "minPS": 1.4835,
  "maxPS": 5.0416,
  "medianPS": 1.85,
  "hienTaiPS": 1.929441191588341
}