{
  "minPB": 0.7488,
  "maxPB": 2.7458,
  "medianPB": 1.08,
  "hienTaiPB": 0.835893053610648,
  "minPE": 0,
  "maxPE": 63.6784,
  "medianPE": 11.33,
  "hienTaiPE": 10.068238840099035,
  "minPS": 1.5154,
  "maxPS": 5.2274,
  "medianPS": 4.07,
  "hienTaiPS": 1.7789373854750272
}