{
  "minPB": 0.2602,
  "maxPB": 0.8013,
  "medianPB": 0.51,
  "hienTaiPB": 0.4642079191491605,
  "minPE": -6.9237,
  "maxPE": 70.5849,
  "medianPE": 7.03,
  "hienTaiPE": 6.035741841434928,
  "minPS": 0.0821,
  "maxPS": 0.256,
  "medianPS": 0.15,
  "hienTaiPS": 0.09950759742112257
}