{
  "minPB": 0.4086,
  "maxPB": 0.4301,
  "medianPB": 0.43,
  "hienTaiPB": 0.443107559187835,
  "minPE": 5.1414,
  "maxPE": 5.5785,
  "medianPE": 5.41,
  "hienTaiPE": 5.761389939551522,
  "minPS": 0.0821,
  "maxPS": 0.256,
  "medianPS": 0.15,
  "hienTaiPS": 0.09498452481107154
}