{
  "minPB": 0.2602,
  "maxPB": 0.8013,
  "medianPB": 0.51,
  "hienTaiPB": 0.4571744658287187,
  "minPE": -6.9237,
  "maxPE": 70.5849,
  "medianPE": 7.03,
  "hienTaiPE": 5.944291207473793,
  "minPS": 0.0821,
  "maxPS": 0.256,
  "medianPS": 0.15,
  "hienTaiPS": 0.09799990655110556
}