{
  "minPB": 0.519,
  "maxPB": 2.5673,
  "medianPB": 1.58,
  "hienTaiPB": 2.0975586565174766,
  "minPE": 4.2775,
  "maxPE": 16.5223,
  "medianPE": 11.07,
  "hienTaiPE": 13.855624055306945,
  "minPS": 0.8901,
  "maxPS": 4.626,
  "medianPS": 2.67,
  "hienTaiPS": 4.383198554190212
}