{
  "minPB": 0,
  "maxPB": 2.5664,
  "medianPB": 1.28,
  "hienTaiPB": 2.0908140949209573,
  "minPE": 0,
  "maxPE": 16.5165,
  "medianPE": 9.88,
  "hienTaiPE": 13.811072209469945,
  "minPS": 0,
  "maxPS": 4.5972,
  "medianPS": 2.2,
  "hienTaiPS": 4.369104668163876
}