{
  "minPB": 0,
  "maxPB": 2.5664,
  "medianPB": 1.28,
  "hienTaiPB": 2.1043032181139956,
  "minPE": 0,
  "maxPE": 16.5165,
  "medianPE": 9.88,
  "hienTaiPE": 13.900175901143944,
  "minPS": 0,
  "maxPS": 4.5972,
  "medianPS": 2.2,
  "hienTaiPS": 4.397292440216547
}