{
  "minPB": 0,
  "maxPB": 2.5664,
  "medianPB": 1.28,
  "hienTaiPB": 2.0975586565174766,
  "minPE": 0,
  "maxPE": 16.5165,
  "medianPE": 9.88,
  "hienTaiPE": 13.855624055306945,
  "minPS": 0,
  "maxPS": 4.5972,
  "medianPS": 2.2,
  "hienTaiPS": 4.383198554190212
}