{
  "minPB": 0.519,
  "maxPB": 2.5673,
  "medianPB": 1.58,
  "hienTaiPB": 2.077324971727919,
  "minPE": 4.2775,
  "maxPE": 16.5223,
  "medianPE": 11.07,
  "hienTaiPE": 13.721968517795945,
  "minPS": 0.8901,
  "maxPS": 4.6336,
  "medianPS": 2.72,
  "hienTaiPS": 4.340916896111207
}