{
  "minPB": 0.519,
  "maxPB": 2.5673,
  "medianPB": 1.58,
  "hienTaiPB": 2.0908140949209573,
  "minPE": 4.2775,
  "maxPE": 16.5223,
  "medianPE": 11.07,
  "hienTaiPE": 13.811072209469945,
  "minPS": 0.8901,
  "maxPS": 4.6336,
  "medianPS": 2.73,
  "hienTaiPS": 4.369104668163876
}