{
  "minPB": 0.0869,
  "maxPB": 1.816,
  "medianPB": 0.24,
  "hienTaiPB": 0.3566428636723616,
  "minPE": -14.4341,
  "maxPE": 219.5831,
  "medianPE": -0.61,
  "hienTaiPE": -0.6155,
  "minPS": 0.2152,
  "maxPS": 34.1569,
  "medianPS": 5.54,
  "hienTaiPS": 5.185839251592931
}