{
  "minPB": 0.0869,
  "maxPB": 1.816,
  "medianPB": 0.24,
  "hienTaiPB": 0.41608334095108856,
  "minPE": -14.4341,
  "maxPE": 219.5831,
  "medianPE": -0.61,
  "hienTaiPE": -0.5276,
  "minPS": 0.2152,
  "maxPS": 34.1569,
  "medianPS": 5.54,
  "hienTaiPS": 6.050145793525086
}