{
  "minPB": 0.1464,
  "maxPB": 0.7924,
  "medianPB": 0.47,
  "hienTaiPB": 0.7210686411034432,
  "minPE": -89.7545,
  "maxPE": 196.1892,
  "medianPE": 21.46,
  "hienTaiPE": 60.298981916282266,
  "minPS": 0.106,
  "maxPS": 3.7995,
  "medianPS": 0.33,
  "hienTaiPS": 0.4473907885176898
}