{
  "minPB": 0.1464,
  "maxPB": 0.7924,
  "medianPB": 0.47,
  "hienTaiPB": 0.6352271362101761,
  "minPE": -89.7545,
  "maxPE": 196.1892,
  "medianPE": 21.27,
  "hienTaiPE": 53.12053168815343,
  "minPS": 0.106,
  "maxPS": 3.7995,
  "medianPS": 0.33,
  "hienTaiPS": 0.394129980360822
}