{
  "minPB": 0.1464,
  "maxPB": 0.7924,
  "medianPB": 0.47,
  "hienTaiPB": 0.6180588352315227,
  "minPE": -89.7545,
  "maxPE": 196.1892,
  "medianPE": 21.27,
  "hienTaiPE": 51.68484164252766,
  "minPS": 0.106,
  "maxPS": 3.7995,
  "medianPS": 0.33,
  "hienTaiPS": 0.3834778187294484
}