{
  "minPB": 0.1464,
  "maxPB": 0.7924,
  "medianPB": 0.47,
  "hienTaiPB": 0.6781478886568096,
  "minPE": -89.7545,
  "maxPE": 196.1892,
  "medianPE": 21.46,
  "hienTaiPE": 56.709756802217846,
  "minPS": 0.106,
  "maxPS": 3.7995,
  "medianPS": 0.33,
  "hienTaiPS": 0.4207603844392559
}