{
  "minPB": 0.498,
  "maxPB": 1.6757,
  "medianPB": 0.76,
  "hienTaiPB": 0.7761043401149329,
  "minPE": 1.3027,
  "maxPE": 10.9591,
  "medianPE": 3.87,
  "hienTaiPE": 4.046216959039282,
  "minPS": 0.0523,
  "maxPS": 0.1706,
  "medianPS": 0.09,
  "hienTaiPS": 0.10849035400213074
}