{
  "minPB": 0.498,
  "maxPB": 1.6757,
  "medianPB": 0.76,
  "hienTaiPB": 0.8124842310578203,
  "minPE": 1.3027,
  "maxPE": 10.9591,
  "medianPE": 3.87,
  "hienTaiPE": 4.235883378994248,
  "minPS": 0.0523,
  "maxPS": 0.1706,
  "medianPS": 0.09,
  "hienTaiPS": 0.11357583934598062
}