{
  "minPB": 0.498,
  "maxPB": 1.6757,
  "medianPB": 0.76,
  "hienTaiPB": 0.8973706432578911,
  "minPE": 1.3027,
  "maxPE": 10.9591,
  "medianPE": 3.87,
  "hienTaiPE": 4.67843835888917,
  "minPS": 0.0523,
  "maxPS": 0.1706,
  "medianPS": 0.09,
  "hienTaiPS": 0.12544197181496367
}