{
  "minPB": 0.498,
  "maxPB": 1.6757,
  "medianPB": 0.76,
  "hienTaiPB": 0.8670540674721515,
  "minPE": 1.3027,
  "maxPE": 10.9591,
  "medianPE": 3.87,
  "hienTaiPE": 4.520383008926697,
  "minPS": 0.0523,
  "maxPS": 0.1706,
  "medianPS": 0.09,
  "hienTaiPS": 0.12120406736175544
}