{
  "minPB": 0.498,
  "maxPB": 1.6757,
  "medianPB": 0.76,
  "hienTaiPB": 0.8428008068435598,
  "minPE": 1.3027,
  "maxPE": 10.9591,
  "medianPE": 3.87,
  "hienTaiPE": 4.39393872895672,
  "minPS": 0.0523,
  "maxPS": 0.2135,
  "medianPS": 0.09,
  "hienTaiPS": 0.11781374379918885
}