{
  "minPB": 0.4934,
  "maxPB": 1.6679,
  "medianPB": 0.76,
  "hienTaiPB": 0.8609907523150037,
  "minPE": 1.2901,
  "maxPE": 10.7914,
  "medianPE": 3.86,
  "hienTaiPE": 4.488771938934203,
  "minPS": 0.0514,
  "maxPS": 0.2124,
  "medianPS": 0.09,
  "hienTaiPS": 0.1203564864711138
}