{
  "minPB": 0.4927,
  "maxPB": 2.0554,
  "medianPB": 0.89,
  "hienTaiPB": 1.234341990343834,
  "minPE": 2.6977,
  "maxPE": 200.8435,
  "medianPE": 5.66,
  "hienTaiPE": 128.89560857664074,
  "minPS": 0.459,
  "maxPS": 37.7707,
  "medianPS": 1.08,
  "hienTaiPS": 18.223255576814033
}