{
  "minPB": 0.4927,
  "maxPB": 2.0554,
  "medianPB": 0.89,
  "hienTaiPB": 1.219559451537321,
  "minPE": 2.6977,
  "maxPE": 200.8435,
  "medianPE": 5.66,
  "hienTaiPE": 127.35194859368697,
  "minPS": 0.459,
  "maxPS": 37.7707,
  "medianPS": 1.08,
  "hienTaiPS": 18.00501299505578
}