{
  "minPB": 0.4927,
  "maxPB": 2.0554,
  "medianPB": 0.89,
  "hienTaiPB": 1.2269507209405774,
  "minPE": 2.6977,
  "maxPE": 200.8435,
  "medianPE": 5.65,
  "hienTaiPE": 128.12377858516385,
  "minPS": 0.4642,
  "maxPS": 37.9165,
  "medianPS": 1.17,
  "hienTaiPS": 18.114134285934906
}