{
  "minPB": 0.4927,
  "maxPB": 2.0554,
  "medianPB": 0.89,
  "hienTaiPB": 1.204776912730808,
  "minPE": 2.6977,
  "maxPE": 200.8435,
  "medianPE": 5.65,
  "hienTaiPE": 125.80828861073319,
  "minPS": 0.4642,
  "maxPS": 37.9165,
  "medianPS": 1.18,
  "hienTaiPS": 17.78677041329753
}