{
  "minPB": 0.4927,
  "maxPB": 2.0554,
  "medianPB": 0.89,
  "hienTaiPB": 1.2417332597470905,
  "minPE": 2.6977,
  "maxPE": 200.8435,
  "medianPE": 5.66,
  "hienTaiPE": 129.66743856811763,
  "minPS": 0.459,
  "maxPS": 37.7707,
  "medianPS": 1.08,
  "hienTaiPS": 18.332376867693156
}