{
  "minPB": 0.4927,
  "maxPB": 2.0554,
  "medianPB": 0.89,
  "hienTaiPB": 1.2121681821340644,
  "minPE": 2.6977,
  "maxPE": 200.8435,
  "medianPE": 5.66,
  "hienTaiPE": 126.58011860221008,
  "minPS": 0.459,
  "maxPS": 37.7707,
  "medianPS": 1.08,
  "hienTaiPS": 17.895891704176655
}