{
  "minPB": 0.4744,
  "maxPB": 1.5272,
  "medianPB": 0.74,
  "hienTaiPB": 0.7866474279595803,
  "minPE": -100.8471,
  "maxPE": 91.9479,
  "medianPE": 5.78,
  "hienTaiPE": 12.410103768812414,
  "minPS": 0.0334,
  "maxPS": 0.158,
  "medianPS": 0.08,
  "hienTaiPS": 0.07509102624616716
}