{
  "minPB": 0.4744,
  "maxPB": 1.5257,
  "medianPB": 0.74,
  "hienTaiPB": 0.8204091201466868,
  "minPE": -100.8007,
  "maxPE": 91.9479,
  "medianPE": 5.81,
  "hienTaiPE": 12.942726248160588,
  "minPS": 0.0333,
  "maxPS": 0.1718,
  "medianPS": 0.08,
  "hienTaiPS": 0.0783138170721829
}