{
  "minPB": 0.4744,
  "maxPB": 1.5272,
  "medianPB": 0.74,
  "hienTaiPB": 0.8136567817092655,
  "minPE": -100.8471,
  "maxPE": 91.9479,
  "medianPE": 5.81,
  "hienTaiPE": 12.836201752290952,
  "minPS": 0.0333,
  "maxPS": 0.1718,
  "medianPS": 0.08,
  "hienTaiPS": 0.07766925890697976
}