{
  "minPB": 0.4744,
  "maxPB": 1.5257,
  "medianPB": 0.74,
  "hienTaiPB": 0.8305376278028187,
  "minPE": -100.8007,
  "maxPE": 91.9479,
  "medianPE": 5.85,
  "hienTaiPE": 13.102512991965039,
  "minPS": 0.0333,
  "maxPS": 0.1718,
  "medianPS": 0.08,
  "hienTaiPS": 0.07928065431998764
}