{
  "minPB": 0.4744,
  "maxPB": 1.5257,
  "medianPB": 0.74,
  "hienTaiPB": 0.8001521048344229,
  "minPE": -100.8007,
  "maxPE": 91.9479,
  "medianPE": 5.81,
  "hienTaiPE": 12.623152760551683,
  "minPS": 0.0333,
  "maxPS": 0.1718,
  "medianPS": 0.08,
  "hienTaiPS": 0.07638014257657345
}