{
  "minPB": 0.4825,
  "maxPB": 1.2298,
  "medianPB": 0.73,
  "hienTaiPB": 0.8672964605144327,
  "minPE": 2.0765,
  "maxPE": 37.1241,
  "medianPE": 6.24,
  "hienTaiPE": 10.482884932128997,
  "minPS": 0.7422,
  "maxPS": 2.7416,
  "medianPS": 1.48,
  "hienTaiPS": 1.7506323537635315
}