{
  "minPB": 0.4825,
  "maxPB": 1.2298,
  "medianPB": 0.73,
  "hienTaiPB": 0.9380961715768352,
  "minPE": 2.0765,
  "maxPE": 37.1241,
  "medianPE": 6.24,
  "hienTaiPE": 11.338630640874221,
  "minPS": 0.7422,
  "maxPS": 2.7416,
  "medianPS": 1.48,
  "hienTaiPS": 1.8935411173360648
}