{
  "minPB": 0.4825,
  "maxPB": 1.2298,
  "medianPB": 0.73,
  "hienTaiPB": 1.002995906717371,
  "minPE": 2.0765,
  "maxPE": 37.1241,
  "medianPE": 6.23,
  "hienTaiPE": 12.12306420722401,
  "minPS": 0.7457,
  "maxPS": 2.7475,
  "medianPS": 1.49,
  "hienTaiPS": 2.0245408172775536
}