{
  "minPB": 0.4825,
  "maxPB": 1.2298,
  "medianPB": 0.73,
  "hienTaiPB": 0.8849963882800332,
  "minPE": 2.0765,
  "maxPE": 37.1241,
  "medianPE": 6.24,
  "hienTaiPE": 10.696821359315303,
  "minPS": 0.7457,
  "maxPS": 2.7475,
  "medianPS": 1.49,
  "hienTaiPS": 1.786359544656665
}