{
  "minPB": 0.4825,
  "maxPB": 1.2298,
  "medianPB": 0.73,
  "hienTaiPB": 0.9026963160456339,
  "minPE": 2.0765,
  "maxPE": 37.1241,
  "medianPE": 6.24,
  "hienTaiPE": 10.910757786501609,
  "minPS": 0.7422,
  "maxPS": 2.7416,
  "medianPS": 1.48,
  "hienTaiPS": 1.8220867355497983
}