{
  "minPB": 0.4825,
  "maxPB": 1.2298,
  "medianPB": 0.73,
  "hienTaiPB": 0.9439961474987022,
  "minPE": 2.0765,
  "maxPE": 37.1241,
  "medianPE": 6.24,
  "hienTaiPE": 11.409942783269656,
  "minPS": 0.7457,
  "maxPS": 2.7475,
  "medianPS": 1.49,
  "hienTaiPS": 1.9054501809671092
}