{
  "minPB": 0.4811,
  "maxPB": 2.2809,
  "medianPB": 0.73,
  "hienTaiPB": 1.1353259117745933,
  "minPE": 0,
  "maxPE": 23.8835,
  "medianPE": 8.51,
  "hienTaiPE": 14.605435527061578,
  "minPS": 0.5499,
  "maxPS": 2.26,
  "medianPS": 0.85,
  "hienTaiPS": 1.6626696654879143
}