{
  "minPB": 0.4811,
  "maxPB": 2.2809,
  "medianPB": 0.73,
  "hienTaiPB": 1.0630121594322623,
  "minPE": 0,
  "maxPE": 23.8835,
  "medianPE": 8.51,
  "hienTaiPE": 13.675153009414345,
  "minPS": 0,
  "maxPS": 2.26,
  "medianPS": 0.84,
  "hienTaiPS": 1.556767139023716
}