{
  "minPB": 0.4811,
  "maxPB": 2.2809,
  "medianPB": 0.72,
  "hienTaiPB": 0.9979297823241647,
  "minPE": 0,
  "maxPE": 23.8835,
  "medianPE": 8.51,
  "hienTaiPE": 12.837898743531834,
  "minPS": 0.5547,
  "maxPS": 2.26,
  "medianPS": 0.87,
  "hienTaiPS": 1.4614548652059376
}