{
  "minPB": 0.4811,
  "maxPB": 2.2809,
  "medianPB": 0.72,
  "hienTaiPB": 0.9111532795133678,
  "minPE": 0,
  "maxPE": 23.8835,
  "medianPE": 8.51,
  "hienTaiPE": 11.721559722355153,
  "minPS": 0.5547,
  "maxPS": 2.26,
  "medianPS": 0.86,
  "hienTaiPS": 1.3343718334488994
}