{
  "minPB": 0.4811,
  "maxPB": 2.2809,
  "medianPB": 0.72,
  "hienTaiPB": 1.0919376603691948,
  "minPE": 0,
  "maxPE": 23.8835,
  "medianPE": 8.51,
  "hienTaiPE": 14.047266016473237,
  "minPS": 0.5547,
  "maxPS": 2.26,
  "medianPS": 0.87,
  "hienTaiPS": 1.5991281496093954
}