{
  "minPB": 0.4811,
  "maxPB": 2.2809,
  "medianPB": 0.72,
  "hienTaiPB": 0.9906984070899316,
  "minPE": 0,
  "maxPE": 23.8835,
  "medianPE": 8.51,
  "hienTaiPE": 12.74487049176711,
  "minPS": 0.5547,
  "maxPS": 2.26,
  "medianPS": 0.87,
  "hienTaiPS": 1.4508646125595177
}