{
  "minPB": 0.4811,
  "maxPB": 2.2809,
  "medianPB": 0.73,
  "hienTaiPB": 1.0557807841980293,
  "minPE": 0,
  "maxPE": 23.8835,
  "medianPE": 8.51,
  "hienTaiPE": 13.582124757649622,
  "minPS": 0,
  "maxPS": 2.26,
  "medianPS": 0.84,
  "hienTaiPS": 1.5461768863772962
}