{
  "minPB": 0.4811,
  "maxPB": 2.2809,
  "medianPB": 0.73,
  "hienTaiPB": 1.0847062851349616,
  "minPE": 0,
  "maxPE": 23.8835,
  "medianPE": 8.51,
  "hienTaiPE": 13.954237764708514,
  "minPS": 0,
  "maxPS": 2.26,
  "medianPS": 0.84,
  "hienTaiPS": 1.5885378969629755
}