{
  "minPB": 0.4811,
  "maxPB": 2.2809,
  "medianPB": 0.73,
  "hienTaiPB": 1.0485494089637963,
  "minPE": 0,
  "maxPE": 23.8835,
  "medianPE": 8.51,
  "hienTaiPE": 13.489096505884898,
  "minPS": 0,
  "maxPS": 2.26,
  "medianPS": 0.84,
  "hienTaiPS": 1.5355866337308763
}