{
  "minPB": 0.9217,
  "maxPB": 2.0667,
  "medianPB": 1.14,
  "hienTaiPB": 1.846179228706569,
  "minPE": -66.7313,
  "maxPE": 248.2918,
  "medianPE": 16.72,
  "hienTaiPE": 22.70876601751491,
  "minPS": 2.7661,
  "maxPS": 9.2114,
  "medianPS": 4.13,
  "hienTaiPS": 7.59270228233817
}