{
  "minPB": 0.9217,
  "maxPB": 2.0667,
  "medianPB": 1.14,
  "hienTaiPB": 1.8171055400655207,
  "minPE": -66.7313,
  "maxPE": 248.2918,
  "medianPE": 16.89,
  "hienTaiPE": 22.35114765503436,
  "minPS": 2.7596,
  "maxPS": 9.1763,
  "medianPS": 4.12,
  "hienTaiPS": 7.473132167655679
}