{
  "minPB": 0.9217,
  "maxPB": 2.0667,
  "medianPB": 1.14,
  "hienTaiPB": 1.7880318514244724,
  "minPE": -66.7313,
  "maxPE": 248.2918,
  "medianPE": 16.81,
  "hienTaiPE": 21.993529292553813,
  "minPS": 2.7596,
  "maxPS": 9.1763,
  "medianPS": 4.11,
  "hienTaiPS": 7.353562052973189
}