{
  "minPB": 0.9217,
  "maxPB": 2.0667,
  "medianPB": 1.14,
  "hienTaiPB": 1.8243739622257829,
  "minPE": -66.7313,
  "maxPE": 248.2918,
  "medianPE": 16.81,
  "hienTaiPE": 22.440552245654498,
  "minPS": 2.7596,
  "maxPS": 9.1763,
  "medianPS": 4.11,
  "hienTaiPS": 7.503024696326302
}