{
  "minPB": 1.0377,
  "maxPB": 1.0898,
  "medianPB": 1.07,
  "hienTaiPB": 1.080441564206047,
  "minPE": 14.9376,
  "maxPE": 21.7138,
  "medianPE": 21.19,
  "hienTaiPE": 15.078632167301873,
  "minPS": 0.4641,
  "maxPS": 1.0488,
  "medianPS": 0.64,
  "hienTaiPS": 0.5762360808733645
}