{
  "minPB": 0.8476,
  "maxPB": 1.5824,
  "medianPB": 1.15,
  "hienTaiPB": 1.0849437580029588,
  "minPE": 5.9559,
  "maxPE": 31.0271,
  "medianPE": 12.45,
  "hienTaiPE": 15.141464741000041,
  "minPS": 0.4641,
  "maxPS": 1.0514,
  "medianPS": 0.65,
  "hienTaiPS": 0.5786372533150886
}