{
  "minPB": 1.0377,
  "maxPB": 1.0898,
  "medianPB": 1.07,
  "hienTaiPB": 1.0774684173590299,
  "minPE": 14.9376,
  "maxPE": 21.7138,
  "medianPE": 21.19,
  "hienTaiPE": 15.037138958255913,
  "minPS": 0.4641,
  "maxPS": 1.0488,
  "medianPS": 0.64,
  "hienTaiPS": 0.5746504009590184
}