{
  "minPB": 1.0377,
  "maxPB": 1.0898,
  "medianPB": 1.07,
  "hienTaiPB": 1.0788275702033805,
  "minPE": 14.9376,
  "maxPE": 21.7138,
  "medianPE": 21.21,
  "hienTaiPE": 15.056107282391208,
  "minPS": 0.4641,
  "maxPS": 1.0488,
  "medianPS": 0.64,
  "hienTaiPS": 0.5753752832055767
}