{
  "minPB": 1.0377,
  "maxPB": 1.0898,
  "medianPB": 1.07,
  "hienTaiPB": 1.0797619877838716,
  "minPE": 14.9376,
  "maxPE": 21.7138,
  "medianPE": 21.19,
  "hienTaiPE": 15.069148005234224,
  "minPS": 0.4641,
  "maxPS": 1.0488,
  "medianPS": 0.64,
  "hienTaiPS": 0.5758736397500854
}