{
  "minPB": 0.8476,
  "maxPB": 1.5824,
  "medianPB": 1.15,
  "hienTaiPB": 1.0756845292508195,
  "minPE": 5.9559,
  "maxPE": 31.0271,
  "medianPE": 12.44,
  "hienTaiPE": 15.012243032828337,
  "minPS": 0.4641,
  "maxPS": 1.0514,
  "medianPS": 0.65,
  "hienTaiPS": 0.5736989930104108
}