{
  "minPB": 0.8476,
  "maxPB": 1.5824,
  "medianPB": 1.15,
  "hienTaiPB": 1.0715221236649954,
  "minPE": 5.9559,
  "maxPE": 31.0271,
  "medianPE": 12.43,
  "hienTaiPE": 14.954152540163992,
  "minPS": 0.4641,
  "maxPS": 1.0514,
  "medianPS": 0.65,
  "hienTaiPS": 0.5714790411303263
}