{
  "minPB": 0.7833,
  "maxPB": 5.6198,
  "medianPB": 1.4,
  "hienTaiPB": 1.8514597928960386,
  "minPE": 4.7498,
  "maxPE": 36.2342,
  "medianPE": 14.04,
  "hienTaiPE": 7.213321797593913,
  "minPS": 0.2214,
  "maxPS": 0.8547,
  "medianPS": 0.41,
  "hienTaiPS": 0.6515070566047134
}