{
  "minPB": 0.7833,
  "maxPB": 5.6198,
  "medianPB": 1.4,
  "hienTaiPB": 1.9033698805473294,
  "minPE": 4.7498,
  "maxPE": 36.2342,
  "medianPE": 14.04,
  "hienTaiPE": 7.415564464816172,
  "minPS": 0.2214,
  "maxPS": 0.8547,
  "medianPS": 0.41,
  "hienTaiPS": 0.6697736095936305
}