{
  "minPB": 1.289,
  "maxPB": 1.8861,
  "medianPB": 1.39,
  "hienTaiPB": 2.0331450996755565,
  "minPE": 5.6055,
  "maxPE": 7.3482,
  "medianPE": 6.05,
  "hienTaiPE": 7.92117113287182,
  "minPS": 0.1772,
  "maxPS": 0.8547,
  "medianPS": 0.41,
  "hienTaiPS": 0.7154399920659236
}