{
  "minPB": 0.7833,
  "maxPB": 5.6198,
  "medianPB": 1.4,
  "hienTaiPB": 2.1190562947384426,
  "minPE": 4.7498,
  "maxPE": 36.2342,
  "medianPE": 14.04,
  "hienTaiPE": 8.255882747124659,
  "minPS": 0.2214,
  "maxPS": 0.8547,
  "medianPS": 0.41,
  "hienTaiPS": 0.7456711372625815
}