{
  "minPB": 0.7833,
  "maxPB": 5.6198,
  "medianPB": 1.4,
  "hienTaiPB": 2.1629203188037835,
  "minPE": 4.7498,
  "maxPE": 36.2342,
  "medianPE": 14.04,
  "hienTaiPE": 8.426777800927468,
  "minPS": 0.2214,
  "maxPS": 0.8547,
  "medianPS": 0.41,
  "hienTaiPS": 0.7611063745382165
}