{
  "minPB": 1.289,
  "maxPB": 2.0288,
  "medianPB": 1.39,
  "hienTaiPB": 2.028819259037949,
  "minPE": 5.6055,
  "maxPE": 7.9043,
  "medianPE": 6.05,
  "hienTaiPE": 7.904317577269965,
  "minPS": 0.1772,
  "maxPS": 0.8547,
  "medianPS": 0.41,
  "hienTaiPS": 0.7139177793168471
}