{
  "minPB": 0.7833,
  "maxPB": 5.6198,
  "medianPB": 1.4,
  "hienTaiPB": 2.1412911156157457,
  "minPE": 4.7498,
  "maxPE": 36.2342,
  "medianPE": 14.04,
  "hienTaiPE": 8.342510022918194,
  "minPS": 0.2214,
  "maxPS": 0.8547,
  "medianPS": 0.41,
  "hienTaiPS": 0.7534953107928344
}