{
  "minPB": 0.452,
  "maxPB": 2.9082,
  "medianPB": 1.45,
  "hienTaiPB": 4.796175600554876,
  "minPE": -62.0409,
  "maxPE": 498.1421,
  "medianPE": -4.12,
  "hienTaiPE": -6.3139,
  "minPS": 0.9923,
  "maxPS": 14.1566,
  "medianPS": 6.06,
  "hienTaiPS": 15.997787257237965
}