{
  "minPB": 0.452,
  "maxPB": 2.9816,
  "medianPB": 1.45,
  "hienTaiPB": 4.773880376605262,
  "minPE": -62.0409,
  "maxPE": 498.1421,
  "medianPE": -4.14,
  "hienTaiPE": -6.096,
  "minPS": 0.9887,
  "maxPS": 11.8954,
  "medianPS": 5.84,
  "hienTaiPS": 15.923420870494924
}