{
  "minPB": 0.452,
  "maxPB": 2.9941,
  "medianPB": 1.45,
  "hienTaiPB": 5.026559581367556,
  "minPE": -62.0409,
  "maxPE": 498.1421,
  "medianPE": -4.15,
  "hienTaiPE": -6.1472,
  "minPS": 0.9887,
  "maxPS": 11.9282,
  "medianPS": 5.84,
  "hienTaiPS": 16.766239920249397
}