{
  "minPB": 0.452,
  "maxPB": 2.9798,
  "medianPB": 1.45,
  "hienTaiPB": 4.864412498097634,
  "minPE": -62.0409,
  "maxPE": 498.1421,
  "medianPE": -4.14,
  "hienTaiPE": -6.3078,
  "minPS": 0.9887,
  "maxPS": 11.7897,
  "medianPS": 5.84,
  "hienTaiPS": 16.22539347120909
}