{
  "minPB": 0.452,
  "maxPB": 2.8695,
  "medianPB": 1.45,
  "hienTaiPB": 4.931973782793435,
  "minPE": -62.0409,
  "maxPE": 498.1421,
  "medianPE": -4.12,
  "hienTaiPE": -7.9316,
  "minPS": 0.9923,
  "maxPS": 12.6914,
  "medianPS": 6.06,
  "hienTaiPS": 16.45074615830922
}