{
  "minPB": 0.452,
  "maxPB": 2.8957,
  "medianPB": 1.45,
  "hienTaiPB": 4.9292713314056025,
  "minPE": -62.0409,
  "maxPE": 498.1421,
  "medianPE": -4.12,
  "hienTaiPE": -6.3139,
  "minPS": 0.9923,
  "maxPS": 12.9144,
  "medianPS": 6.06,
  "hienTaiPS": 16.441732050825216
}