{
  "minPB": 0.452,
  "maxPB": 2.9011,
  "medianPB": 1.45,
  "hienTaiPB": 4.836712371372356,
  "minPE": -62.0409,
  "maxPE": 498.1421,
  "medianPE": -4.12,
  "hienTaiPE": -6.3139,
  "minPS": 0.9923,
  "maxPS": 13.0365,
  "medianPS": 6.06,
  "hienTaiPS": 16.132998869498042
}