{
  "minPB": 0.452,
  "maxPB": 2.9869,
  "medianPB": 1.45,
  "hienTaiPB": 4.782663343615716,
  "minPE": -62.0409,
  "maxPE": 498.1421,
  "medianPE": -4.15,
  "hienTaiPE": -6.1359,
  "minPS": 0.9887,
  "maxPS": 11.9024,
  "medianPS": 5.84,
  "hienTaiPS": 15.952716719817941
}