{
  "minPB": 1.2204,
  "maxPB": 1.5239,
  "medianPB": 1.33,
  "hienTaiPB": 1.277763369313044,
  "minPE": 6.9755,
  "maxPE": 8.9638,
  "medianPE": 7.83,
  "hienTaiPE": 7.303398540794438,
  "minPS": 0.2939,
  "maxPS": 1.0679,
  "medianPS": 0.46,
  "hienTaiPS": 0.49280387960582833
}