{
  "minPB": 1.2204,
  "maxPB": 1.5239,
  "medianPB": 1.33,
  "hienTaiPB": 1.2203944017112338,
  "minPE": 6.9755,
  "maxPE": 8.9638,
  "medianPE": 7.83,
  "hienTaiPE": 6.975490851207749,
  "minPS": 0.2939,
  "maxPS": 1.0679,
  "medianPS": 0.46,
  "hienTaiPS": 0.47067799113372993
}