{
  "minPB": 1.2517,
  "maxPB": 1.5239,
  "medianPB": 1.33,
  "hienTaiPB": 1.2764073755333647,
  "minPE": 7.1543,
  "maxPE": 8.9638,
  "medianPE": 7.83,
  "hienTaiPE": 7.295647995404208,
  "minPS": 0.2939,
  "maxPS": 1.0679,
  "medianPS": 0.46,
  "hienTaiPS": 0.4922809040601242
}