{
  "minPB": 1.177,
  "maxPB": 2.4529,
  "medianPB": 1.57,
  "hienTaiPB": 1.314740276612756,
  "minPE": 0,
  "maxPE": 23.6038,
  "medianPE": 5.08,
  "hienTaiPE": 7.5147499516280405,
  "minPS": 0.2939,
  "maxPS": 1.0679,
  "medianPS": 0.42,
  "hienTaiPS": 0.507065020448299
}