{
  "minPB": 1.177,
  "maxPB": 2.4529,
  "medianPB": 1.57,
  "hienTaiPB": 1.319486254841633,
  "minPE": 0,
  "maxPE": 23.6038,
  "medianPE": 5.1,
  "hienTaiPE": 7.541876860493849,
  "minPS": 0.2939,
  "maxPS": 1.0679,
  "medianPS": 0.43,
  "hienTaiPS": 0.5088954348582636
}