{
  "minPB": 1.177,
  "maxPB": 2.4529,
  "medianPB": 1.57,
  "hienTaiPB": 1.3038401727684121,
  "minPE": 0,
  "maxPE": 23.6038,
  "medianPE": 5.06,
  "hienTaiPE": 7.45244749060657,
  "minPS": 0.2939,
  "maxPS": 1.0679,
  "medianPS": 0.42,
  "hienTaiPS": 0.5028611016386003
}