{
  "minPB": 1.177,
  "maxPB": 2.4529,
  "medianPB": 1.57,
  "hienTaiPB": 1.3047267840858947,
  "minPE": 0,
  "maxPE": 23.6038,
  "medianPE": 5.07,
  "hienTaiPE": 7.457515154900182,
  "minPS": 0.2939,
  "maxPS": 1.0679,
  "medianPS": 0.42,
  "hienTaiPS": 0.5032030471877146
}