{
  "minPB": 1.177,
  "maxPB": 2.4529,
  "medianPB": 1.57,
  "hienTaiPB": 1.3142708941505594,
  "minPE": 0,
  "maxPE": 23.6038,
  "medianPE": 5.08,
  "hienTaiPE": 7.5120670705314225,
  "minPS": 0.2939,
  "maxPS": 1.0679,
  "medianPS": 0.43,
  "hienTaiPS": 0.5068839904517092
}