{
  "minPB": 0.3237,
  "maxPB": 2.1959,
  "medianPB": 0.77,
  "hienTaiPB": 0.8400767046399726,
  "minPE": -121.1974,
  "maxPE": 417.373,
  "medianPE": 14.96,
  "hienTaiPE": 13.50954209674245,
  "minPS": 0.3103,
  "maxPS": 1.0825,
  "medianPS": 0.52,
  "hienTaiPS": 0.559352159374704
}