{
  "minPB": 0.3237,
  "maxPB": 2.1959,
  "medianPB": 0.77,
  "hienTaiPB": 0.8355962955485594,
  "minPE": -121.1974,
  "maxPE": 417.373,
  "medianPE": 14.95,
  "hienTaiPE": 13.437491205559825,
  "minPS": 0.3103,
  "maxPS": 1.0825,
  "medianPS": 0.52,
  "hienTaiPS": 0.5563689478580389
}