{
  "minPB": 0.8055,
  "maxPB": 1.0001,
  "medianPB": 0.84,
  "hienTaiPB": 0.8307425190328618,
  "minPE": 12.9541,
  "maxPE": 17.479,
  "medianPE": 14.68,
  "hienTaiPE": 13.359436073445313,
  "minPS": 0.2065,
  "maxPS": 1.0726,
  "medianPS": 0.5,
  "hienTaiPS": 0.5531371353816518
}