{
  "minPB": 0.8055,
  "maxPB": 1.0001,
  "medianPB": 0.84,
  "hienTaiPB": 0.8467039764210214,
  "minPE": 12.9541,
  "maxPE": 17.479,
  "medianPE": 14.66,
  "hienTaiPE": 13.61611737328342,
  "minPS": 0.2065,
  "maxPS": 1.0726,
  "medianPS": 0.5,
  "hienTaiPS": 0.5637648264097711
}