{
  "minPB": 0.3237,
  "maxPB": 2.1924,
  "medianPB": 0.77,
  "hienTaiPB": 0.8494108902470835,
  "minPE": -119.1747,
  "maxPE": 412.6658,
  "medianPE": 14.93,
  "hienTaiPE": 13.65964812003959,
  "minPS": 0.3103,
  "maxPS": 1.0825,
  "medianPS": 0.52,
  "hienTaiPS": 0.5655671833677562
}