{
  "minPB": 0.3237,
  "maxPB": 2.1959,
  "medianPB": 0.77,
  "hienTaiPB": 0.8368097396774838,
  "minPE": -121.1974,
  "maxPE": 417.373,
  "medianPE": 14.94,
  "hienTaiPE": 13.457004988588452,
  "minPS": 0.3103,
  "maxPS": 1.0825,
  "medianPS": 0.52,
  "hienTaiPS": 0.5571769009771357
}