{
  "minPB": 0.5831,
  "maxPB": 1.4577,
  "medianPB": 0.79,
  "hienTaiPB": 0.6663971575841762,
  "minPE": 4.0842,
  "maxPE": 33.6618,
  "medianPE": 8.07,
  "hienTaiPE": 13.629056790353884,
  "minPS": 0.1742,
  "maxPS": 0.4948,
  "medianPS": 0.29,
  "hienTaiPS": 0.24243493505816785
}