{
  "minPB": 0.689,
  "maxPB": 0.6909,
  "medianPB": 0.69,
  "hienTaiPB": 0.6908840643611719,
  "minPE": -28.5014,
  "maxPE": -20.5413,
  "medianPE": -20.54,
  "hienTaiPE": -28.5014,
  "minPS": 1.6495,
  "maxPS": 5.0865,
  "medianPS": 2.2,
  "hienTaiPS": 2.1382384971111326
}