{
  "minPB": 0.5055,
  "maxPB": 1.1399,
  "medianPB": 0.67,
  "hienTaiPB": 0.6909098999132889,
  "minPE": -29.4881,
  "maxPE": -2.9995,
  "medianPE": -8.63,
  "hienTaiPE": -28.4575,
  "minPS": 1.6494,
  "maxPS": 5.0865,
  "medianPS": 2.2,
  "hienTaiPS": 2.1382384971111326
}