{
  "minPB": 0.2251,
  "maxPB": 1.3359,
  "medianPB": 0.44,
  "hienTaiPB": 0.3340631303600581,
  "minPE": -10.6351,
  "maxPE": 381.1399,
  "medianPE": 10.12,
  "hienTaiPE": -4.2991,
  "minPS": 0.1244,
  "maxPS": 1.2832,
  "medianPS": 0.25,
  "hienTaiPS": 0.16843420271847798
}