{
  "minPB": 0.2251,
  "maxPB": 1.3359,
  "medianPB": 0.44,
  "hienTaiPB": 0.30900839558305376,
  "minPE": -10.6351,
  "maxPE": 381.1399,
  "medianPE": 10.24,
  "hienTaiPE": -3.9767,
  "minPS": 0.1244,
  "maxPS": 0.6517,
  "medianPS": 0.25,
  "hienTaiPS": 0.15580163751459214
}