{
  "minPB": 1.5789,
  "maxPB": 3.1729,
  "medianPB": 2.6,
  "hienTaiPB": 2.766869177430096,
  "minPE": 9.1336,
  "maxPE": 18.3541,
  "medianPE": 15.05,
  "hienTaiPE": 16.00548628055982,
  "minPS": 0.8795,
  "maxPS": 16.8626,
  "medianPS": 1.43,
  "hienTaiPS": 1.126663678833222
}