{
  "minPB": 1.1699,
  "maxPB": 5.4774,
  "medianPB": 2.17,
  "hienTaiPB": 3.0108343855263002,
  "minPE": -72.5459,
  "maxPE": 34.1642,
  "medianPE": 11.02,
  "hienTaiPE": 15.974530979849188,
  "minPS": 0.7924,
  "maxPS": 16.8626,
  "medianPS": 1.42,
  "hienTaiPS": 1.2252436200707517
}