{
  "minPB": 1.5789,
  "maxPB": 3.1729,
  "medianPB": 2.57,
  "hienTaiPB": 2.6014585200837317,
  "minPE": 9.1336,
  "maxPE": 18.3541,
  "medianPE": 14.87,
  "hienTaiPE": 15.048636557265482,
  "minPS": 0.8795,
  "maxPS": 16.8626,
  "medianPS": 1.43,
  "hienTaiPS": 1.0593087849899316
}