{
  "minPB": 0.8884,
  "maxPB": 1.8652,
  "medianPB": 1.4,
  "hienTaiPB": 1.434456383937112,
  "minPE": 4.9523,
  "maxPE": 15.535,
  "medianPE": 8.68,
  "hienTaiPE": 8.869730790833584,
  "minPS": 2.0045,
  "maxPS": 4.6069,
  "medianPS": 3.09,
  "hienTaiPS": 4.095892018948323
}