{
  "minPB": 0.8884,
  "maxPB": 1.8652,
  "medianPB": 1.4,
  "hienTaiPB": 1.4199898209722772,
  "minPE": 4.9523,
  "maxPE": 15.535,
  "medianPE": 8.69,
  "hienTaiPE": 8.780279120916267,
  "minPS": 2.0045,
  "maxPS": 4.6069,
  "medianPS": 3.09,
  "hienTaiPS": 4.054584747111553
}