{
  "minPB": 0.8884,
  "maxPB": 1.8652,
  "medianPB": 1.4,
  "hienTaiPB": 1.4203898181049455,
  "minPE": 4.9523,
  "maxPE": 15.535,
  "medianPE": 8.69,
  "hienTaiPE": 8.782752438978498,
  "minPS": 2.0045,
  "maxPS": 4.6069,
  "medianPS": 3.09,
  "hienTaiPS": 4.055726883660035
}