{
  "minPB": 0.8884,
  "maxPB": 1.8652,
  "medianPB": 1.4,
  "hienTaiPB": 1.4333230587278853,
  "minPE": 4.9523,
  "maxPE": 15.535,
  "medianPE": 8.69,
  "hienTaiPE": 8.862723056323933,
  "minPS": 2.0045,
  "maxPS": 4.6069,
  "medianPS": 3.09,
  "hienTaiPS": 4.09265596539429
}