{
  "minPB": 0.8963,
  "maxPB": 3.1425,
  "medianPB": 1.69,
  "hienTaiPB": 1.4822368048286039,
  "minPE": 3.5653,
  "maxPE": 84.5454,
  "medianPE": 8.96,
  "hienTaiPE": 14.102019736274412,
  "minPS": 0.4294,
  "maxPS": 2.1338,
  "medianPS": 1.12,
  "hienTaiPS": 1.220701403774142
}