{
  "minPB": 0.8937,
  "maxPB": 3.1425,
  "medianPB": 1.69,
  "hienTaiPB": 1.459863419095342,
  "minPE": 3.5653,
  "maxPE": 84.5454,
  "medianPE": 8.96,
  "hienTaiPE": 13.889159061009893,
  "minPS": 0.4294,
  "maxPS": 2.1338,
  "medianPS": 1.12,
  "hienTaiPS": 1.2022757222077398
}