{
  "minPB": 0.8937,
  "maxPB": 3.1425,
  "medianPB": 1.69,
  "hienTaiPB": 1.4207099940621335,
  "minPE": 3.5653,
  "maxPE": 84.5454,
  "medianPE": 8.96,
  "hienTaiPE": 13.516652879296984,
  "minPS": 0.4294,
  "maxPS": 2.0242,
  "medianPS": 1.1,
  "hienTaiPS": 1.170030779466536
}