{
  "minPB": 0.6379,
  "maxPB": 10.9547,
  "medianPB": 2.73,
  "hienTaiPB": 2.985040328801797,
  "minPE": 4.4913,
  "maxPE": 56.1439,
  "medianPE": 10.7,
  "hienTaiPE": 20.786513991653333,
  "minPS": 0.8054,
  "maxPS": 48.8113,
  "medianPS": 3.17,
  "hienTaiPS": 34.26374781284137
}