{
  "minPB": 0.6366,
  "maxPB": 10.9893,
  "medianPB": 2.73,
  "hienTaiPB": 2.8428955512398066,
  "minPE": 4.4913,
  "maxPE": 56.1969,
  "medianPE": 10.7,
  "hienTaiPE": 19.796679992050795,
  "minPS": 0.8054,
  "maxPS": 48.8113,
  "medianPS": 3.17,
  "hienTaiPS": 32.63214077413464
}