{
  "minPB": 0.6379,
  "maxPB": 10.9547,
  "medianPB": 2.73,
  "hienTaiPB": 2.8571100289960056,
  "minPE": 4.4913,
  "maxPE": 56.1439,
  "medianPE": 10.7,
  "hienTaiPE": 19.89566339201105,
  "minPS": 0.8054,
  "maxPS": 48.8113,
  "medianPS": 3.17,
  "hienTaiPS": 32.795301478005314
}