{
  "minPB": 0.6379,
  "maxPB": 10.9547,
  "medianPB": 2.73,
  "hienTaiPB": 3.2693298839257774,
  "minPE": 4.4913,
  "maxPE": 56.1439,
  "medianPE": 10.7,
  "hienTaiPE": 22.766181990858414,
  "minPS": 0.8054,
  "maxPS": 48.354,
  "medianPS": 3.17,
  "hienTaiPS": 37.52696189025483
}