{
  "minPB": 0.6379,
  "maxPB": 10.9547,
  "medianPB": 2.73,
  "hienTaiPB": 3.0490054787046925,
  "minPE": 4.4913,
  "maxPE": 56.1439,
  "medianPE": 10.7,
  "hienTaiPE": 21.231939291474475,
  "minPS": 0.8054,
  "maxPS": 48.8113,
  "medianPS": 3.17,
  "hienTaiPS": 34.997970980259396
}