{
  "minPB": 1.9143,
  "maxPB": 2.8429,
  "medianPB": 2.18,
  "hienTaiPB": 2.8428955512398066,
  "minPE": 9.3981,
  "maxPE": 19.7967,
  "medianPE": 10.7,
  "hienTaiPE": 19.796679992050795,
  "minPS": 0.8055,
  "maxPS": 48.8113,
  "medianPS": 3.17,
  "hienTaiPS": 32.63214077413464
}