{
  "minPB": 0.6388,
  "maxPB": 1.5062,
  "medianPB": 1,
  "hienTaiPB": 1.2470715842395859,
  "minPE": 8.194,
  "maxPE": 15.8214,
  "medianPE": 11.5,
  "hienTaiPE": 11.801761913544832,
  "minPS": 0.7417,
  "maxPS": 1.3777,
  "medianPS": 1.01,
  "hienTaiPS": 1.0141775948354605
}