{
  "minPB": 0.6388,
  "maxPB": 1.5062,
  "medianPB": 1,
  "hienTaiPB": 1.3816986302654501,
  "minPE": 8.194,
  "maxPE": 15.8214,
  "medianPE": 11.5,
  "hienTaiPE": 13.075815756484332,
  "minPS": 0.7417,
  "maxPS": 1.3777,
  "medianPS": 1,
  "hienTaiPS": 1.1236626760961068
}