{
  "minPB": 1.2106,
  "maxPB": 1.3876,
  "medianPB": 1.25,
  "hienTaiPB": 1.3462704602586437,
  "minPE": 11.6006,
  "maxPE": 13.6634,
  "medianPE": 12.35,
  "hienTaiPE": 12.74053842939499,
  "minPS": 0.7417,
  "maxPS": 1.3777,
  "medianPS": 1.01,
  "hienTaiPS": 1.094850812606463
}