{
  "minPB": 0.6388,
  "maxPB": 1.5062,
  "medianPB": 1,
  "hienTaiPB": 1.4171268002722566,
  "minPE": 8.194,
  "maxPE": 15.8214,
  "medianPE": 11.5,
  "hienTaiPE": 13.411093083573673,
  "minPS": 0.7417,
  "maxPS": 1.3777,
  "medianPS": 1,
  "hienTaiPS": 1.1524745395857507
}