{
  "minPB": 1.2106,
  "maxPB": 1.4171,
  "medianPB": 1.25,
  "hienTaiPB": 1.4171268002722566,
  "minPE": 11.6006,
  "maxPE": 13.6634,
  "medianPE": 12.35,
  "hienTaiPE": 13.411093083573673,
  "minPS": 0.7417,
  "maxPS": 1.3777,
  "medianPS": 1.01,
  "hienTaiPS": 1.1524745395857507
}