{
  "minPB": 0.362,
  "maxPB": 3.2088,
  "medianPB": 2.03,
  "hienTaiPB": 0.3919806474126977,
  "minPE": 8.7413,
  "maxPE": 39.6952,
  "medianPE": 14.14,
  "hienTaiPE": 22.16460625649355,
  "minPS": 0.7685,
  "maxPS": 7.8929,
  "medianPS": 1.98,
  "hienTaiPS": 0.8338956383618963
}