{
  "minPB": 0.3629,
  "maxPB": 3.1994,
  "medianPB": 2.03,
  "hienTaiPB": 0.41587111576516467,
  "minPE": 8.7479,
  "maxPE": 39.6952,
  "medianPE": 14.16,
  "hienTaiPE": 23.515496479801282,
  "minPS": 0.7667,
  "maxPS": 7.7879,
  "medianPS": 2.09,
  "hienTaiPS": 0.8847199774945627
}