{
  "minPB": 0.362,
  "maxPB": 3.2088,
  "medianPB": 2.03,
  "hienTaiPB": 0.39640480821871016,
  "minPE": 8.7413,
  "maxPE": 39.6952,
  "medianPE": 14.14,
  "hienTaiPE": 22.414771112661647,
  "minPS": 0.7685,
  "maxPS": 7.8929,
  "medianPS": 1.98,
  "hienTaiPS": 0.8433075530160937
}