{
  "minPB": 0.362,
  "maxPB": 3.2088,
  "medianPB": 2.03,
  "hienTaiPB": 0.3972896403799126,
  "minPE": 8.7413,
  "maxPE": 39.6952,
  "medianPE": 14.14,
  "hienTaiPE": 22.464804083895267,
  "minPS": 0.7685,
  "maxPS": 7.8929,
  "medianPS": 1.98,
  "hienTaiPS": 0.8451899359469333
}