{
  "minPB": 0.362,
  "maxPB": 3.2088,
  "medianPB": 2.03,
  "hienTaiPB": 0.3910958152514953,
  "minPE": 8.7413,
  "maxPE": 39.6952,
  "medianPE": 14.15,
  "hienTaiPE": 22.11457328525993,
  "minPS": 0.7685,
  "maxPS": 7.8929,
  "medianPS": 1.98,
  "hienTaiPS": 0.8320132554310568
}