{
  "minPB": 0.1192,
  "maxPB": 2.5647,
  "medianPB": 0.42,
  "hienTaiPB": 0.3424574030093176,
  "minPE": 0.7652,
  "maxPE": 753.4507,
  "medianPE": 17.16,
  "hienTaiPE": 56.82474721787525,
  "minPS": 0.3794,
  "maxPS": 16.0592,
  "medianPS": 1.82,
  "hienTaiPS": 18.478611459770036
}