{
  "minPB": 0.1192,
  "maxPB": 2.5648,
  "medianPB": 0.42,
  "hienTaiPB": 0.32858841161018637,
  "minPE": 0.7652,
  "maxPE": 753.4507,
  "medianPE": 17.13,
  "hienTaiPE": 54.52343346761862,
  "minPS": 0.3794,
  "maxPS": 16.5718,
  "medianPS": 1.86,
  "hienTaiPS": 17.730256478533242
}