{
  "minPB": 0.1192,
  "maxPB": 2.5647,
  "medianPB": 0.42,
  "hienTaiPB": 0.35312585793172624,
  "minPE": 0.7652,
  "maxPE": 753.4507,
  "medianPE": 17.21,
  "hienTaiPE": 58.594988564226504,
  "minPS": 0.3794,
  "maxPS": 16.7991,
  "medianPS": 1.82,
  "hienTaiPS": 19.054269137644493
}