{
  "minPB": 0.1192,
  "maxPB": 2.5648,
  "medianPB": 0.42,
  "hienTaiPB": 0.3307221025946681,
  "minPE": 0.7652,
  "maxPE": 753.4507,
  "medianPE": 17.13,
  "hienTaiPE": 54.87748173688887,
  "minPS": 0.3794,
  "maxPS": 16.5311,
  "medianPS": 1.85,
  "hienTaiPS": 17.845388014108135
}