{
  "minPB": 0.1192,
  "maxPB": 2.5648,
  "medianPB": 0.42,
  "hienTaiPB": 0.3339226390713907,
  "minPE": 0.7652,
  "maxPE": 753.4507,
  "medianPE": 17.13,
  "hienTaiPE": 55.408554140794244,
  "minPS": 0.3794,
  "maxPS": 16.5311,
  "medianPS": 1.86,
  "hienTaiPS": 18.018085317470472
}