{
  "minPB": 0.1192,
  "maxPB": 2.5647,
  "medianPB": 0.42,
  "hienTaiPB": 0.34139055751707675,
  "minPE": 0.7652,
  "maxPE": 753.4507,
  "medianPE": 17.19,
  "hienTaiPE": 56.64772308324012,
  "minPS": 0.3794,
  "maxPS": 16.1488,
  "medianPS": 1.82,
  "hienTaiPS": 18.42104569198259
}