{
  "minPB": 0.1192,
  "maxPB": 2.5648,
  "medianPB": 0.42,
  "hienTaiPB": 0.3296552571024272,
  "minPE": 0.7652,
  "maxPE": 753.4507,
  "medianPE": 17.13,
  "hienTaiPE": 54.70045760225374,
  "minPS": 0.3794,
  "maxPS": 16.6896,
  "medianPS": 1.86,
  "hienTaiPS": 17.78782224632069
}