{
  "minPB": 0.1192,
  "maxPB": 2.5647,
  "medianPB": 0.42,
  "hienTaiPB": 0.33819002104035417,
  "minPE": 0.7652,
  "maxPE": 753.4507,
  "medianPE": 17.13,
  "hienTaiPE": 56.11665067933475,
  "minPS": 0.3794,
  "maxPS": 15.9738,
  "medianPS": 1.81,
  "hienTaiPS": 18.248348388620254
}