{
  "minPB": 0.1192,
  "maxPB": 2.5647,
  "medianPB": 0.42,
  "hienTaiPB": 0.3456579394860402,
  "minPE": 0.7652,
  "maxPE": 753.4507,
  "medianPE": 17.14,
  "hienTaiPE": 57.355819621780626,
  "minPS": 0.3794,
  "maxPS": 16.051,
  "medianPS": 1.81,
  "hienTaiPS": 18.651308763132374
}