{
  "minPB": 1.296,
  "maxPB": 3.5363,
  "medianPB": 2.12,
  "hienTaiPB": 1.7556126220284851,
  "minPE": 5.5699,
  "maxPE": 207.7036,
  "medianPE": 75.55,
  "hienTaiPE": 16.25978948869141,
  "minPS": 1.023,
  "maxPS": 13.2594,
  "medianPS": 6.54,
  "hienTaiPS": 4.976444631172076
}