{
  "minPB": 1.296,
  "maxPB": 3.5363,
  "medianPB": 2.12,
  "hienTaiPB": 1.8774610901296123,
  "minPE": 5.5699,
  "maxPE": 207.7036,
  "medianPE": 75.55,
  "hienTaiPE": 17.38830179031447,
  "minPS": 1.023,
  "maxPS": 13.2594,
  "medianPS": 6.54,
  "hienTaiPS": 5.321835264213764
}