{
  "minPB": 1.296,
  "maxPB": 3.5363,
  "medianPB": 2.12,
  "hienTaiPB": 1.9396286758954935,
  "minPE": 5.5699,
  "maxPE": 207.6501,
  "medianPE": 75.55,
  "hienTaiPE": 17.964073372775214,
  "minPS": 1.0246,
  "maxPS": 13.2594,
  "medianPS": 6.34,
  "hienTaiPS": 5.498054974949319
}