{
  "minPB": 1.296,
  "maxPB": 3.5363,
  "medianPB": 2.12,
  "hienTaiPB": 2.066450550857891,
  "minPE": 5.5699,
  "maxPE": 207.6769,
  "medianPE": 75.55,
  "hienTaiPE": 19.13864740099513,
  "minPS": 1.0246,
  "maxPS": 13.2594,
  "medianPS": 6.34,
  "hienTaiPS": 5.857543184849852
}