{
  "minPB": 1.296,
  "maxPB": 3.5363,
  "medianPB": 2.12,
  "hienTaiPB": 1.8327004283781778,
  "minPE": 5.5699,
  "maxPE": 207.6501,
  "medianPE": 75.55,
  "hienTaiPE": 16.97374625094273,
  "minPS": 1.0246,
  "maxPS": 13.2594,
  "medianPS": 6.34,
  "hienTaiPS": 5.194957072484165
}