{
  "minPB": 1.296,
  "maxPB": 3.5363,
  "medianPB": 2.12,
  "hienTaiPB": 1.9968228548001041,
  "minPE": 5.5699,
  "maxPE": 207.6501,
  "medianPE": 75.54,
  "hienTaiPE": 18.493783228639096,
  "minPS": 1.0246,
  "maxPS": 13.2594,
  "medianPS": 6.34,
  "hienTaiPS": 5.66017710882603
}