{
  "minPB": 0.4994,
  "maxPB": 3.2536,
  "medianPB": 1.3,
  "hienTaiPB": 0.9814586673440708,
  "minPE": -11.1322,
  "maxPE": 226.7028,
  "medianPE": 6.97,
  "hienTaiPE": 18.89399709672213,
  "minPS": 0.0917,
  "maxPS": 1.1295,
  "medianPS": 0.31,
  "hienTaiPS": 0.26962270514305686
}