{
  "minPB": 0.4995,
  "maxPB": 3.2536,
  "medianPB": 1.3,
  "hienTaiPB": 1.0653440235273248,
  "minPE": -11.0736,
  "maxPE": 226.7028,
  "medianPE": 6.97,
  "hienTaiPE": 20.50886864345052,
  "minPS": 0.0917,
  "maxPS": 1.1295,
  "medianPS": 0.31,
  "hienTaiPS": 0.2926673807963096
}