{
  "minPB": 0.4994,
  "maxPB": 3.2536,
  "medianPB": 1.3,
  "hienTaiPB": 0.9898472029623963,
  "minPE": -11.1321,
  "maxPE": 226.7028,
  "medianPE": 6.96,
  "hienTaiPE": 19.055484251394972,
  "minPS": 0.0911,
  "maxPS": 0.8288,
  "medianPS": 0.3,
  "hienTaiPS": 0.2719271727083821
}