{
  "minPB": 0.4994,
  "maxPB": 3.2536,
  "medianPB": 1.3,
  "hienTaiPB": 0.9451083463313276,
  "minPE": -11.1321,
  "maxPE": 226.7028,
  "medianPE": 6.96,
  "hienTaiPE": 18.194219426473165,
  "minPS": 0.0911,
  "maxPS": 0.8288,
  "medianPS": 0.3,
  "hienTaiPS": 0.2596366790266474
}