{
  "minPB": 0.4995,
  "maxPB": 3.2536,
  "medianPB": 1.3,
  "hienTaiPB": 0.9926433815018381,
  "minPE": -11.1029,
  "maxPE": 226.7028,
  "medianPE": 6.97,
  "hienTaiPE": 19.109313302952582,
  "minPS": 0.0917,
  "maxPS": 1.1295,
  "medianPS": 0.31,
  "hienTaiPS": 0.2726953285634906
}