{
  "minPB": 0.3128,
  "maxPB": 1.6834,
  "medianPB": 0.5,
  "hienTaiPB": 0.3579311365263645,
  "minPE": 1.9055,
  "maxPE": 29.6236,
  "medianPE": 9.37,
  "hienTaiPE": 22.79856743642093,
  "minPS": 0.1828,
  "maxPS": 1.2741,
  "medianPS": 0.52,
  "hienTaiPS": 1.135592272514624
}