{
  "minPB": 0.3128,
  "maxPB": 1.6834,
  "medianPB": 0.5,
  "hienTaiPB": 0.36055014484241105,
  "minPE": 1.9055,
  "maxPE": 29.6236,
  "medianPE": 9.37,
  "hienTaiPE": 22.965386222541085,
  "minPS": 0.1828,
  "maxPS": 1.2741,
  "medianPS": 0.52,
  "hienTaiPS": 1.143901484264731
}