{
  "minPB": 0.3128,
  "maxPB": 1.6834,
  "medianPB": 0.5,
  "hienTaiPB": 0.35967714207039553,
  "minPE": 1.9055,
  "maxPE": 29.6236,
  "medianPE": 9.36,
  "hienTaiPE": 22.909779960501034,
  "minPS": 0.1828,
  "maxPS": 1.2777,
  "medianPS": 0.53,
  "hienTaiPS": 1.1411317470146953
}