{
  "minPB": 0.3128,
  "maxPB": 1.6834,
  "medianPB": 0.5,
  "hienTaiPB": 0.3544391254383024,
  "minPE": 1.9055,
  "maxPE": 29.6236,
  "medianPE": 9.35,
  "hienTaiPE": 22.576142388260728,
  "minPS": 0.1828,
  "maxPS": 1.2777,
  "medianPS": 0.53,
  "hienTaiPS": 1.1245133235144813
}