{
  "minPB": 0.3128,
  "maxPB": 1.6834,
  "medianPB": 0.5,
  "hienTaiPB": 0.3718991808786129,
  "minPE": 1.9055,
  "maxPE": 29.6236,
  "medianPE": 9.37,
  "hienTaiPE": 23.688267629061748,
  "minPS": 0.1828,
  "maxPS": 1.2741,
  "medianPS": 0.52,
  "hienTaiPS": 1.1799080685151948
}