{
  "minPB": 0.3128,
  "maxPB": 1.6834,
  "medianPB": 0.5,
  "hienTaiPB": 0.3710261781065973,
  "minPE": 1.9055,
  "maxPE": 29.6236,
  "medianPE": 9.37,
  "hienTaiPE": 23.632661367021697,
  "minPS": 0.1828,
  "maxPS": 1.2741,
  "medianPS": 0.52,
  "hienTaiPS": 1.177138331265159
}