{
  "minPB": 0.277,
  "maxPB": 1.0506,
  "medianPB": 0.44,
  "hienTaiPB": 0.34910057062955036,
  "minPE": -34.6128,
  "maxPE": 60.5678,
  "medianPE": 3.64,
  "hienTaiPE": -1.4349,
  "minPS": 0.0655,
  "maxPS": 0.2449,
  "medianPS": 0.1,
  "hienTaiPS": 0.09832633886717282
}