{
  "minPB": 0.649,
  "maxPB": 1.1737,
  "medianPB": 0.82,
  "hienTaiPB": 0.9344372951522381,
  "minPE": 7.616,
  "maxPE": 22.158,
  "medianPE": 12.56,
  "hienTaiPE": 8.491136349526135,
  "minPS": 0.2524,
  "maxPS": 0.5055,
  "medianPS": 0.34,
  "hienTaiPS": 0.44092855032260847
}