{
  "minPB": 0.6867,
  "maxPB": 0.8795,
  "medianPB": 0.74,
  "hienTaiPB": 0.8794703954374006,
  "minPE": 7.5937,
  "maxPE": 9.1819,
  "medianPE": 7.69,
  "hienTaiPE": 7.991657740730481,
  "minPS": 0.2524,
  "maxPS": 0.5055,
  "medianPS": 0.34,
  "hienTaiPS": 0.4149915767742198
}