{
  "minPB": 0.6867,
  "maxPB": 0.9381,
  "medianPB": 0.74,
  "hienTaiPB": 0.943354147772645,
  "minPE": 7.5937,
  "maxPE": 9.1819,
  "medianPE": 7.71,
  "hienTaiPE": 8.572162879397432,
  "minPS": 0.2524,
  "maxPS": 0.5055,
  "medianPS": 0.34,
  "hienTaiPS": 0.4451361038093471
}