{
  "minPB": 0.649,
  "maxPB": 1.1737,
  "medianPB": 0.82,
  "hienTaiPB": 0.9527595950571839,
  "minPE": 7.616,
  "maxPE": 22.158,
  "medianPE": 12.87,
  "hienTaiPE": 8.657629219124688,
  "minPS": 0.2524,
  "maxPS": 0.5055,
  "medianPS": 0.34,
  "hienTaiPS": 0.4495742081720714
}