{
  "minPB": 0.6867,
  "maxPB": 0.8856,
  "medianPB": 0.74,
  "hienTaiPB": 0.9071370682938688,
  "minPE": 7.5937,
  "maxPE": 9.1819,
  "medianPE": 7.7,
  "hienTaiPE": 8.243061973824293,
  "minPS": 0.2524,
  "maxPS": 0.5055,
  "medianPS": 0.34,
  "hienTaiPS": 0.42804652012690875
}