{
  "minPB": 0.649,
  "maxPB": 1.1737,
  "medianPB": 0.82,
  "hienTaiPB": 0.9451863777631396,
  "minPE": 7.616,
  "maxPE": 22.158,
  "medianPE": 12.87,
  "hienTaiPE": 8.588812166357286,
  "minPS": 0.2524,
  "maxPS": 0.5055,
  "medianPS": 0.34,
  "hienTaiPS": 0.4460006695942934
}