{
  "minPB": 0.3257,
  "maxPB": 2.9229,
  "medianPB": 0.47,
  "hienTaiPB": 0.39988426409732025,
  "minPE": -520.4712,
  "maxPE": 117.7138,
  "medianPE": 18.23,
  "hienTaiPE": 17.02173012826527,
  "minPS": 0.0696,
  "maxPS": 0.631,
  "medianPS": 0.13,
  "hienTaiPS": 0.07544084231540954
}