{
  "minPB": 0.3257,
  "maxPB": 2.9229,
  "medianPB": 0.47,
  "hienTaiPB": 0.39006892306947694,
  "minPE": -520.4712,
  "maxPE": 117.7138,
  "medianPE": 18.25,
  "hienTaiPE": 16.60392402511694,
  "minPS": 0.0696,
  "maxPS": 0.631,
  "medianPS": 0.13,
  "hienTaiPS": 0.07358911254948584
}