{
  "minPB": 0.3323,
  "maxPB": 0.3894,
  "medianPB": 0.35,
  "hienTaiPB": 0.3925227583264378,
  "minPE": 16.101,
  "maxPE": 22.3883,
  "medianPE": 20.21,
  "hienTaiPE": 16.708375550904023,
  "minPS": 0.0682,
  "maxPS": 0.631,
  "medianPS": 0.12,
  "hienTaiPS": 0.07405204499096676
}