{
  "minPB": 0.3323,
  "maxPB": 0.3862,
  "medianPB": 0.35,
  "hienTaiPB": 0.3817077066383512,
  "minPE": 16.101,
  "maxPE": 22.3883,
  "medianPE": 20.21,
  "hienTaiPE": 16.24801512243503,
  "minPS": 0.0682,
  "maxPS": 0.631,
  "medianPS": 0.12,
  "hienTaiPS": 0.07201171311925456
}