{
  "minPB": 0.3257,
  "maxPB": 2.9229,
  "medianPB": 0.48,
  "hienTaiPB": 0.38161682385105633,
  "minPE": -520.4712,
  "maxPE": 117.7138,
  "medianPE": 18.25,
  "hienTaiPE": 16.24414654740588,
  "minPS": 0.0696,
  "maxPS": 0.631,
  "medianPS": 0.13,
  "hienTaiPS": 0.07199456747327379
}