{
  "minPB": 0.3257,
  "maxPB": 2.9229,
  "medianPB": 0.48,
  "hienTaiPB": 0.3744370836547635,
  "minPE": -520.4712,
  "maxPE": 117.7138,
  "medianPE": 18.26,
  "hienTaiPE": 15.938529120102935,
  "minPS": 0.0696,
  "maxPS": 0.631,
  "medianPS": 0.13,
  "hienTaiPS": 0.07064006144079257
}