{
  "minPB": 0.3263,
  "maxPB": 2.9174,
  "medianPB": 0.47,
  "hienTaiPB": 0.39988426409732025,
  "minPE": -519.9285,
  "maxPE": 117.5387,
  "medianPE": 18.2,
  "hienTaiPE": 17.02173012826527,
  "minPS": 0.0696,
  "maxPS": 0.6305,
  "medianPS": 0.13,
  "hienTaiPS": 0.07544084231540954
}