{
  "minPB": 0.3257,
  "maxPB": 2.9229,
  "medianPB": 0.47,
  "hienTaiPB": 0.3907959853678357,
  "minPE": -520.4712,
  "maxPE": 117.7138,
  "medianPE": 18.25,
  "hienTaiPE": 16.63487262535015,
  "minPS": 0.0696,
  "maxPS": 0.631,
  "medianPS": 0.13,
  "hienTaiPS": 0.07372627771733205
}