{
  "minPB": 0.3323,
  "maxPB": 0.3925,
  "medianPB": 0.35,
  "hienTaiPB": 0.39261364111373265,
  "minPE": 16.101,
  "maxPE": 22.3883,
  "medianPE": 20.2,
  "hienTaiPE": 16.712244125933175,
  "minPS": 0.0682,
  "maxPS": 0.631,
  "medianPS": 0.12,
  "hienTaiPS": 0.07406919063694754
}