{
  "minPB": 0.4073,
  "maxPB": 2.0557,
  "medianPB": 1.1,
  "hienTaiPB": 0.9754455648042639,
  "minPE": -29.2163,
  "maxPE": 780.4376,
  "medianPE": 11.47,
  "hienTaiPE": 73.13183620226513,
  "minPS": 0.1374,
  "maxPS": 1.237,
  "medianPS": 0.67,
  "hienTaiPS": 0.6900965771639653
}