{
  "minPB": 0.4073,
  "maxPB": 2.0534,
  "medianPB": 1.1,
  "hienTaiPB": 1.010702633411647,
  "minPE": -29.2163,
  "maxPE": 780.4376,
  "medianPE": 11.49,
  "hienTaiPE": 75.7751555830699,
  "minPS": 0.1374,
  "maxPS": 1.2364,
  "medianPS": 0.67,
  "hienTaiPS": 0.7150398269409761
}