{
  "minPB": 0.4073,
  "maxPB": 2.0557,
  "medianPB": 1.1,
  "hienTaiPB": 0.9597757565343159,
  "minPE": -29.2163,
  "maxPE": 780.4376,
  "medianPE": 11.47,
  "hienTaiPE": 71.95702758857414,
  "minPS": 0.1374,
  "maxPS": 1.237,
  "medianPS": 0.67,
  "hienTaiPS": 0.6790106883741828
}