{
  "minPB": 0.4073,
  "maxPB": 2.0512,
  "medianPB": 1.1,
  "hienTaiPB": 1.002867729276673,
  "minPE": -29.2163,
  "maxPE": 780.4376,
  "medianPE": 11.5,
  "hienTaiPE": 75.1877512762244,
  "minPS": 0.1374,
  "maxPS": 1.2338,
  "medianPS": 0.67,
  "hienTaiPS": 0.7094968825460848
}