{
  "minPB": 0.4073,
  "maxPB": 2.0557,
  "medianPB": 1.1,
  "hienTaiPB": 0.963693208601803,
  "minPE": -29.2163,
  "maxPE": 780.4376,
  "medianPE": 11.48,
  "hienTaiPE": 72.25072974199688,
  "minPS": 0.1374,
  "maxPS": 1.237,
  "medianPS": 0.67,
  "hienTaiPS": 0.6817821605716284
}