{
  "minPB": 0.5288,
  "maxPB": 1.6702,
  "medianPB": 1.18,
  "hienTaiPB": 1.4157642327138795,
  "minPE": 2.6439,
  "maxPE": 13.4363,
  "medianPE": 6.68,
  "hienTaiPE": 13.994474482179637,
  "minPS": 0.0828,
  "maxPS": 0.4097,
  "medianPS": 0.18,
  "hienTaiPS": 0.4227627427926563
}