{
  "minPB": 0.5288,
  "maxPB": 1.671,
  "medianPB": 1.18,
  "hienTaiPB": 1.3449760210781856,
  "minPE": 2.6439,
  "maxPE": 13.8682,
  "medianPE": 6.68,
  "hienTaiPE": 13.294750758070656,
  "minPS": 0.0829,
  "maxPS": 0.3986,
  "medianPS": 0.18,
  "hienTaiPS": 0.4016246056530235
}