{
  "minPB": 0.3702,
  "maxPB": 0.8798,
  "medianPB": 0.52,
  "hienTaiPB": 0.4003430811205448,
  "minPE": -51.8661,
  "maxPE": 592.5549,
  "medianPE": 9.88,
  "hienTaiPE": 57.632059542245216,
  "minPS": 0.3325,
  "maxPS": 1.2012,
  "medianPS": 0.6,
  "hienTaiPS": 0.24565548928236483
}