{
  "minPB": 0.3607,
  "maxPB": 0.387,
  "medianPB": 0.37,
  "hienTaiPB": 0.3710496849409927,
  "minPE": 52.0094,
  "maxPE": 80.8866,
  "medianPE": 78.23,
  "hienTaiPE": 53.41507957573946,
  "minPS": 0.3193,
  "maxPS": 1.2001,
  "medianPS": 0.59,
  "hienTaiPS": 0.2276806973836552
}