{
  "minPB": 0.3702,
  "maxPB": 0.8798,
  "medianPB": 0.52,
  "hienTaiPB": 0.4073734962036373,
  "minPE": -51.8661,
  "maxPE": 592.5549,
  "medianPE": 9.87,
  "hienTaiPE": 58.64413473420659,
  "minPS": 0.3326,
  "maxPS": 1.2012,
  "medianPS": 0.6,
  "hienTaiPS": 0.24996943933805515
}