{
  "minPB": 0.3702,
  "maxPB": 0.8798,
  "medianPB": 0.52,
  "hienTaiPB": 0.3710496849409927,
  "minPE": -51.8661,
  "maxPE": 592.5549,
  "medianPE": 9.87,
  "hienTaiPE": 53.41507957573946,
  "minPS": 0.3327,
  "maxPS": 1.2012,
  "medianPS": 0.6,
  "hienTaiPS": 0.2276806973836552
}