{
  "minPB": 0.3607,
  "maxPB": 0.387,
  "medianPB": 0.37,
  "hienTaiPB": 0.37222142078817483,
  "minPE": 52.0094,
  "maxPE": 80.8866,
  "medianPE": 78.21,
  "hienTaiPE": 53.5837587743997,
  "minPS": 0.318,
  "maxPS": 1.2001,
  "medianPS": 0.59,
  "hienTaiPS": 0.2283996890596036
}