{
  "minPB": 0.3702,
  "maxPB": 0.8798,
  "medianPB": 0.52,
  "hienTaiPB": 0.3997572131969538,
  "minPE": -51.8661,
  "maxPE": 592.5549,
  "medianPE": 9.87,
  "hienTaiPE": 57.547719942915094,
  "minPS": 0.3326,
  "maxPS": 1.2012,
  "medianPS": 0.6,
  "hienTaiPS": 0.24529599344439065
}