{
  "minPB": 0.3607,
  "maxPB": 0.387,
  "medianPB": 0.37,
  "hienTaiPB": 0.37134261890278825,
  "minPE": 52.0094,
  "maxPE": 80.8866,
  "medianPE": 78.22,
  "hienTaiPE": 53.45724937540452,
  "minPS": 0.3182,
  "maxPS": 1.2001,
  "medianPS": 0.59,
  "hienTaiPS": 0.2278604453026423
}