{
  "minPB": 0.3607,
  "maxPB": 0.387,
  "medianPB": 0.37,
  "hienTaiPB": 0.3697803044398788,
  "minPE": 52.0094,
  "maxPE": 80.8866,
  "medianPE": 78.23,
  "hienTaiPE": 53.232343777190884,
  "minPS": 0.3186,
  "maxPS": 1.2001,
  "medianPS": 0.59,
  "hienTaiPS": 0.22690178973471112
}