{
  "minPB": 0.8974,
  "maxPB": 1.9616,
  "medianPB": 1.18,
  "hienTaiPB": 2.0941700047210605,
  "minPE": 2.848,
  "maxPE": 7.9251,
  "medianPE": 5.09,
  "hienTaiPE": 6.588132858178402,
  "minPS": 0.1012,
  "maxPS": 0.3496,
  "medianPS": 0.14,
  "hienTaiPS": 0.36264257403479566
}