{
  "minPB": 0.8975,
  "maxPB": 1.9616,
  "medianPB": 1.18,
  "hienTaiPB": 2.0167590512391538,
  "minPE": 2.8481,
  "maxPE": 7.9332,
  "medianPE": 5.06,
  "hienTaiPE": 6.344602655249629,
  "minPS": 0.1015,
  "maxPS": 0.3532,
  "medianPS": 0.14,
  "hienTaiPS": 0.3492374983409024
}