{
  "minPB": 0.8974,
  "maxPB": 1.9616,
  "medianPB": 1.18,
  "hienTaiPB": 2.0656501797540425,
  "minPE": 2.848,
  "maxPE": 7.9251,
  "medianPE": 5.07,
  "hienTaiPE": 6.498411204467801,
  "minPS": 0.1012,
  "maxPS": 0.3489,
  "medianPS": 0.14,
  "hienTaiPS": 0.3577038619370455
}