{
  "minPB": 0.8975,
  "maxPB": 1.9599,
  "medianPB": 1.18,
  "hienTaiPB": 2.045278876206172,
  "minPE": 2.8481,
  "maxPE": 7.9332,
  "medianPE": 5.06,
  "hienTaiPE": 6.434324308960229,
  "minPS": 0.1015,
  "maxPS": 0.3532,
  "medianPS": 0.14,
  "hienTaiPS": 0.35417621043865255
}