{
  "minPB": 0.8974,
  "maxPB": 1.9616,
  "medianPB": 1.18,
  "hienTaiPB": 2.0860214833019124,
  "minPE": 2.848,
  "maxPE": 7.9251,
  "medianPE": 5.08,
  "hienTaiPE": 6.5624980999753735,
  "minPS": 0.1012,
  "maxPS": 0.3496,
  "medianPS": 0.14,
  "hienTaiPS": 0.36123151343543847
}