{
  "minPB": 0.8974,
  "maxPB": 1.962,
  "medianPB": 1.18,
  "hienTaiPB": 2.0575016583348944,
  "minPE": 2.848,
  "maxPE": 7.9251,
  "medianPE": 5.09,
  "hienTaiPE": 6.472776446264772,
  "minPS": 0.1012,
  "maxPS": 0.3499,
  "medianPS": 0.14,
  "hienTaiPS": 0.3562928013376883
}