{
  "minPB": 0.8974,
  "maxPB": 1.9703,
  "medianPB": 1.18,
  "hienTaiPB": 2.035093224432237,
  "minPE": 2.848,
  "maxPE": 7.9251,
  "medianPE": 5.09,
  "hienTaiPE": 6.402280861206443,
  "minPS": 0.1012,
  "maxPS": 0.3513,
  "medianPS": 0.14,
  "hienTaiPS": 0.35241238468945607
}