{
  "minPB": 0.5769,
  "maxPB": 1.1926,
  "medianPB": 0.84,
  "hienTaiPB": 0.8628597683127515,
  "minPE": 3.7935,
  "maxPE": 13.7205,
  "medianPE": 6.46,
  "hienTaiPE": 6.825755107142308,
  "minPS": 0.7356,
  "maxPS": 2.008,
  "medianPS": 1.08,
  "hienTaiPS": 0.8887875094921692
}