{
  "minPB": 0.5769,
  "maxPB": 1.1926,
  "medianPB": 0.84,
  "hienTaiPB": 0.8900559214687408,
  "minPE": 3.7935,
  "maxPE": 13.7205,
  "medianPE": 6.47,
  "hienTaiPE": 7.040893520261407,
  "minPS": 0.7356,
  "maxPS": 2.008,
  "medianPS": 1.08,
  "hienTaiPS": 0.9168008693902032
}