{
  "minPB": 0.5769,
  "maxPB": 1.1926,
  "medianPB": 0.84,
  "hienTaiPB": 0.8480255029549392,
  "minPE": 3.7936,
  "maxPE": 13.7205,
  "medianPE": 6.46,
  "hienTaiPE": 6.708406881804618,
  "minPS": 0.7356,
  "maxPS": 2.0027,
  "medianPS": 1.07,
  "hienTaiPS": 0.8735074950023325
}