{
  "minPB": 0.3919,
  "maxPB": 4.9973,
  "medianPB": 1.15,
  "hienTaiPB": 1.9023111535361596,
  "minPE": 4.5853,
  "maxPE": 29.361,
  "medianPE": 8.55,
  "hienTaiPE": 13.02886054022766,
  "minPS": 0.156,
  "maxPS": 0.6499,
  "medianPS": 0.28,
  "hienTaiPS": 0.7054358069560797
}