{
  "minPB": 0.3824,
  "maxPB": 5.0229,
  "medianPB": 1.15,
  "hienTaiPB": 1.9349969121879835,
  "minPE": 4.5853,
  "maxPE": 29.3649,
  "medianPE": 8.55,
  "hienTaiPE": 13.252724123393083,
  "minPS": 0.1561,
  "maxPS": 0.6499,
  "medianPS": 0.28,
  "hienTaiPS": 0.7175566971099642
}