{
  "minPB": 0.3824,
  "maxPB": 5.0229,
  "medianPB": 1.15,
  "hienTaiPB": 1.9317283363228013,
  "minPE": 4.5853,
  "maxPE": 29.3649,
  "medianPE": 8.55,
  "hienTaiPE": 13.230337765076541,
  "minPS": 0.156,
  "maxPS": 0.6499,
  "medianPS": 0.28,
  "hienTaiPS": 0.7163446080945758
}