{
  "minPB": 0.3919,
  "maxPB": 4.9973,
  "medianPB": 1.15,
  "hienTaiPB": 1.9153854569968891,
  "minPE": 4.5853,
  "maxPE": 29.361,
  "medianPE": 8.55,
  "hienTaiPE": 13.118405973493829,
  "minPS": 0.156,
  "maxPS": 0.6499,
  "medianPS": 0.28,
  "hienTaiPS": 0.7102841630176335
}