{
  "minPB": 0.3824,
  "maxPB": 5.0229,
  "medianPB": 1.15,
  "hienTaiPB": 1.921922608727254,
  "minPE": 4.5853,
  "maxPE": 29.3649,
  "medianPE": 8.55,
  "hienTaiPE": 13.163178690126914,
  "minPS": 0.1561,
  "maxPS": 0.6499,
  "medianPS": 0.28,
  "hienTaiPS": 0.7127083410484104
}