{
  "minPB": 0.9373,
  "maxPB": 1.1718,
  "medianPB": 1,
  "hienTaiPB": 0.9602339635761244,
  "minPE": -127.8742,
  "maxPE": -102.0668,
  "medianPE": -110.75,
  "hienTaiPE": -87.6629,
  "minPS": 0.4242,
  "maxPS": 8.8561,
  "medianPS": 4.48,
  "hienTaiPS": 2.906568112288588
}