{
  "minPB": 0.712,
  "maxPB": 1.9705,
  "medianPB": 1.18,
  "hienTaiPB": 1.056257359933737,
  "minPE": -3838.3862,
  "maxPE": 26234.271,
  "medianPE": -50.28,
  "hienTaiPE": -95.8174,
  "minPS": 0.4203,
  "maxPS": 8.8561,
  "medianPS": 4.46,
  "hienTaiPS": 3.197224923517447
}