{
  "minPB": 0.9373,
  "maxPB": 1.1718,
  "medianPB": 1,
  "hienTaiPB": 0.9602339635761244,
  "minPE": -127.8742,
  "maxPE": -102.2862,
  "medianPE": -110.76,
  "hienTaiPE": -105.2914,
  "minPS": 0.4242,
  "maxPS": 8.8561,
  "medianPS": 4.49,
  "hienTaiPS": 4.325476252561597
}