{
  "minPB": 0.712,
  "maxPB": 1.9705,
  "medianPB": 1.18,
  "hienTaiPB": 0.9602339635761244,
  "minPE": -3838.3862,
  "maxPE": 26234.271,
  "medianPE": -49.26,
  "hienTaiPE": -93.5985,
  "minPS": 0.4203,
  "maxPS": 8.8561,
  "medianPS": 4.46,
  "hienTaiPS": 2.906568112288588
}