{
  "minPB": 0.712,
  "maxPB": 1.9705,
  "medianPB": 1.18,
  "hienTaiPB": 1.0495557270629452,
  "minPE": -3838.3862,
  "maxPE": 26234.271,
  "medianPE": -49.43,
  "hienTaiPE": -87.6629,
  "minPS": 0.4203,
  "maxPS": 8.8561,
  "medianPS": 4.46,
  "hienTaiPS": 3.176939500233766
}