{
  "minPB": 0.4772,
  "maxPB": 2.8975,
  "medianPB": 0.99,
  "hienTaiPB": 0.5850586784942652,
  "minPE": -96.2123,
  "maxPE": 46.827,
  "medianPE": 4.63,
  "hienTaiPE": 48.08757351702435,
  "minPS": 0.1391,
  "maxPS": 0.8327,
  "medianPS": 0.35,
  "hienTaiPS": 0.7743528944149545
}