{
  "minPB": 0.4766,
  "maxPB": 2.9015,
  "medianPB": 0.99,
  "hienTaiPB": 0.6169387679379487,
  "minPE": -103.3497,
  "maxPE": 46.4984,
  "medianPE": 4.62,
  "hienTaiPE": 50.70788529292679,
  "minPS": 0.1388,
  "maxPS": 0.8308,
  "medianPS": 0.36,
  "hienTaiPS": 0.8165477039996241
}