{
  "minPB": 0.4766,
  "maxPB": 2.9015,
  "medianPB": 0.99,
  "hienTaiPB": 0.6582648098093902,
  "minPE": -103.3497,
  "maxPE": 46.4984,
  "medianPE": 4.62,
  "hienTaiPE": 54.10458574317069,
  "minPS": 0.1388,
  "maxPS": 0.8327,
  "medianPS": 0.36,
  "hienTaiPS": 0.8712446793871587
}