{
  "minPB": 0.4772,
  "maxPB": 2.8975,
  "medianPB": 0.99,
  "hienTaiPB": 0.5962757470022279,
  "minPE": -96.2123,
  "maxPE": 47.1556,
  "medianPE": 4.64,
  "hienTaiPE": 49.00953506780484,
  "minPS": 0.1391,
  "maxPS": 0.8327,
  "medianPS": 0.35,
  "hienTaiPS": 0.7891992163058568
}