{
  "minPB": 0.4772,
  "maxPB": 2.8975,
  "medianPB": 0.99,
  "hienTaiPB": 0.6228424882052974,
  "minPE": -96.2123,
  "maxPE": 47.3199,
  "medianPE": 4.65,
  "hienTaiPE": 51.19312821439021,
  "minPS": 0.1391,
  "maxPS": 0.8327,
  "medianPS": 0.35,
  "hienTaiPS": 0.8243615576264147
}