{
  "minPB": 0.4772,
  "maxPB": 2.8975,
  "medianPB": 0.99,
  "hienTaiPB": 0.6198906280716231,
  "minPE": -96.2123,
  "maxPE": 47.1556,
  "medianPE": 4.65,
  "hienTaiPE": 50.9505067536585,
  "minPS": 0.1391,
  "maxPS": 0.8327,
  "medianPS": 0.35,
  "hienTaiPS": 0.8204546308130194
}