{
  "minPB": 0.4772,
  "maxPB": 2.8975,
  "medianPB": 0.99,
  "hienTaiPB": 0.6021794672695767,
  "minPE": -96.2123,
  "maxPE": 47.6485,
  "medianPE": 4.66,
  "hienTaiPE": 49.49477798926826,
  "minPS": 0.1391,
  "maxPS": 0.8327,
  "medianPS": 0.35,
  "hienTaiPS": 0.7970130699326474
}