{
  "minPB": 0.4772,
  "maxPB": 2.8975,
  "medianPB": 0.99,
  "hienTaiPB": 0.6169387679379487,
  "minPE": -96.2123,
  "maxPE": 47.4842,
  "medianPE": 4.65,
  "hienTaiPE": 50.70788529292679,
  "minPS": 0.1391,
  "maxPS": 0.8327,
  "medianPS": 0.35,
  "hienTaiPS": 0.8165477039996241
}