{
  "minPB": 0.3053,
  "maxPB": 4.3232,
  "medianPB": 0.76,
  "hienTaiPB": 0.5424397131307264,
  "minPE": -64.8988,
  "maxPE": 3892.025,
  "medianPE": 12.45,
  "hienTaiPE": -3.594,
  "minPS": 0.2156,
  "maxPS": 368.8847,
  "medianPS": 1.16,
  "hienTaiPS": 292.27389078867554
}