{
  "minPB": 0.2211,
  "maxPB": 0.2891,
  "medianPB": 0.24,
  "hienTaiPB": 0.24686908567911017,
  "minPE": -4.2843,
  "maxPE": -3.0542,
  "medianPE": -3.29,
  "hienTaiPE": -3.7487,
  "minPS": 0.3166,
  "maxPS": 6.069,
  "medianPS": 2.42,
  "hienTaiPS": 5.450692058363747
}