{
  "minPB": 0.0748,
  "maxPB": 0.6966,
  "medianPB": 0.19,
  "hienTaiPB": 0.27487163332399184,
  "minPE": -69.189,
  "maxPE": 23.4569,
  "medianPE": -2.49,
  "hienTaiPE": -3.7487,
  "minPS": 0.3166,
  "maxPS": 5.8776,
  "medianPS": 2.24,
  "hienTaiPS": 6.068968193028528
}