{
  "minPB": 0.2211,
  "maxPB": 0.2891,
  "medianPB": 0.24,
  "hienTaiPB": 0.24051267915849286,
  "minPE": -4.2843,
  "maxPE": -3.0542,
  "medianPE": -3.29,
  "hienTaiPE": -3.7488,
  "minPS": 0.3166,
  "maxPS": 6.069,
  "medianPS": 2.41,
  "hienTaiPS": 5.310347168899962
}