{
  "minPB": 0.0748,
  "maxPB": 0.6966,
  "medianPB": 0.19,
  "hienTaiPB": 0.29205111040674137,
  "minPE": -69.189,
  "maxPE": 23.4569,
  "medianPE": -2.49,
  "hienTaiPE": -4.8198,
  "minPS": 0.3166,
  "maxPS": 6.069,
  "medianPS": 2.24,
  "hienTaiPS": 6.448278705092811
}