{
  "minPB": 0.3607,
  "maxPB": 1.105,
  "medianPB": 0.58,
  "hienTaiPB": 0.3895936395189278,
  "minPE": 3.1538,
  "maxPE": 21.337,
  "medianPE": 7.44,
  "hienTaiPE": 13.73563124882253,
  "minPS": 0.3707,
  "maxPS": 2.428,
  "medianPS": 0.84,
  "hienTaiPS": 0.45206189753797965
}