{
  "minPB": 0.3607,
  "maxPB": 1.105,
  "medianPB": 0.58,
  "hienTaiPB": 0.3936519065972499,
  "minPE": 3.1538,
  "maxPE": 21.337,
  "medianPE": 7.43,
  "hienTaiPE": 13.878710740997764,
  "minPS": 0.3707,
  "maxPS": 2.428,
  "medianPS": 0.84,
  "hienTaiPS": 0.4567708756373336
}