{
  "minPB": 0.3607,
  "maxPB": 1.105,
  "medianPB": 0.58,
  "hienTaiPB": 0.3855353724406056,
  "minPE": 3.1538,
  "maxPE": 21.337,
  "medianPE": 7.44,
  "hienTaiPE": 13.592551756647294,
  "minPS": 0.3707,
  "maxPS": 2.428,
  "medianPS": 0.84,
  "hienTaiPS": 0.4473529194386257
}