{
  "minPB": 0.3607,
  "maxPB": 1.1055,
  "medianPB": 0.58,
  "hienTaiPB": 0.38837615939543113,
  "minPE": 3.1538,
  "maxPE": 21.8799,
  "medianPE": 7.43,
  "hienTaiPE": 13.69270740116996,
  "minPS": 0.3707,
  "maxPS": 2.428,
  "medianPS": 0.84,
  "hienTaiPS": 0.4506492041081735
}