{
  "minPB": 0.3607,
  "maxPB": 1.105,
  "medianPB": 0.58,
  "hienTaiPB": 0.37457805132913574,
  "minPE": 3.1538,
  "maxPE": 21.337,
  "medianPE": 7.45,
  "hienTaiPE": 13.20623712777416,
  "minPS": 0.3707,
  "maxPS": 2.4162,
  "medianPS": 0.84,
  "hienTaiPS": 0.43463867857037003
}