{
  "minPB": 0.3607,
  "maxPB": 1.1055,
  "medianPB": 0.58,
  "hienTaiPB": 0.3774188382839613,
  "minPE": 3.1538,
  "maxPE": 21.8799,
  "medianPE": 7.43,
  "hienTaiPE": 13.306392772296826,
  "minPS": 0.3697,
  "maxPS": 1.9206,
  "medianPS": 0.82,
  "hienTaiPS": 0.4379349632399178
}