{
  "minPB": 0.3316,
  "maxPB": 1.4474,
  "medianPB": 0.52,
  "hienTaiPB": 0.4047124682053063,
  "minPE": 1.1279,
  "maxPE": 381.371,
  "medianPE": 11.8,
  "hienTaiPE": 18.64232177770637,
  "minPS": 0.0879,
  "maxPS": 0.4127,
  "medianPS": 0.15,
  "hienTaiPS": 0.2870209978118831
}