{
  "minPB": 0.3316,
  "maxPB": 1.4474,
  "medianPB": 0.52,
  "hienTaiPB": 0.4082625775755283,
  "minPE": 1.1279,
  "maxPE": 381.371,
  "medianPE": 11.8,
  "hienTaiPE": 18.805850916107307,
  "minPS": 0.0879,
  "maxPS": 0.4113,
  "medianPS": 0.16,
  "hienTaiPS": 0.28953872586286455
}