{
  "minPB": 0.3316,
  "maxPB": 1.4474,
  "medianPB": 0.52,
  "hienTaiPB": 0.4118126869457503,
  "minPE": 1.1279,
  "maxPE": 381.371,
  "medianPE": 11.8,
  "hienTaiPE": 18.96938005450824,
  "minPS": 0.0879,
  "maxPS": 0.4127,
  "medianPS": 0.15,
  "hienTaiPS": 0.29205645391384594
}