{
  "minPB": 0.3316,
  "maxPB": 1.4474,
  "medianPB": 0.52,
  "hienTaiPB": 0.43311334316708217,
  "minPE": 1.1279,
  "maxPE": 381.371,
  "medianPE": 11.8,
  "hienTaiPE": 19.95055488491384,
  "minPS": 0.0879,
  "maxPS": 0.4127,
  "medianPS": 0.15,
  "hienTaiPS": 0.30716282221973457
}