{
  "minPB": 0.3316,
  "maxPB": 1.4474,
  "medianPB": 0.52,
  "hienTaiPB": 0.39406214009464036,
  "minPE": 1.1279,
  "maxPE": 381.371,
  "medianPE": 11.8,
  "hienTaiPE": 18.151734362503575,
  "minPS": 0.0879,
  "maxPS": 0.4113,
  "medianPS": 0.16,
  "hienTaiPS": 0.2794678136589388
}