{
  "minPB": 0.3316,
  "maxPB": 1.4474,
  "medianPB": 0.52,
  "hienTaiPB": 0.3819917682358856,
  "minPE": 1.1279,
  "maxPE": 381.371,
  "medianPE": 11.8,
  "hienTaiPE": 17.5957352919404,
  "minPS": 0.0879,
  "maxPS": 0.4113,
  "medianPS": 0.15,
  "hienTaiPS": 0.27090753828560193
}