{
  "minPB": 0.3316,
  "maxPB": 1.4474,
  "medianPB": 0.52,
  "hienTaiPB": 0.44305364940370373,
  "minPE": 1.1279,
  "maxPE": 381.371,
  "medianPE": 11.8,
  "hienTaiPE": 20.40843647243645,
  "minPS": 0.0879,
  "maxPS": 0.4127,
  "medianPS": 0.15,
  "hienTaiPS": 0.31421246076248255
}