{
  "minPB": 0.2124,
  "maxPB": 1.7084,
  "medianPB": 0.57,
  "hienTaiPB": 1.0827695541667617,
  "minPE": 5.5269,
  "maxPE": 1234.2605,
  "medianPE": 12.06,
  "hienTaiPE": 15.879565421293004,
  "minPS": 0.2039,
  "maxPS": 7.7882,
  "medianPS": 0.49,
  "hienTaiPS": 1.4135077223074215
}