{
  "minPB": 0.2124,
  "maxPB": 1.7084,
  "medianPB": 0.57,
  "hienTaiPB": 0.9880042034568864,
  "minPE": 5.5269,
  "maxPE": 1234.2605,
  "medianPE": 12.02,
  "hienTaiPE": 14.490373507566282,
  "minPS": 0.2039,
  "maxPS": 7.9101,
  "medianPS": 0.48,
  "hienTaiPS": 1.2898498358525001
}