{
  "minPB": 0.7954,
  "maxPB": 1.0122,
  "medianPB": 0.86,
  "hienTaiPB": 0.920683803728275,
  "minPE": 12.8668,
  "maxPE": 22.8838,
  "medianPE": 18.95,
  "hienTaiPE": 13.503031820827383,
  "minPS": 0.2039,
  "maxPS": 7.7112,
  "medianPS": 0.49,
  "hienTaiPS": 1.2019623489008686
}