{
  "minPB": 0.2124,
  "maxPB": 1.7084,
  "medianPB": 0.57,
  "hienTaiPB": 1.0458968010353202,
  "minPE": 5.5269,
  "maxPE": 1234.2605,
  "medianPE": 12.03,
  "hienTaiPE": 15.339444148459908,
  "minPS": 0.2039,
  "maxPS": 7.7882,
  "medianPS": 0.49,
  "hienTaiPS": 1.365429228351387
}