{
  "minPB": 0.7954,
  "maxPB": 1.0122,
  "medianPB": 0.86,
  "hienTaiPB": 0.9714318949897774,
  "minPE": 12.8668,
  "maxPE": 22.8838,
  "medianPE": 18.93,
  "hienTaiPE": 14.247318934791389,
  "minPS": 0.2039,
  "maxPS": 7.7112,
  "medianPS": 0.49,
  "hienTaiPS": 1.2682145135722847
}