{
  "minPB": 0.2124,
  "maxPB": 1.7084,
  "medianPB": 0.57,
  "hienTaiPB": 1.0385313306054942,
  "minPE": 5.5269,
  "maxPE": 1234.2605,
  "medianPE": 12.03,
  "hienTaiPE": 15.231419893893289,
  "minPS": 0.2039,
  "maxPS": 7.9101,
  "medianPS": 0.48,
  "hienTaiPS": 1.3558135295601799
}