{
  "minPB": 0.7954,
  "maxPB": 1.0122,
  "medianPB": 0.86,
  "hienTaiPB": 0.9595734875977573,
  "minPE": 12.8668,
  "maxPE": 22.8838,
  "medianPE": 18.82,
  "hienTaiPE": 14.073399884939132,
  "minPS": 0.2039,
  "maxPS": 7.7112,
  "medianPS": 0.49,
  "hienTaiPS": 1.2527332385184413
}