{
  "minPB": 0.648,
  "maxPB": 1.5064,
  "medianPB": 0.87,
  "hienTaiPB": 0.8304023440821613,
  "minPE": 3.9707,
  "maxPE": 11.778,
  "medianPE": 7.26,
  "hienTaiPE": 7.3985057512694805,
  "minPS": 0.5281,
  "maxPS": 1.507,
  "medianPS": 1.03,
  "hienTaiPS": 1.5313496481089437
}