{
  "minPB": 0.648,
  "maxPB": 1.5064,
  "medianPB": 0.87,
  "hienTaiPB": 0.8165623050141253,
  "minPE": 3.9707,
  "maxPE": 11.778,
  "medianPE": 7.26,
  "hienTaiPE": 7.275197322081655,
  "minPS": 0.5281,
  "maxPS": 1.5033,
  "medianPS": 1.03,
  "hienTaiPS": 1.5058271539737946
}