{
  "minPB": 0.648,
  "maxPB": 1.5064,
  "medianPB": 0.87,
  "hienTaiPB": 0.8257889977261492,
  "minPE": 3.9707,
  "maxPE": 11.778,
  "medianPE": 7.27,
  "hienTaiPE": 7.357402941540205,
  "minPS": 0.5281,
  "maxPS": 1.5143,
  "medianPS": 1.03,
  "hienTaiPS": 1.522842150063894
}