{
  "minPB": 0.648,
  "maxPB": 1.5064,
  "medianPB": 0.87,
  "hienTaiPB": 0.8327090172601673,
  "minPE": 3.9707,
  "maxPE": 11.778,
  "medianPE": 7.26,
  "hienTaiPE": 7.419057156134118,
  "minPS": 0.5281,
  "maxPS": 1.508,
  "medianPS": 1.03,
  "hienTaiPS": 1.5356033971314684
}