{
  "minPB": 0.648,
  "maxPB": 1.5064,
  "medianPB": 0.87,
  "hienTaiPB": 0.8142556318361193,
  "minPE": 3.9707,
  "maxPE": 11.778,
  "medianPE": 7.26,
  "hienTaiPE": 7.254645917217018,
  "minPS": 0.5297,
  "maxPS": 1.502,
  "medianPS": 1.04,
  "hienTaiPS": 1.5015734049512697
}