{
  "minPB": 0.648,
  "maxPB": 1.5064,
  "medianPB": 0.87,
  "hienTaiPB": 0.8280956709041553,
  "minPE": 3.9707,
  "maxPE": 11.778,
  "medianPE": 7.27,
  "hienTaiPE": 7.3779543464048425,
  "minPS": 0.5281,
  "maxPS": 1.5101,
  "medianPS": 1.03,
  "hienTaiPS": 1.5270958990864187
}