{
  "minPB": 0.648,
  "maxPB": 1.5064,
  "medianPB": 0.87,
  "hienTaiPB": 0.8211756513701373,
  "minPE": 3.9707,
  "maxPE": 11.778,
  "medianPE": 7.26,
  "hienTaiPE": 7.31630013181093,
  "minPS": 0.5297,
  "maxPS": 1.5033,
  "medianPS": 1.04,
  "hienTaiPS": 1.5143346520188443
}