{
  "minPB": 0.3817,
  "maxPB": 2.7773,
  "medianPB": 1.83,
  "hienTaiPB": 2.581647506188799,
  "minPE": 1.4071,
  "maxPE": 10.6632,
  "medianPE": 6.87,
  "hienTaiPE": 11.14466818830806,
  "minPS": 0.2202,
  "maxPS": 1.1054,
  "medianPS": 0.77,
  "hienTaiPS": 1.0555813014961013
}