{
  "minPB": 2.06,
  "maxPB": 2.6036,
  "medianPB": 2.4,
  "hienTaiPB": 2.3870039462535293,
  "minPE": 8.776,
  "maxPE": 11.0918,
  "medianPE": 10.21,
  "hienTaiPE": 10.304414867407559,
  "minPS": 0.2202,
  "maxPS": 1.1039,
  "medianPS": 0.78,
  "hienTaiPS": 0.9759956486012863
}