{
  "minPB": 0.3817,
  "maxPB": 2.7773,
  "medianPB": 1.83,
  "hienTaiPB": 2.5886819680585234,
  "minPE": 1.4071,
  "maxPE": 11.0536,
  "medianPE": 6.87,
  "hienTaiPE": 11.175035131600453,
  "minPS": 0.2202,
  "maxPS": 1.1054,
  "medianPS": 0.77,
  "hienTaiPS": 1.0584575448244287
}