{
  "minPB": 2.06,
  "maxPB": 2.6036,
  "medianPB": 2.4,
  "hienTaiPB": 2.321372417009002,
  "minPE": 8.776,
  "maxPE": 11.0918,
  "medianPE": 10.21,
  "hienTaiPE": 10.021091286489536,
  "minPS": 0.2202,
  "maxPS": 1.1039,
  "medianPS": 0.78,
  "hienTaiPS": 0.9491602983479931
}