{
  "minPB": 0.3817,
  "maxPB": 2.7773,
  "medianPB": 1.83,
  "hienTaiPB": 2.5675785824493507,
  "minPE": 1.4071,
  "maxPE": 11.0839,
  "medianPE": 6.87,
  "hienTaiPE": 11.083934301723275,
  "minPS": 0.2202,
  "maxPS": 1.1054,
  "medianPS": 0.78,
  "hienTaiPS": 1.0498288148394468
}