{
  "minPB": 2.06,
  "maxPB": 2.6036,
  "medianPB": 2.4,
  "hienTaiPB": 2.581647506188799,
  "minPE": 8.776,
  "maxPE": 11.1447,
  "medianPE": 10.21,
  "hienTaiPE": 11.14466818830806,
  "minPS": 0.2202,
  "maxPS": 1.1039,
  "medianPS": 0.78,
  "hienTaiPS": 1.0555813014961013
}