{
  "minPB": 0,
  "maxPB": 4.7106,
  "medianPB": 0.87,
  "hienTaiPB": 1.8084263430558416,
  "minPE": -12.7004,
  "maxPE": 216.3901,
  "medianPE": 8.02,
  "hienTaiPE": 113.35645589058201,
  "minPS": 0,
  "maxPS": 10.759,
  "medianPS": 0.65,
  "hienTaiPS": 0.5008871547261807
}