{
  "minPB": 0,
  "maxPB": 4.7106,
  "medianPB": 0.87,
  "hienTaiPB": 1.8189404497015151,
  "minPE": -12.7004,
  "maxPE": 216.3901,
  "medianPE": 8.02,
  "hienTaiPE": 114.01550505273656,
  "minPS": 0,
  "maxPS": 10.759,
  "medianPS": 0.65,
  "hienTaiPS": 0.5037992893466818
}