{
  "minPB": 0.1842,
  "maxPB": 4.735,
  "medianPB": 0.9,
  "hienTaiPB": 1.6717429566620863,
  "minPE": -13.1888,
  "maxPE": 226.7356,
  "medianPE": 8.78,
  "hienTaiPE": 104.78881678257291,
  "minPS": 0.1535,
  "maxPS": 11.0907,
  "medianPS": 0.7,
  "hienTaiPS": 0.46302940465966713
}