{
  "minPB": 0.1842,
  "maxPB": 4.735,
  "medianPB": 0.9,
  "hienTaiPB": 1.6612288500164127,
  "minPE": -13.1888,
  "maxPE": 226.7356,
  "medianPE": 8.78,
  "hienTaiPE": 104.12976762041836,
  "minPS": 0.1535,
  "maxPS": 11.0907,
  "medianPS": 0.7,
  "hienTaiPS": 0.4601172700391661
}