{
  "minPB": 0,
  "maxPB": 4.7106,
  "medianPB": 0.87,
  "hienTaiPB": 1.8504827696385358,
  "minPE": -12.7004,
  "maxPE": 216.3901,
  "medianPE": 8.01,
  "hienTaiPE": 115.99265253920021,
  "minPS": 0,
  "maxPS": 10.759,
  "medianPS": 0.65,
  "hienTaiPS": 0.512535693208185
}