{
  "minPB": 0,
  "maxPB": 4.7106,
  "medianPB": 0.87,
  "hienTaiPB": 1.8820250895755561,
  "minPE": -12.7004,
  "maxPE": 216.3901,
  "medianPE": 8.01,
  "hienTaiPE": 117.96980002566384,
  "minPS": 0,
  "maxPS": 10.759,
  "medianPS": 0.65,
  "hienTaiPS": 0.5212720970696881
}