{
  "minPB": 0.1842,
  "maxPB": 4.735,
  "medianPB": 0.9,
  "hienTaiPB": 1.6927711699534331,
  "minPE": -13.1888,
  "maxPE": 226.7356,
  "medianPE": 8.74,
  "hienTaiPE": 106.106915106882,
  "minPS": 0.1535,
  "maxPS": 11.0907,
  "medianPS": 0.7,
  "hienTaiPS": 0.46885367390066923
}