{
  "minPB": 0,
  "maxPB": 4.7106,
  "medianPB": 0.87,
  "hienTaiPB": 1.7663699164731477,
  "minPE": -12.7004,
  "maxPE": 216.3901,
  "medianPE": 8.02,
  "hienTaiPE": 110.72025924196383,
  "minPS": 0,
  "maxPS": 10.759,
  "medianPS": 0.65,
  "hienTaiPS": 0.4892386162441766
}