{
  "minPB": 0.0718,
  "maxPB": 0.7643,
  "medianPB": 0.38,
  "hienTaiPB": 0.5619972813917405,
  "minPE": -282.9853,
  "maxPE": 306.9691,
  "medianPE": 4.39,
  "hienTaiPE": 11.2600277043488,
  "minPS": 0.0666,
  "maxPS": 48.4626,
  "medianPS": 0.37,
  "hienTaiPS": 4.959017653486866
}