{
  "minPB": 0.5365,
  "maxPB": 0.6173,
  "medianPB": 0.6,
  "hienTaiPB": 0.5457182291328619,
  "minPE": 10.7485,
  "maxPE": 89.3297,
  "medianPE": 86.43,
  "hienTaiPE": 10.933864953202423,
  "minPS": 0.0688,
  "maxPS": 50.5338,
  "medianPS": 0.39,
  "hienTaiPS": 4.815372639165982
}