{
  "minPB": 0.5365,
  "maxPB": 0.6173,
  "medianPB": 0.6,
  "hienTaiPB": 0.5454407452875402,
  "minPE": 10.7486,
  "maxPE": 89.3297,
  "medianPE": 86.34,
  "hienTaiPE": 10.928305360853336,
  "minPS": 0.0688,
  "maxPS": 50.5338,
  "medianPS": 0.39,
  "hienTaiPS": 4.812924144603695
}