{
  "minPB": 0.0718,
  "maxPB": 0.7643,
  "medianPB": 0.38,
  "hienTaiPB": 0.6104644597079473,
  "minPE": -282.9853,
  "maxPE": 306.9691,
  "medianPE": 4.39,
  "hienTaiPE": 12.23110316798915,
  "minPS": 0.0666,
  "maxPS": 48.4626,
  "medianPS": 0.38,
  "hienTaiPS": 5.386688037033133
}