{
  "minPB": 0.0718,
  "maxPB": 0.7643,
  "medianPB": 0.38,
  "hienTaiPB": 0.5364687676221355,
  "minPE": -282.9853,
  "maxPE": 306.9691,
  "medianPE": 4.38,
  "hienTaiPE": 10.74854520823289,
  "minPS": 0.0666,
  "maxPS": 48.4626,
  "medianPS": 0.37,
  "hienTaiPS": 4.7337561537563895
}