{
  "minPB": 0.0718,
  "maxPB": 0.7643,
  "medianPB": 0.38,
  "hienTaiPB": 0.5529328091112286,
  "minPE": -282.9853,
  "maxPE": 306.9691,
  "medianPE": 4.38,
  "hienTaiPE": 11.078414354278658,
  "minPS": 0.0666,
  "maxPS": 48.4626,
  "medianPS": 0.37,
  "hienTaiPS": 4.879033497785465
}