{
  "minPB": 0.0718,
  "maxPB": 0.7643,
  "medianPB": 0.38,
  "hienTaiPB": 0.5560776260248756,
  "minPE": -282.9853,
  "maxPE": 306.9691,
  "medianPE": 4.39,
  "hienTaiPE": 11.141423067568299,
  "minPS": 0.0666,
  "maxPS": 48.4626,
  "medianPS": 0.38,
  "hienTaiPS": 4.906783102824726
}