{
  "minPB": 0.5365,
  "maxPB": 0.6173,
  "medianPB": 0.6,
  "hienTaiPB": 0.542573412219215,
  "minPE": 10.7486,
  "maxPE": 89.3297,
  "medianPE": 86.41,
  "hienTaiPE": 10.870856239912781,
  "minPS": 0.0688,
  "maxPS": 50.5338,
  "medianPS": 0.39,
  "hienTaiPS": 4.787623034126721
}