{
  "minPB": 0.3942,
  "maxPB": 2.0715,
  "medianPB": 0.68,
  "hienTaiPB": 0.7794249853982698,
  "minPE": 3.4808,
  "maxPE": 37.6341,
  "medianPE": 12.44,
  "hienTaiPE": 12.861647941664154,
  "minPS": 0.3079,
  "maxPS": 1.6521,
  "medianPS": 0.77,
  "hienTaiPS": 0.988267258655549
}