{
  "minPB": 0.3942,
  "maxPB": 2.0715,
  "medianPB": 0.68,
  "hienTaiPB": 0.8307350941548958,
  "minPE": 3.4808,
  "maxPE": 37.6341,
  "medianPE": 12.44,
  "hienTaiPE": 13.708339498952391,
  "minPS": 0.3079,
  "maxPS": 1.6521,
  "medianPS": 0.77,
  "hienTaiPS": 1.0533256048366353
}