{
  "minPB": 0.3942,
  "maxPB": 2.0715,
  "medianPB": 0.68,
  "hienTaiPB": 0.8136317245693537,
  "minPE": 3.4808,
  "maxPE": 37.6341,
  "medianPE": 12.44,
  "hienTaiPE": 13.426108979856313,
  "minPS": 0.3079,
  "maxPS": 1.6521,
  "medianPS": 0.77,
  "hienTaiPS": 1.03163948944294
}