{
  "minPB": 0.3942,
  "maxPB": 2.0715,
  "medianPB": 0.68,
  "hienTaiPB": 0.7517338155931066,
  "minPE": 3.4808,
  "maxPE": 37.6341,
  "medianPE": 12.44,
  "hienTaiPE": 12.404703291699075,
  "minPS": 0.3079,
  "maxPS": 1.6521,
  "medianPS": 0.77,
  "hienTaiPS": 0.9531564051609944
}