{
  "minPB": 0.3942,
  "maxPB": 2.0715,
  "medianPB": 0.68,
  "hienTaiPB": 0.7737238622030892,
  "minPE": 3.4808,
  "maxPE": 37.6341,
  "medianPE": 12.46,
  "hienTaiPE": 12.767571101965462,
  "minPS": 0.3079,
  "maxPS": 1.6521,
  "medianPS": 0.79,
  "hienTaiPS": 0.9810385535243171
}