{
  "minPB": 0.3943,
  "maxPB": 2.0715,
  "medianPB": 0.68,
  "hienTaiPB": 0.7582493849590274,
  "minPE": 3.4808,
  "maxPE": 37.6341,
  "medianPE": 12.43,
  "hienTaiPE": 12.512219679926153,
  "minPS": 0.3087,
  "maxPS": 1.6521,
  "medianPS": 0.82,
  "hienTaiPS": 0.9614177824538308
}