{
  "minPB": -5.1992,
  "maxPB": 26.8483,
  "medianPB": 2.3,
  "hienTaiPB": -5.635,
  "minPE": -33.9351,
  "maxPE": 52.2247,
  "medianPE": -2.5,
  "hienTaiPE": 9.394357004363647,
  "minPS": 0.2886,
  "maxPS": 1.9874,
  "medianPS": 0.53,
  "hienTaiPS": 0.611259646042447
}