{
  "minPB": -5.1613,
  "maxPB": 26.8483,
  "medianPB": 2.33,
  "hienTaiPB": -5.6867,
  "minPE": -33.9351,
  "maxPE": 52.2247,
  "medianPE": -2.51,
  "hienTaiPE": 8.588666009135203,
  "minPS": 0.2876,
  "maxPS": 1.9949,
  "medianPS": 0.54,
  "hienTaiPS": 0.5588360057300588
}