{
  "minPB": -5.2751,
  "maxPB": 26.8483,
  "medianPB": 2.28,
  "hienTaiPB": -5.7694,
  "minPE": -33.9351,
  "maxPE": 52.2247,
  "medianPE": -2.49,
  "hienTaiPE": 9.07208060627227,
  "minPS": 0.2886,
  "maxPS": 1.9874,
  "medianPS": 0.53,
  "hienTaiPS": 0.5902901899174917
}