{
  "minPB": -5.2277,
  "maxPB": 26.8483,
  "medianPB": 2.28,
  "hienTaiPB": -5.9865,
  "minPE": -33.9351,
  "maxPE": 52.2247,
  "medianPE": -2.5,
  "hienTaiPE": 9.136535885890545,
  "minPS": 0.2886,
  "maxPS": 1.9874,
  "medianPS": 0.53,
  "hienTaiPS": 0.5944840811424827
}