{
  "minPB": -5.1419,
  "maxPB": 26.8483,
  "medianPB": 2.33,
  "hienTaiPB": -5.0949,
  "minPE": -33.9351,
  "maxPE": 52.2247,
  "medianPE": -2.54,
  "hienTaiPE": 8.862600947512874,
  "minPS": 0.2876,
  "maxPS": 1.9949,
  "medianPS": 0.54,
  "hienTaiPS": 0.5766600434362708
}