{
  "minPB": -5.3226,
  "maxPB": 26.8483,
  "medianPB": 2.28,
  "hienTaiPB": -5.79,
  "minPE": -33.9351,
  "maxPE": 52.2247,
  "medianPE": -2.48,
  "hienTaiPE": 8.975397686844856,
  "minPS": 0.2886,
  "maxPS": 1.9874,
  "medianPS": 0.54,
  "hienTaiPS": 0.5839993530800051
}