{
  "minPB": -5.2182,
  "maxPB": 26.8483,
  "medianPB": 2.28,
  "hienTaiPB": -5.9141,
  "minPE": -33.9351,
  "maxPE": 52.2247,
  "medianPE": -2.5,
  "hienTaiPE": 9.32990172474537,
  "minPS": 0.2886,
  "maxPS": 1.9874,
  "medianPS": 0.53,
  "hienTaiPS": 0.607065754817456
}