{
  "minPB": 0.6304,
  "maxPB": 2.7689,
  "medianPB": 1.39,
  "hienTaiPB": 2.6771169692162755,
  "minPE": 3.0238,
  "maxPE": 20.0367,
  "medianPE": 6.51,
  "hienTaiPE": 14.480872103901145,
  "minPS": 0.2475,
  "maxPS": 0.8518,
  "medianPS": 0.43,
  "hienTaiPS": 0.8405635798307738
}