{
  "minPB": 0.6304,
  "maxPB": 2.7689,
  "medianPB": 1.39,
  "hienTaiPB": 2.6831465119397357,
  "minPE": 3.0238,
  "maxPE": 20.0367,
  "medianPE": 6.52,
  "hienTaiPE": 14.513486680711734,
  "minPS": 0.247,
  "maxPS": 1.6946,
  "medianPS": 0.44,
  "hienTaiPS": 0.8424567410466088
}