{
  "minPB": 0.6304,
  "maxPB": 2.7689,
  "medianPB": 1.39,
  "hienTaiPB": 2.6590283410458952,
  "minPE": 3.0238,
  "maxPE": 20.0367,
  "medianPE": 6.52,
  "hienTaiPE": 14.383028373469381,
  "minPS": 0.2387,
  "maxPS": 1.6668,
  "medianPS": 0.43,
  "hienTaiPS": 0.8348840961832685
}