{
  "minPB": 0.6304,
  "maxPB": 2.7689,
  "medianPB": 1.39,
  "hienTaiPB": 2.616821541981675,
  "minPE": 3.0238,
  "maxPE": 20.0367,
  "medianPE": 6.51,
  "hienTaiPE": 14.154726335795264,
  "minPS": 0.2475,
  "maxPS": 0.8518,
  "medianPS": 0.43,
  "hienTaiPS": 0.821631967672423
}