{
  "minPB": 0.2706,
  "maxPB": 0.8385,
  "medianPB": 0.41,
  "hienTaiPB": 0.3209957547903788,
  "minPE": -119.7247,
  "maxPE": 372.1108,
  "medianPE": 13.58,
  "hienTaiPE": -2.3717,
  "minPS": 0.0941,
  "maxPS": 0.4951,
  "medianPS": 0.22,
  "hienTaiPS": 0.3080285021343318
}