{
  "minPB": 0.5909,
  "maxPB": 1.4236,
  "medianPB": 1.1,
  "hienTaiPB": 1.4233400874714248,
  "minPE": 7.7523,
  "maxPE": 21.1834,
  "medianPE": 11.3,
  "hienTaiPE": 11.81568775153795,
  "minPS": 1.1317,
  "maxPS": 2.5214,
  "medianPS": 1.85,
  "hienTaiPS": 2.3782639531281835
}