{
  "minPB": 0.5909,
  "maxPB": 1.4236,
  "medianPB": 1.1,
  "hienTaiPB": 1.4046119284257481,
  "minPE": 7.7514,
  "maxPE": 21.1834,
  "medianPE": 11.3,
  "hienTaiPE": 11.66021817585982,
  "minPS": 1.1317,
  "maxPS": 2.5285,
  "medianPS": 1.85,
  "hienTaiPS": 2.346971006376497
}