{
  "minPB": 0.5909,
  "maxPB": 1.4236,
  "medianPB": 1.1,
  "hienTaiPB": 1.4514323260399398,
  "minPE": 7.7532,
  "maxPE": 21.1834,
  "medianPE": 11.31,
  "hienTaiPE": 12.048892115055148,
  "minPS": 1.1317,
  "maxPS": 2.5143,
  "medianPS": 1.85,
  "hienTaiPS": 2.4252033732557137
}