{
  "minPB": 0.1334,
  "maxPB": 1.1125,
  "medianPB": 0.34,
  "hienTaiPB": 0.5470545030748292,
  "minPE": -43.5216,
  "maxPE": 116.3816,
  "medianPE": 3.75,
  "hienTaiPE": 167.44562460435208,
  "minPS": 0.0864,
  "maxPS": 1.5003,
  "medianPS": 0.32,
  "hienTaiPS": 1.0267624518057656
}