{
  "minPB": 0.1334,
  "maxPB": 1.1125,
  "medianPB": 0.34,
  "hienTaiPB": 0.5105641807451055,
  "minPE": -43.5216,
  "maxPE": 115.2318,
  "medianPE": 3.75,
  "hienTaiPE": 156.27645447565112,
  "minPS": 0.0864,
  "maxPS": 1.5003,
  "medianPS": 0.32,
  "hienTaiPS": 0.958274042311173
}