{
  "minPB": 0.1351,
  "maxPB": 1.1125,
  "medianPB": 0.34,
  "hienTaiPB": 0.5405973678477587,
  "minPE": -43.5216,
  "maxPE": 118.7236,
  "medianPE": 3.77,
  "hienTaiPE": 165.4691870918659,
  "minPS": 0.0864,
  "maxPS": 1.5003,
  "medianPS": 0.32,
  "hienTaiPS": 1.0146431036235948
}