{
  "minPB": 0.4712,
  "maxPB": 0.6116,
  "medianPB": 0.54,
  "hienTaiPB": 0.48428514203028383,
  "minPE": -26.634,
  "maxPE": 144.234,
  "medianPE": -23.37,
  "hienTaiPE": 148.2328134364632,
  "minPS": 0.0901,
  "maxPS": 1.2169,
  "medianPS": 0.33,
  "hienTaiPS": 0.9089511136628037
}