{
  "minPB": 0.3212,
  "maxPB": 2.6779,
  "medianPB": 0.52,
  "hienTaiPB": 0.5023802035390108,
  "minPE": -35.5884,
  "maxPE": 112.1975,
  "medianPE": 10.72,
  "hienTaiPE": 395.7468218378049,
  "minPS": 0.3215,
  "maxPS": 138.7782,
  "medianPS": 2.3,
  "hienTaiPS": 10.642261079177901
}