{
  "minPB": 0.3212,
  "maxPB": 2.6779,
  "medianPB": 0.52,
  "hienTaiPB": 0.48982069845053555,
  "minPE": -35.5884,
  "maxPE": 113.7558,
  "medianPE": 10.72,
  "hienTaiPE": 385.8531512918598,
  "minPS": 0.3199,
  "maxPS": 135.0775,
  "medianPS": 2.28,
  "hienTaiPS": 10.376204552198454
}