{
  "minPB": 0.3212,
  "maxPB": 2.6779,
  "medianPB": 0.52,
  "hienTaiPB": 0.48982069845053555,
  "minPE": -35.5884,
  "maxPE": 112.1975,
  "medianPE": 10.72,
  "hienTaiPE": 385.8531512918598,
  "minPS": 0.3215,
  "maxPS": 138.7782,
  "medianPS": 2.31,
  "hienTaiPS": 10.376204552198454
}