{
  "minPB": 0.3212,
  "maxPB": 2.6779,
  "medianPB": 0.52,
  "hienTaiPB": 0.5023802035390108,
  "minPE": -35.5884,
  "maxPE": 115.3141,
  "medianPE": 10.72,
  "hienTaiPE": 395.7468218378049,
  "minPS": 0.3199,
  "maxPS": 135.0775,
  "medianPS": 2.28,
  "hienTaiPS": 10.642261079177901
}