{
  "minPB": 0.3212,
  "maxPB": 2.6779,
  "medianPB": 0.52,
  "hienTaiPB": 0.4835409459062979,
  "minPE": -35.5884,
  "maxPE": 112.1975,
  "medianPE": 10.72,
  "hienTaiPE": 380.9063160188872,
  "minPS": 0.3215,
  "maxPS": 138.7782,
  "medianPS": 2.31,
  "hienTaiPS": 10.24317628870873
}