{
  "minPB": 3.1626,
  "maxPB": 5.0629,
  "medianPB": 4.68,
  "hienTaiPB": 4.7671258892626245,
  "minPE": 5.3401,
  "maxPE": 20.5367,
  "medianPE": 18.62,
  "hienTaiPE": 5.889376029628302,
  "minPS": 0.3649,
  "maxPS": 7.5913,
  "medianPS": 1.49,
  "hienTaiPS": 2.293838627574944
}