{
  "minPB": 3.1626,
  "maxPB": 5.0629,
  "medianPB": 4.67,
  "hienTaiPB": 5.16936128329745,
  "minPE": 5.3401,
  "maxPE": 20.5367,
  "medianPE": 18.98,
  "hienTaiPE": 6.386303432622314,
  "minPS": 0.3649,
  "maxPS": 7.5913,
  "medianPS": 1.49,
  "hienTaiPS": 2.487385663178325
}