{
  "minPB": 3.1626,
  "maxPB": 5.0629,
  "medianPB": 4.68,
  "hienTaiPB": 4.839213769154803,
  "minPE": 5.3401,
  "maxPE": 20.5367,
  "medianPE": 18.84,
  "hienTaiPE": 5.978434435411118,
  "minPS": 0.3649,
  "maxPS": 7.5913,
  "medianPS": 1.49,
  "hienTaiPS": 2.3285257676500803
}