{
  "minPB": 3.1626,
  "maxPB": 5.0629,
  "medianPB": 4.68,
  "hienTaiPB": 5.472960853003884,
  "minPE": 5.3401,
  "maxPE": 20.5367,
  "medianPE": 19.12,
  "hienTaiPE": 6.761374716655702,
  "minPS": 0.3649,
  "maxPS": 7.5913,
  "medianPS": 1.49,
  "hienTaiPS": 2.63347125782904
}