{
  "minPB": 0.994,
  "maxPB": 8.1709,
  "medianPB": 3.15,
  "hienTaiPB": 4.710558346117771,
  "minPE": 2.4789,
  "maxPE": 24.6929,
  "medianPE": 11,
  "hienTaiPE": 5.819491671549435,
  "minPS": 0.3719,
  "maxPS": 7.5913,
  "medianPS": 1.51,
  "hienTaiPS": 2.266619540320517
}