{
  "minPB": 0.994,
  "maxPB": 8.1709,
  "medianPB": 3.15,
  "hienTaiPB": 4.914773303319408,
  "minPE": 2.4789,
  "maxPE": 24.6929,
  "medianPE": 11,
  "hienTaiPE": 6.071781772917185,
  "minPS": 0.3719,
  "maxPS": 7.5913,
  "medianPS": 1.51,
  "hienTaiPS": 2.364883393224586
}