{
  "minPB": 0.5771,
  "maxPB": 1.1388,
  "medianPB": 0.74,
  "hienTaiPB": 0.6660851929334033,
  "minPE": -33.9277,
  "maxPE": 87.289,
  "medianPE": 11.86,
  "hienTaiPE": 13.665280938144868,
  "minPS": 0.1837,
  "maxPS": 0.4463,
  "medianPS": 0.3,
  "hienTaiPS": 0.27835475661931425
}