{
  "minPB": 0.5771,
  "maxPB": 1.1387,
  "medianPB": 0.74,
  "hienTaiPB": 0.6758805634177181,
  "minPE": -33.9277,
  "maxPE": 87.289,
  "medianPE": 11.89,
  "hienTaiPE": 13.866240951941116,
  "minPS": 0.1837,
  "maxPS": 0.4463,
  "medianPS": 0.3,
  "hienTaiPS": 0.28244820892253947
}