{
  "minPB": 0.5771,
  "maxPB": 1.1387,
  "medianPB": 0.74,
  "hienTaiPB": 0.668534035554482,
  "minPE": -33.9277,
  "maxPE": 87.289,
  "medianPE": 11.89,
  "hienTaiPE": 13.71552094159393,
  "minPS": 0.1837,
  "maxPS": 0.4463,
  "medianPS": 0.3,
  "hienTaiPS": 0.27937811969512055
}