{
  "minPB": 0.5771,
  "maxPB": 1.1388,
  "medianPB": 0.74,
  "hienTaiPB": 0.6783294060387968,
  "minPE": -33.9277,
  "maxPE": 87.289,
  "medianPE": 11.85,
  "hienTaiPE": 13.916480955390178,
  "minPS": 0.1837,
  "maxPS": 0.4463,
  "medianPS": 0.3,
  "hienTaiPS": 0.2834715719983458
}