{
  "minPB": 0.5771,
  "maxPB": 1.1388,
  "medianPB": 0.74,
  "hienTaiPB": 0.6832270912809542,
  "minPE": -33.9277,
  "maxPE": 87.289,
  "medianPE": 11.84,
  "hienTaiPE": 14.016960962288302,
  "minPS": 0.1837,
  "maxPS": 0.4463,
  "medianPS": 0.3,
  "hienTaiPS": 0.2855182981499584
}