{
  "minPB": 0.3544,
  "maxPB": 5.7398,
  "medianPB": 2.67,
  "hienTaiPB": 3.3608406528004164,
  "minPE": 2.5332,
  "maxPE": 46.7527,
  "medianPE": 12.86,
  "hienTaiPE": 9.454678418804672,
  "minPS": 0.3026,
  "maxPS": 5.2028,
  "medianPS": 1.82,
  "hienTaiPS": 2.1336234755307326
}