{
  "minPB": 0.354,
  "maxPB": 5.7404,
  "medianPB": 2.63,
  "hienTaiPB": 3.1610704042073845,
  "minPE": 2.5276,
  "maxPE": 47.1348,
  "medianPE": 12.94,
  "hienTaiPE": 8.892687044260338,
  "minPS": 0.3043,
  "maxPS": 5.2306,
  "medianPS": 1.92,
  "hienTaiPS": 2.0067997025096753
}