{
  "minPB": 0.354,
  "maxPB": 5.7404,
  "medianPB": 2.64,
  "hienTaiPB": 3.155194808660531,
  "minPE": 2.5276,
  "maxPE": 47.1348,
  "medianPE": 12.91,
  "hienTaiPE": 8.876157886185505,
  "minPS": 0.3014,
  "maxPS": 5.2306,
  "medianPS": 1.81,
  "hienTaiPS": 2.0030695915384675
}