{
  "minPB": 0.3544,
  "maxPB": 5.7398,
  "medianPB": 2.64,
  "hienTaiPB": 3.29033350623817,
  "minPE": 2.5332,
  "maxPE": 46.7527,
  "medianPE": 12.88,
  "hienTaiPE": 9.256328521906672,
  "minPS": 0.3026,
  "maxPS": 5.2028,
  "medianPS": 1.81,
  "hienTaiPS": 2.088862143876242
}