{
  "minPB": 0.354,
  "maxPB": 5.7404,
  "medianPB": 2.63,
  "hienTaiPB": 3.155194808660531,
  "minPE": 2.5276,
  "maxPE": 47.1348,
  "medianPE": 12.94,
  "hienTaiPE": 8.876157886185505,
  "minPS": 0.3043,
  "maxPS": 5.2306,
  "medianPS": 1.92,
  "hienTaiPS": 2.0030695915384675
}