{
  "minPB": 0.3542,
  "maxPB": 5.7401,
  "medianPB": 2.64,
  "hienTaiPB": 3.272706719597608,
  "minPE": 2.5304,
  "maxPE": 46.9437,
  "medianPE": 12.89,
  "hienTaiPE": 9.206741047682172,
  "minPS": 0.302,
  "maxPS": 5.2167,
  "medianPS": 1.81,
  "hienTaiPS": 2.077671810962619
}