{
  "minPB": 0.3544,
  "maxPB": 5.7398,
  "medianPB": 2.65,
  "hienTaiPB": 3.3549650572535623,
  "minPE": 2.5332,
  "maxPE": 46.7527,
  "medianPE": 12.88,
  "hienTaiPE": 9.438149260729839,
  "minPS": 0.3026,
  "maxPS": 5.2028,
  "medianPS": 1.81,
  "hienTaiPS": 2.1298933645595253
}