{
  "minPB": 0.3416,
  "maxPB": 1.4797,
  "medianPB": 0.64,
  "hienTaiPB": 0.6618765025724122,
  "minPE": 2.3291,
  "maxPE": 40.932,
  "medianPE": 7.49,
  "hienTaiPE": 36.219876249280404,
  "minPS": 0.1281,
  "maxPS": 0.7458,
  "medianPS": 0.3,
  "hienTaiPS": 0.3065969661630314
}