{
  "minPB": 0.3416,
  "maxPB": 1.4797,
  "medianPB": 0.64,
  "hienTaiPB": 0.6519607497248854,
  "minPE": 2.3291,
  "maxPE": 40.932,
  "medianPE": 7.47,
  "hienTaiPE": 35.67725638037733,
  "minPS": 0.1281,
  "maxPS": 0.7458,
  "medianPS": 0.3,
  "hienTaiPS": 0.3020037531868062
}