{
  "minPB": 0.3416,
  "maxPB": 1.4797,
  "medianPB": 0.64,
  "hienTaiPB": 0.6106451128601904,
  "minPE": 2.3291,
  "maxPE": 40.932,
  "medianPE": 7.46,
  "hienTaiPE": 33.416340259947845,
  "minPS": 0.1276,
  "maxPS": 0.7272,
  "medianPS": 0.3,
  "hienTaiPS": 0.28286536578586796
}