{
  "minPB": 0.3416,
  "maxPB": 1.4797,
  "medianPB": 0.64,
  "hienTaiPB": 0.6403923714027707,
  "minPE": 2.3291,
  "maxPE": 40.932,
  "medianPE": 7.48,
  "hienTaiPE": 35.044199866657074,
  "minPS": 0.1281,
  "maxPS": 0.7458,
  "medianPS": 0.3,
  "hienTaiPS": 0.2966450047145435
}