{
  "minPB": 0.3412,
  "maxPB": 1.4804,
  "medianPB": 0.64,
  "hienTaiPB": 0.6213871784450111,
  "minPE": 2.3258,
  "maxPE": 40.932,
  "medianPE": 7.45,
  "hienTaiPE": 34.004178451259506,
  "minPS": 0.1276,
  "maxPS": 0.7272,
  "medianPS": 0.3,
  "hienTaiPS": 0.2878413465101119
}