{
  "minPB": 0.3416,
  "maxPB": 1.4797,
  "medianPB": 0.64,
  "hienTaiPB": 0.6238661166568928,
  "minPE": 2.3291,
  "maxPE": 40.932,
  "medianPE": 7.47,
  "hienTaiPE": 34.139833418485274,
  "minPS": 0.1281,
  "maxPS": 0.7458,
  "medianPS": 0.3,
  "hienTaiPS": 0.2889896497541682
}