{
  "minPB": 0.3416,
  "maxPB": 1.4797,
  "medianPB": 0.64,
  "hienTaiPB": 0.6370871204535952,
  "minPE": 2.3291,
  "maxPE": 40.932,
  "medianPE": 7.47,
  "hienTaiPE": 34.86332657702271,
  "minPS": 0.1281,
  "maxPS": 0.7458,
  "medianPS": 0.3,
  "hienTaiPS": 0.29511393372246847
}