{
  "minPB": 0.3407,
  "maxPB": 1.4811,
  "medianPB": 0.64,
  "hienTaiPB": 0.6222134911823051,
  "minPE": 2.3224,
  "maxPE": 40.932,
  "medianPE": 7.45,
  "hienTaiPE": 34.0493967736681,
  "minPS": 0.1276,
  "maxPS": 0.7272,
  "medianPS": 0.3,
  "hienTaiPS": 0.28822411425813066
}