{
  "minPB": 0.2323,
  "maxPB": 2.9229,
  "medianPB": 0.46,
  "hienTaiPB": 0.47707521713259116,
  "minPE": -103.1682,
  "maxPE": 312.5076,
  "medianPE": 4.67,
  "hienTaiPE": 11.013180824481415,
  "minPS": 0.301,
  "maxPS": 6.9924,
  "medianPS": 2.2,
  "hienTaiPS": 1.4080987500769175
}