{
  "minPB": 0.2323,
  "maxPB": 2.9391,
  "medianPB": 0.46,
  "hienTaiPB": 0.4606243475762949,
  "minPE": -103.1682,
  "maxPE": 312.5076,
  "medianPE": 4.59,
  "hienTaiPE": 10.633415968464815,
  "minPS": 0.301,
  "maxPS": 7.0112,
  "medianPS": 2.16,
  "hienTaiPS": 1.3595436207639204
}