{
  "minPB": 0.2323,
  "maxPB": 2.9229,
  "medianPB": 0.46,
  "hienTaiPB": 0.4853006519107393,
  "minPE": -103.1682,
  "maxPE": 312.5076,
  "medianPE": 4.63,
  "hienTaiPE": 11.203063252489716,
  "minPS": 0.301,
  "maxPS": 6.9924,
  "medianPS": 2.21,
  "hienTaiPS": 1.432376314733416
}