{
  "minPB": 0.2323,
  "maxPB": 2.9229,
  "medianPB": 0.46,
  "hienTaiPB": 0.468849782354443,
  "minPE": -103.1682,
  "maxPE": 312.5076,
  "medianPE": 4.65,
  "hienTaiPE": 10.823298396473115,
  "minPS": 0.301,
  "maxPS": 6.9924,
  "medianPS": 2.2,
  "hienTaiPS": 1.383821185420419
}