{
  "minPB": 4.158,
  "maxPB": 4.6157,
  "medianPB": 4.38,
  "hienTaiPB": 4.564607563722934,
  "minPE": 14.2193,
  "maxPE": 16.2375,
  "medianPE": 14.7,
  "hienTaiPE": 16.240146201917128,
  "minPS": 0.7776,
  "maxPS": 2.3881,
  "medianPS": 1.96,
  "hienTaiPS": 1.856196078242463
}