{
  "minPB": 0,
  "maxPB": 8.0453,
  "medianPB": 5.55,
  "hienTaiPB": 4.11608525528755,
  "minPE": 5.7189,
  "maxPE": 23.3301,
  "medianPE": 13.49,
  "hienTaiPE": 14.644375314250489,
  "minPS": 0.7775,
  "maxPS": 2.3907,
  "medianPS": 1.92,
  "hienTaiPS": 1.6738046375108122
}