{
  "minPB": 0,
  "maxPB": 8.0453,
  "medianPB": 5.55,
  "hienTaiPB": 4.465376964511566,
  "minPE": 5.7189,
  "maxPE": 23.3301,
  "medianPE": 13.24,
  "hienTaiPE": 15.887099545353713,
  "minPS": 0.7775,
  "maxPS": 2.3907,
  "medianPS": 1.92,
  "hienTaiPS": 1.815843989585018
}