{
  "minPB": 4.2352,
  "maxPB": 4.6157,
  "medianPB": 4.38,
  "hienTaiPB": 4.564607563722934,
  "minPE": 14.2193,
  "maxPE": 15.5621,
  "medianPE": 14.7,
  "hienTaiPE": 14.254729686929732,
  "minPS": 0.7776,
  "maxPS": 2.3881,
  "medianPS": 1.96,
  "hienTaiPS": 1.9635754909869896
}