{
  "minPB": 0,
  "maxPB": 8.0453,
  "medianPB": 5.55,
  "hienTaiPB": 4.425684724827018,
  "minPE": 5.7189,
  "maxPE": 23.3301,
  "medianPE": 13.44,
  "hienTaiPE": 15.745880882728347,
  "minPS": 0.7775,
  "maxPS": 2.3907,
  "medianPS": 1.92,
  "hienTaiPS": 1.79970315412204
}