{
  "minPB": 0,
  "maxPB": 8.0453,
  "medianPB": 5.56,
  "hienTaiPB": 4.564607563722934,
  "minPE": 5.7189,
  "maxPE": 23.3301,
  "medianPE": 13.24,
  "hienTaiPE": 16.240146201917128,
  "minPS": 0.7775,
  "maxPS": 2.3907,
  "medianPS": 1.92,
  "hienTaiPS": 1.856196078242463
}