{
  "minPB": 1.1566,
  "maxPB": 3.6342,
  "medianPB": 2.16,
  "hienTaiPB": 1.591555207894018,
  "minPE": 3.8276,
  "maxPE": 19.2491,
  "medianPE": 6.6,
  "hienTaiPE": 10.65720887165882,
  "minPS": 1.9156,
  "maxPS": 13.1786,
  "medianPS": 5.07,
  "hienTaiPS": 11.183263540314666
}