{
  "minPB": 1.1643,
  "maxPB": 3.6351,
  "medianPB": 2.17,
  "hienTaiPB": 1.523284743212237,
  "minPE": 3.9248,
  "maxPE": 19.3144,
  "medianPE": 6.59,
  "hienTaiPE": 10.200063182794098,
  "minPS": 1.9156,
  "maxPS": 12.9381,
  "medianPS": 5.14,
  "hienTaiPS": 10.703552503732803
}