{
  "minPB": 1.1565,
  "maxPB": 3.6347,
  "medianPB": 2.16,
  "hienTaiPB": 1.5830213998087954,
  "minPE": 3.8261,
  "maxPE": 19.2818,
  "medianPE": 6.6,
  "hienTaiPE": 10.60006566055073,
  "minPS": 1.9156,
  "maxPS": 13.1786,
  "medianPS": 5.06,
  "hienTaiPS": 11.123299660741933
}