{
  "minPB": 1.1563,
  "maxPB": 3.6351,
  "medianPB": 2.16,
  "hienTaiPB": 1.5574199755531275,
  "minPE": 3.8246,
  "maxPE": 19.3144,
  "medianPE": 6.6,
  "hienTaiPE": 10.428636027226458,
  "minPS": 1.9156,
  "maxPS": 13.1786,
  "medianPS": 5.06,
  "hienTaiPS": 10.943408022023734
}