{
  "minPB": 1.1563,
  "maxPB": 3.6351,
  "medianPB": 2.16,
  "hienTaiPB": 1.5958221119366294,
  "minPE": 3.8246,
  "maxPE": 19.3144,
  "medianPE": 6.6,
  "hienTaiPE": 10.685780477212864,
  "minPS": 1.9156,
  "maxPS": 13.1786,
  "medianPS": 5.06,
  "hienTaiPS": 11.213245480101032
}