{
  "minPB": 1.1563,
  "maxPB": 3.6351,
  "medianPB": 2.16,
  "hienTaiPB": 1.5488861674679049,
  "minPE": 3.8246,
  "maxPE": 19.3144,
  "medianPE": 6.59,
  "hienTaiPE": 10.37149281611837,
  "minPS": 1.9156,
  "maxPS": 13.1786,
  "medianPS": 5.06,
  "hienTaiPS": 10.883444142451001
}