{
  "minPB": 1.7318,
  "maxPB": 1.941,
  "medianPB": 1.9,
  "hienTaiPB": 1.8388824790933072,
  "minPE": 11.6443,
  "maxPE": 13.102,
  "medianPE": 11.99,
  "hienTaiPE": 12.967431579747226,
  "minPS": 0.1423,
  "maxPS": 1.7171,
  "medianPS": 0.96,
  "hienTaiPS": 1.1364531804700777
}