{
  "minPB": 1.0843,
  "maxPB": 5.5976,
  "medianPB": 2.04,
  "hienTaiPB": 1.8651083318826145,
  "minPE": -9.2605,
  "maxPE": 62.5483,
  "medianPE": 9.73,
  "hienTaiPE": 13.152371050068107,
  "minPS": 0.4571,
  "maxPS": 1.7286,
  "medianPS": 1.11,
  "hienTaiPS": 1.1526610970453903
}