{
  "minPB": 1.7318,
  "maxPB": 1.941,
  "medianPB": 1.9,
  "hienTaiPB": 1.83652429614495,
  "minPE": 11.6443,
  "maxPE": 13.102,
  "medianPE": 11.99,
  "hienTaiPE": 12.95080214508622,
  "minPS": 0.1423,
  "maxPS": 1.7171,
  "medianPS": 0.96,
  "hienTaiPS": 1.1349957928761123
}