{
  "minPB": 1.0843,
  "maxPB": 5.5976,
  "medianPB": 2.04,
  "hienTaiPB": 1.8865463586858628,
  "minPE": -9.2605,
  "maxPE": 62.5483,
  "medianPE": 9.7,
  "hienTaiPE": 13.303547728804523,
  "minPS": 0.4571,
  "maxPS": 1.7286,
  "medianPS": 1.11,
  "hienTaiPS": 1.1659100751723488
}