{
  "minPB": 1.7318,
  "maxPB": 1.941,
  "medianPB": 1.91,
  "hienTaiPB": 1.8165154711285847,
  "minPE": 11.6443,
  "maxPE": 13.102,
  "medianPE": 11.99,
  "hienTaiPE": 12.8097039115989,
  "minPS": 0.1423,
  "maxPS": 1.7171,
  "medianPS": 0.95,
  "hienTaiPS": 1.1226300799576177
}