{
  "minPB": 1.0843,
  "maxPB": 5.5976,
  "medianPB": 2.04,
  "hienTaiPB": 1.83652429614495,
  "minPE": -9.2605,
  "maxPE": 62.5483,
  "medianPE": 9.67,
  "hienTaiPE": 12.95080214508622,
  "minPS": 0.4571,
  "maxPS": 1.7286,
  "medianPS": 1.11,
  "hienTaiPS": 1.1349957928761123
}