{
  "minPB": 0.6214,
  "maxPB": 2.2612,
  "medianPB": 0.94,
  "hienTaiPB": 1.064590807213959,
  "minPE": 4.336,
  "maxPE": 24.8177,
  "medianPE": 9.72,
  "hienTaiPE": 15.462458017594722,
  "minPS": 0.6264,
  "maxPS": 8.8439,
  "medianPS": 2.42,
  "hienTaiPS": 5.385105841983774
}