{
  "minPB": 0.6214,
  "maxPB": 2.2612,
  "medianPB": 0.94,
  "hienTaiPB": 1.0938579084432085,
  "minPE": 4.336,
  "maxPE": 24.8177,
  "medianPE": 9.71,
  "hienTaiPE": 15.887542774092172,
  "minPS": 0.6264,
  "maxPS": 8.8439,
  "medianPS": 2.41,
  "hienTaiPS": 5.5331499888424345
}