{
  "minPB": 0.6214,
  "maxPB": 2.2612,
  "medianPB": 0.94,
  "hienTaiPB": 1.0719075825212714,
  "minPE": 4.336,
  "maxPE": 24.8177,
  "medianPE": 9.72,
  "hienTaiPE": 15.568729206719084,
  "minPS": 0.6264,
  "maxPS": 8.8439,
  "medianPS": 2.41,
  "hienTaiPS": 5.422116878698439
}