{
  "minPB": 0.6214,
  "maxPB": 2.2612,
  "medianPB": 0.94,
  "hienTaiPB": 1.0828827454822398,
  "minPE": 4.336,
  "maxPE": 24.8177,
  "medianPE": 9.72,
  "hienTaiPE": 15.728135990405628,
  "minPS": 0.6264,
  "maxPS": 8.8439,
  "medianPS": 2.42,
  "hienTaiPS": 5.477633433770436
}