{
  "minPB": 0.6214,
  "maxPB": 2.2612,
  "medianPB": 0.94,
  "hienTaiPB": 1.0572740319066465,
  "minPE": 4.336,
  "maxPE": 24.8177,
  "medianPE": 9.7,
  "hienTaiPE": 15.356186828470358,
  "minPS": 0.6254,
  "maxPS": 8.7859,
  "medianPS": 2.43,
  "hienTaiPS": 5.348094805269109
}