{
  "minPB": 0.1474,
  "maxPB": 1.2621,
  "medianPB": 0.42,
  "hienTaiPB": 0.4329891508219823,
  "minPE": -261.7111,
  "maxPE": 425.1351,
  "medianPE": 14.65,
  "hienTaiPE": 3559.82090793708,
  "minPS": 0.0301,
  "maxPS": 16.1018,
  "medianPS": 0.96,
  "hienTaiPS": 0.6272519763824569
}