{
  "minPB": 0.3956,
  "maxPB": 0.4956,
  "medianPB": 0.45,
  "hienTaiPB": 0.4376574974615724,
  "minPE": 71.6828,
  "maxPE": 89.8028,
  "medianPE": 81.08,
  "hienTaiPE": 81.54011300320772,
  "minPS": 0.0301,
  "maxPS": 15.1194,
  "medianPS": 0.96,
  "hienTaiPS": 0.9434007154153655
}