{
  "minPB": 0.1474,
  "maxPB": 1.2621,
  "medianPB": 0.42,
  "hienTaiPB": 0.4246250297593834,
  "minPE": -261.7111,
  "maxPE": 423.7478,
  "medianPE": 14.63,
  "hienTaiPE": 3491.0552749445847,
  "minPS": 0.0301,
  "maxPS": 16.1018,
  "medianPS": 0.96,
  "hienTaiPS": 0.6151352490758775
}