{
  "minPB": 0.1474,
  "maxPB": 1.2621,
  "medianPB": 0.42,
  "hienTaiPB": 0.42793177529575965,
  "minPE": -261.7111,
  "maxPE": 425.4434,
  "medianPE": 14.65,
  "hienTaiPE": 3518.2416879881293,
  "minPS": 0.0301,
  "maxPS": 16.1018,
  "medianPS": 0.96,
  "hienTaiPS": 0.6199255831273158
}