{
  "minPB": 0.1474,
  "maxPB": 1.2621,
  "medianPB": 0.42,
  "hienTaiPB": 0.41820605312994696,
  "minPE": -261.7111,
  "maxPE": 429.297,
  "medianPE": 14.67,
  "hienTaiPE": 3438.281649624763,
  "minPS": 0.0301,
  "maxPS": 16.1018,
  "medianPS": 0.96,
  "hienTaiPS": 0.6058363653289678
}