{
  "minPB": 0.3956,
  "maxPB": 0.4956,
  "medianPB": 0.45,
  "hienTaiPB": 0.43561509580675173,
  "minPE": 71.6828,
  "maxPE": 90.5276,
  "medianPE": 81.2,
  "hienTaiPE": 3581.410118295189,
  "minPS": 0.0301,
  "maxPS": 15.1194,
  "medianPS": 0.96,
  "hienTaiPS": 0.6310560651880108
}