{
  "minPB": 0.1474,
  "maxPB": 1.2621,
  "medianPB": 0.42,
  "hienTaiPB": 0.44738321962738514,
  "minPE": -261.7111,
  "maxPE": 422.8229,
  "medianPE": 14.62,
  "hienTaiPE": 3678.1617647148623,
  "minPS": 0.0301,
  "maxPS": 16.1018,
  "medianPS": 0.96,
  "hienTaiPS": 0.648104018724012
}