{
  "minPB": 0.1474,
  "maxPB": 1.2621,
  "medianPB": 0.42,
  "hienTaiPB": 0.4322110930487173,
  "minPE": -261.7111,
  "maxPE": 424.2102,
  "medianPE": 14.64,
  "hienTaiPE": 3553.4241048680105,
  "minPS": 0.0301,
  "maxPS": 16.1018,
  "medianPS": 0.96,
  "hienTaiPS": 0.626124838958589
}