{
  "minPB": 0.1474,
  "maxPB": 1.2621,
  "medianPB": 0.42,
  "hienTaiPB": 0.4084803309641342,
  "minPE": -261.7111,
  "maxPE": 428.218,
  "medianPE": 14.66,
  "hienTaiPE": 3358.3216112613964,
  "minPS": 0.0301,
  "maxPS": 16.1018,
  "medianPS": 0.96,
  "hienTaiPS": 0.5917471475306196
}