{
  "minPB": 0.3956,
  "maxPB": 0.4956,
  "medianPB": 0.45,
  "hienTaiPB": 0.4600023806269507,
  "minPE": 71.6828,
  "maxPE": 89.8028,
  "medianPE": 80.96,
  "hienTaiPE": 83.3521155143901,
  "minPS": 0.0301,
  "maxPS": 15.1194,
  "medianPS": 0.96,
  "hienTaiPS": 0.9643651757579291
}