{
  "minPB": 0.9027,
  "maxPB": 2.0657,
  "medianPB": 1.57,
  "hienTaiPB": 1.6722187120497805,
  "minPE": 5.9196,
  "maxPE": 12.027,
  "medianPE": 8.33,
  "hienTaiPE": 9.322534590959329,
  "minPS": 0.8582,
  "maxPS": 1.7637,
  "medianPS": 1.35,
  "hienTaiPS": 1.8417367226291776
}