{
  "minPB": 0.9024,
  "maxPB": 2.0704,
  "medianPB": 1.57,
  "hienTaiPB": 1.6835022391216412,
  "minPE": 5.9196,
  "maxPE": 12.0539,
  "medianPE": 8.33,
  "hienTaiPE": 9.385439682666206,
  "minPS": 0.8672,
  "maxPS": 1.754,
  "medianPS": 1.37,
  "hienTaiPS": 1.8541640959262706
}