{
  "minPB": 0.9024,
  "maxPB": 2.0704,
  "medianPB": 1.57,
  "hienTaiPB": 1.7150961149228516,
  "minPE": 5.9196,
  "maxPE": 12.0539,
  "medianPE": 8.33,
  "hienTaiPE": 9.561573939445465,
  "minPS": 0.8672,
  "maxPS": 1.7363,
  "medianPS": 1.37,
  "hienTaiPS": 1.8889607411581308
}