{
  "minPB": 0.9027,
  "maxPB": 2.0657,
  "medianPB": 1.57,
  "hienTaiPB": 1.757973517795923,
  "minPE": 5.9196,
  "maxPE": 12.027,
  "medianPE": 8.34,
  "hienTaiPE": 9.8006132879316,
  "minPS": 0.8582,
  "maxPS": 1.7637,
  "medianPS": 1.35,
  "hienTaiPS": 1.936184759687084
}