{
  "minPB": 0.9027,
  "maxPB": 2.0657,
  "medianPB": 1.57,
  "hienTaiPB": 1.7128394095084796,
  "minPE": 5.9196,
  "maxPE": 12.027,
  "medianPE": 8.33,
  "hienTaiPE": 9.54899292110409,
  "minPS": 0.8582,
  "maxPS": 1.7562,
  "medianPS": 1.35,
  "hienTaiPS": 1.8864752664987123
}