{
  "minPB": 0.9027,
  "maxPB": 2.0657,
  "medianPB": 1.57,
  "hienTaiPB": 1.717352820337224,
  "minPE": 5.9196,
  "maxPE": 12.027,
  "medianPE": 8.33,
  "hienTaiPE": 9.57415495778684,
  "minPS": 0.8582,
  "maxPS": 1.7587,
  "medianPS": 1.35,
  "hienTaiPS": 1.8914462158175493
}