{
  "minPB": 0.9024,
  "maxPB": 2.0704,
  "medianPB": 1.57,
  "hienTaiPB": 1.6609351849779195,
  "minPE": 5.9196,
  "maxPE": 12.0539,
  "medianPE": 8.33,
  "hienTaiPE": 9.25962949925245,
  "minPS": 0.8672,
  "maxPS": 1.749,
  "medianPS": 1.37,
  "hienTaiPS": 1.8293093493320847
}