{
  "minPB": 0.9027,
  "maxPB": 2.0657,
  "medianPB": 1.57,
  "hienTaiPB": 1.7038125878509909,
  "minPE": 5.9196,
  "maxPE": 12.027,
  "medianPE": 8.33,
  "hienTaiPE": 9.498668847738587,
  "minPS": 0.8582,
  "maxPS": 1.7587,
  "medianPS": 1.35,
  "hienTaiPS": 1.8765333678610379
}