{
  "minPB": 0.9027,
  "maxPB": 2.0657,
  "medianPB": 1.57,
  "hienTaiPB": 1.760230223210295,
  "minPE": 5.9196,
  "maxPE": 12.027,
  "medianPE": 8.34,
  "hienTaiPE": 9.813194306272978,
  "minPS": 0.8582,
  "maxPS": 1.7712,
  "medianPS": 1.35,
  "hienTaiPS": 1.9386702343465028
}