{
  "minPB": 0.9024,
  "maxPB": 2.0704,
  "medianPB": 1.57,
  "hienTaiPB": 1.7512034015528064,
  "minPE": 5.9196,
  "maxPE": 12.0539,
  "medianPE": 8.33,
  "hienTaiPE": 9.762870232907474,
  "minPS": 0.8672,
  "maxPS": 1.7473,
  "medianPS": 1.37,
  "hienTaiPS": 1.9287283357088283
}