{
  "minPB": 1.4568,
  "maxPB": 1.7628,
  "medianPB": 1.61,
  "hienTaiPB": 1.659407923375974,
  "minPE": 20.708,
  "maxPE": 103.3203,
  "medianPE": 22.82,
  "hienTaiPE": 103.32031660553376,
  "minPS": 1.5302,
  "maxPS": 5.5679,
  "medianPS": 2.75,
  "hienTaiPS": 2.572797077704882
}