{
  "minPB": 1.1901,
  "maxPB": 3.4523,
  "medianPB": 1.66,
  "hienTaiPB": 1.5886647434846826,
  "minPE": -570.1349,
  "maxPE": 377.0649,
  "medianPE": 51.88,
  "hienTaiPE": 98.91560837129785,
  "minPS": 1.5304,
  "maxPS": 5.5723,
  "medianPS": 2.72,
  "hienTaiPS": 2.4631146759711475
}