{
  "minPB": 1.1901,
  "maxPB": 3.4523,
  "medianPB": 1.66,
  "hienTaiPB": 1.7467451825010254,
  "minPE": -570.1349,
  "maxPE": 377.0649,
  "medianPE": 51.88,
  "hienTaiPE": 108.758228005825,
  "minPS": 1.5304,
  "maxPS": 5.5723,
  "medianPS": 2.72,
  "hienTaiPS": 2.7082074502156654
}