{
  "minPB": 1.1901,
  "maxPB": 3.4523,
  "medianPB": 1.66,
  "hienTaiPB": 1.5471171616437653,
  "minPE": -570.1349,
  "maxPE": 377.0649,
  "medianPE": 52.06,
  "hienTaiPE": 96.32871623373072,
  "minPS": 1.5304,
  "maxPS": 5.5723,
  "medianPS": 2.72,
  "hienTaiPS": 2.3986980273338747
}