{
  "minPB": 1.1901,
  "maxPB": 3.4523,
  "medianPB": 1.66,
  "hienTaiPB": 1.5434989037657274,
  "minPE": -570.1349,
  "maxPE": 377.0649,
  "medianPE": 51.97,
  "hienTaiPE": 96.10343133286152,
  "minPS": 1.5304,
  "maxPS": 5.5723,
  "medianPS": 2.72,
  "hienTaiPS": 2.3930881690441423
}