{
  "minPB": 1.4568,
  "maxPB": 1.7628,
  "medianPB": 1.59,
  "hienTaiPB": 1.5221636590366079,
  "minPE": 20.708,
  "maxPE": 25.0584,
  "medianPE": 22.62,
  "hienTaiPE": 21.230069971876322,
  "minPS": 1.5302,
  "maxPS": 5.5679,
  "medianPS": 2.76,
  "hienTaiPS": 2.8608673297402025
}