{
  "minPB": 1.1901,
  "maxPB": 3.4523,
  "medianPB": 1.66,
  "hienTaiPB": 1.6968381772867103,
  "minPE": -570.1349,
  "maxPE": 377.0649,
  "medianPE": 52.23,
  "hienTaiPE": 105.65085006280144,
  "minPS": 1.5304,
  "maxPS": 5.5723,
  "medianPS": 2.71,
  "hienTaiPS": 2.630830094495218
}