{
  "minPB": 1.4568,
  "maxPB": 1.7967,
  "medianPB": 1.61,
  "hienTaiPB": 1.7966521877153403,
  "minPE": 20.708,
  "maxPE": 103.6155,
  "medianPE": 22.83,
  "hienTaiPE": 111.86560594884858,
  "minPS": 1.5302,
  "maxPS": 5.5679,
  "medianPS": 2.76,
  "hienTaiPS": 2.785584805936113
}