{
  "minPB": 0.7814,
  "maxPB": 3.1634,
  "medianPB": 1.64,
  "hienTaiPB": 3.4461416041363413,
  "minPE": 6.3855,
  "maxPE": 26.5338,
  "medianPE": 15.79,
  "hienTaiPE": 23.447240798261223,
  "minPS": 0.6818,
  "maxPS": 3.759,
  "medianPS": 1.87,
  "hienTaiPS": 3.411758998975113
}