{
  "minPB": 0.7814,
  "maxPB": 3.1504,
  "medianPB": 1.64,
  "hienTaiPB": 3.4285052602052444,
  "minPE": 6.3804,
  "maxPE": 26.5338,
  "medianPE": 15.78,
  "hienTaiPE": 23.327244683633477,
  "minPS": 0.6818,
  "maxPS": 3.7632,
  "medianPS": 1.93,
  "hienTaiPS": 3.394298615152313
}