{
  "minPB": 0.7814,
  "maxPB": 3.1745,
  "medianPB": 1.64,
  "hienTaiPB": 3.379123497198173,
  "minPE": 6.3905,
  "maxPE": 26.5338,
  "medianPE": 15.81,
  "hienTaiPE": 22.991255562675796,
  "minPS": 0.6818,
  "maxPS": 3.7583,
  "medianPS": 1.87,
  "hienTaiPS": 3.345409540448473
}