{
  "minPB": 0.7814,
  "maxPB": 3.1445,
  "medianPB": 1.64,
  "hienTaiPB": 3.315632659046224,
  "minPE": 6.3804,
  "maxPE": 26.5338,
  "medianPE": 15.77,
  "hienTaiPE": 22.559269550015916,
  "minPS": 0.6818,
  "maxPS": 3.7632,
  "medianPS": 1.93,
  "hienTaiPS": 3.2825521586863933
}