{
  "minPB": 0.7814,
  "maxPB": 3.1463,
  "medianPB": 1.64,
  "hienTaiPB": 3.333269002977321,
  "minPE": 6.3804,
  "maxPE": 26.5338,
  "medianPE": 15.77,
  "hienTaiPE": 22.67926566464366,
  "minPS": 0.6818,
  "maxPS": 3.7632,
  "medianPS": 1.93,
  "hienTaiPS": 3.3000125425091933
}