{
  "minPB": 0.7814,
  "maxPB": 3.1696,
  "medianPB": 1.64,
  "hienTaiPB": 3.4214507226328057,
  "minPE": 6.3905,
  "maxPE": 26.5338,
  "medianPE": 15.8,
  "hienTaiPE": 23.27924623778238,
  "minPS": 0.6818,
  "maxPS": 3.759,
  "medianPS": 1.87,
  "hienTaiPS": 3.3873144616231934
}