{
  "minPB": 0.7814,
  "maxPB": 3.166,
  "medianPB": 1.64,
  "hienTaiPB": 3.4743597544260965,
  "minPE": 6.3905,
  "maxPE": 26.5338,
  "medianPE": 15.8,
  "hienTaiPE": 23.639234581665615,
  "minPS": 0.6818,
  "maxPS": 3.759,
  "medianPS": 1.87,
  "hienTaiPS": 3.439695613091593
}