{
  "minPB": 0.5922,
  "maxPB": 2.3548,
  "medianPB": 1.3,
  "hienTaiPB": 1.4195841711801342,
  "minPE": 3.0628,
  "maxPE": 11.8749,
  "medianPE": 7.09,
  "hienTaiPE": 8.978751336477329,
  "minPS": 0.1843,
  "maxPS": 0.7877,
  "medianPS": 0.5,
  "hienTaiPS": 0.5793733316761419
}