{
  "minPB": 0.5922,
  "maxPB": 2.3548,
  "medianPB": 1.3,
  "hienTaiPB": 1.5117326173795465,
  "minPE": 3.0628,
  "maxPE": 11.8749,
  "medianPE": 7.1,
  "hienTaiPE": 9.561582563581998,
  "minPS": 0.185,
  "maxPS": 0.7876,
  "medianPS": 0.5,
  "hienTaiPS": 0.6169817760130143
}