{
  "minPB": 0.5922,
  "maxPB": 2.3548,
  "medianPB": 1.3,
  "hienTaiPB": 1.3797361944452533,
  "minPE": 3.0628,
  "maxPE": 11.8749,
  "medianPE": 7.09,
  "hienTaiPE": 8.726716211242877,
  "minPS": 0.1992,
  "maxPS": 0.7878,
  "medianPS": 0.5,
  "hienTaiPS": 0.5631102206115485
}