{
  "minPB": 0.5922,
  "maxPB": 2.3548,
  "medianPB": 1.31,
  "hienTaiPB": 1.451960652277225,
  "minPE": 3.0628,
  "maxPE": 11.8749,
  "medianPE": 7.1,
  "hienTaiPE": 9.18352987573032,
  "minPS": 0.185,
  "maxPS": 0.7876,
  "medianPS": 0.5,
  "hienTaiPS": 0.5925871094161241
}