{
  "minPB": 0.4843,
  "maxPB": 3.1686,
  "medianPB": 1.01,
  "hienTaiPB": 0.6135462420601447,
  "minPE": -71.6024,
  "maxPE": 23.0004,
  "medianPE": 8.82,
  "hienTaiPE": 6.086528856444796,
  "minPS": 0.383,
  "maxPS": 19.7187,
  "medianPS": 5.97,
  "hienTaiPS": 4.543567052769239
}