{
  "minPB": 0.4843,
  "maxPB": 3.1624,
  "medianPB": 1.01,
  "hienTaiPB": 0.6599488990226767,
  "minPE": -69.9077,
  "maxPE": 22.9063,
  "medianPE": 8.82,
  "hienTaiPE": 6.546854568276756,
  "minPS": 0.3847,
  "maxPS": 19.8783,
  "medianPS": 6.06,
  "hienTaiPS": 4.887198174407248
}