{
  "minPB": 0.4843,
  "maxPB": 3.1624,
  "medianPB": 1.01,
  "hienTaiPB": 0.6083903912865302,
  "minPE": -69.9077,
  "maxPE": 22.9063,
  "medianPE": 8.82,
  "hienTaiPE": 6.035381555130135,
  "minPS": 0.3847,
  "maxPS": 19.8783,
  "medianPS": 6.06,
  "hienTaiPS": 4.505385817031683
}