{
  "minPB": 0.4843,
  "maxPB": 3.1686,
  "medianPB": 1.01,
  "hienTaiPB": 0.6238579436073741,
  "minPE": -71.6024,
  "maxPE": 23.0004,
  "medianPE": 8.82,
  "hienTaiPE": 6.188823459074121,
  "minPS": 0.383,
  "maxPS": 19.7187,
  "medianPS": 5.97,
  "hienTaiPS": 4.619929524244352
}