{
  "minPB": 0.76,
  "maxPB": 0.8649,
  "medianPB": 0.86,
  "hienTaiPB": 0.7968888256439389,
  "minPE": 10.192,
  "maxPE": 10.8134,
  "medianPE": 10.81,
  "hienTaiPE": 10.392975194691386,
  "minPS": 0.782,
  "maxPS": 13.2475,
  "medianPS": 7,
  "hienTaiPS": 5.706344321744977
}