{
  "minPB": 0.7522,
  "maxPB": 1.2817,
  "medianPB": 0.86,
  "hienTaiPB": 0.7968888256439389,
  "minPE": -10.0783,
  "maxPE": 38.2823,
  "medianPE": 13.11,
  "hienTaiPE": 10.392975194691386,
  "minPS": 0.782,
  "maxPS": 13.2475,
  "medianPS": 7,
  "hienTaiPS": 5.706344321744977
}