{
  "minPB": 1.9669,
  "maxPB": 2.1871,
  "medianPB": 2.05,
  "hienTaiPB": 2.0025282210849653,
  "minPE": 15.3728,
  "maxPE": 16.7809,
  "medianPE": 15.81,
  "hienTaiPE": 15.65094178688652,
  "minPS": 2.2448,
  "maxPS": 5.9304,
  "medianPS": 3.17,
  "hienTaiPS": 6.012433333691099
}