{
  "minPB": 0.9557,
  "maxPB": 2.0799,
  "medianPB": 1.35,
  "hienTaiPB": 1.987414800548475,
  "minPE": 6.9735,
  "maxPE": 164.7815,
  "medianPE": 9.52,
  "hienTaiPE": 15.532821471513792,
  "minPS": 2.238,
  "maxPS": 5.8865,
  "medianPS": 3.14,
  "hienTaiPS": 5.967056478342488
}