{
  "minPB": 1.9669,
  "maxPB": 2.1871,
  "medianPB": 2.05,
  "hienTaiPB": 1.99497151081672,
  "minPE": 15.3728,
  "maxPE": 16.7809,
  "medianPE": 15.8,
  "hienTaiPE": 15.591881629200156,
  "minPS": 2.2448,
  "maxPS": 5.9442,
  "medianPS": 3.17,
  "hienTaiPS": 5.989744906016794
}