{
  "minPB": 1.9669,
  "maxPB": 2.1871,
  "medianPB": 2.06,
  "hienTaiPB": 2.040311772426191,
  "minPE": 15.3728,
  "maxPE": 16.7809,
  "medianPE": 15.81,
  "hienTaiPE": 15.946242575318342,
  "minPS": 2.2448,
  "maxPS": 5.9172,
  "medianPS": 3.17,
  "hienTaiPS": 6.12587547206263
}