{
  "minPB": 0.9557,
  "maxPB": 2.0799,
  "medianPB": 1.35,
  "hienTaiPB": 2.0025282210849653,
  "minPE": 6.9735,
  "maxPE": 164.7815,
  "medianPE": 9.52,
  "hienTaiPE": 15.65094178688652,
  "minPS": 2.238,
  "maxPS": 5.9084,
  "medianPS": 3.14,
  "hienTaiPS": 6.012433333691099
}