{
  "minPB": 0.9557,
  "maxPB": 2.0799,
  "medianPB": 1.35,
  "hienTaiPB": 1.9798580902802299,
  "minPE": 6.9735,
  "maxPE": 164.7815,
  "medianPE": 9.52,
  "hienTaiPE": 15.473761313827428,
  "minPS": 2.238,
  "maxPS": 5.8865,
  "medianPS": 3.14,
  "hienTaiPS": 5.9443680506681815
}