{
  "minPB": 0.9557,
  "maxPB": 2.0799,
  "medianPB": 1.35,
  "hienTaiPB": 1.9420745389390042,
  "minPE": 6.9735,
  "maxPE": 164.7815,
  "medianPE": 9.52,
  "hienTaiPE": 15.178460525395607,
  "minPS": 2.238,
  "maxPS": 5.8865,
  "medianPS": 3.14,
  "hienTaiPS": 5.830925912296651
}