{
  "minPB": 0.9779,
  "maxPB": 2.7318,
  "medianPB": 1.72,
  "hienTaiPB": 2.3985928191592967,
  "minPE": 3.3137,
  "maxPE": 12.3874,
  "medianPE": 7.22,
  "hienTaiPE": 8.708241507650177,
  "minPS": 0.5411,
  "maxPS": 1.6531,
  "medianPS": 0.95,
  "hienTaiPS": 1.2523269546674773
}