{
  "minPB": 2.1468,
  "maxPB": 2.3989,
  "medianPB": 2.35,
  "hienTaiPB": 2.3480961282296273,
  "minPE": 7.4906,
  "maxPE": 8.444,
  "medianPE": 8.08,
  "hienTaiPE": 8.443965564648447,
  "minPS": 0.5411,
  "maxPS": 1.6531,
  "medianPS": 0.95,
  "hienTaiPS": 1.2537160597136572
}