{
  "minPB": 2.1468,
  "maxPB": 2.4055,
  "medianPB": 2.35,
  "hienTaiPB": 2.2835866055669745,
  "minPE": 7.4906,
  "maxPE": 8.4754,
  "medianPE": 8.08,
  "hienTaiPE": 8.211983499942244,
  "minPS": 0.5411,
  "maxPS": 1.6531,
  "medianPS": 0.95,
  "hienTaiPS": 1.2192725701161478
}