{
  "minPB": 2.1468,
  "maxPB": 2.4055,
  "medianPB": 2.35,
  "hienTaiPB": 2.43015325099034,
  "minPE": 7.4906,
  "maxPE": 8.4754,
  "medianPE": 8.08,
  "hienTaiPE": 8.739050382767882,
  "minPS": 0.5411,
  "maxPS": 1.6531,
  "medianPS": 0.95,
  "hienTaiPS": 1.2975287177144033
}