{
  "minPB": 2.1468,
  "maxPB": 2.3989,
  "medianPB": 2.35,
  "hienTaiPB": 2.33547195549721,
  "minPE": 7.4906,
  "maxPE": 8.3645,
  "medianPE": 8.08,
  "hienTaiPE": 8.39856790032238,
  "minPS": 0.5411,
  "maxPS": 1.6531,
  "medianPS": 0.95,
  "hienTaiPS": 1.2469756507904655
}