{
  "minPB": 0.9779,
  "maxPB": 2.7318,
  "medianPB": 1.72,
  "hienTaiPB": 2.33547195549721,
  "minPE": 3.3137,
  "maxPE": 12.3874,
  "medianPE": 7.22,
  "hienTaiPE": 8.479077257448857,
  "minPS": 0.5411,
  "maxPS": 1.6531,
  "medianPS": 0.95,
  "hienTaiPS": 1.219370982176228
}