{
  "minPB": 0.2689,
  "maxPB": 1.5718,
  "medianPB": 0.52,
  "hienTaiPB": 0.45736007843742293,
  "minPE": -32.9085,
  "maxPE": 103.4579,
  "medianPE": 11.94,
  "hienTaiPE": 13.294000393164055,
  "minPS": 0.8588,
  "maxPS": 4.9552,
  "medianPS": 1.84,
  "hienTaiPS": 1.6685288617740395
}