{
  "minPB": 0.2689,
  "maxPB": 1.5718,
  "medianPB": 0.52,
  "hienTaiPB": 0.4435948721931898,
  "minPE": -32.9085,
  "maxPE": 103.4579,
  "medianPE": 11.96,
  "hienTaiPE": 26.766599533770332,
  "minPS": 0.8588,
  "maxPS": 4.9552,
  "medianPS": 1.85,
  "hienTaiPS": 1.6649532164756686
}