{
  "minPB": 0.2689,
  "maxPB": 1.5718,
  "medianPB": 0.52,
  "hienTaiPB": 0.45736007843742293,
  "minPE": -32.9085,
  "maxPE": 103.4579,
  "medianPE": 11.96,
  "hienTaiPE": 27.59719471449794,
  "minPS": 0.8588,
  "maxPS": 4.9552,
  "medianPS": 1.85,
  "hienTaiPS": 1.71661843140134
}