{
  "minPB": 0.2689,
  "maxPB": 1.5718,
  "medianPB": 0.52,
  "hienTaiPB": 0.46402066210398735,
  "minPE": -32.9085,
  "maxPE": 103.4579,
  "medianPE": 11.97,
  "hienTaiPE": 27.999095608398395,
  "minPS": 0.8588,
  "maxPS": 4.9552,
  "medianPS": 1.85,
  "hienTaiPS": 1.7416177289460197
}