{
  "minPB": 0.2408,
  "maxPB": 1.7279,
  "medianPB": 0.83,
  "hienTaiPB": 1.3454420718239035,
  "minPE": -6.8487,
  "maxPE": 22.3398,
  "medianPE": 7.69,
  "hienTaiPE": 98.34096914738022,
  "minPS": 0.0908,
  "maxPS": 0.8065,
  "medianPS": 0.44,
  "hienTaiPS": 0.6231030535698802
}