{
  "minPB": 0.2408,
  "maxPB": 1.7259,
  "medianPB": 0.83,
  "hienTaiPB": 1.3220837025214054,
  "minPE": -6.8604,
  "maxPE": 22.4306,
  "medianPE": 7.7,
  "hienTaiPE": 96.63366065523822,
  "minPS": 0.0903,
  "maxPS": 0.8065,
  "medianPS": 0.44,
  "hienTaiPS": 0.6122852922231808
}