{
  "minPB": 0.2408,
  "maxPB": 1.7259,
  "medianPB": 0.83,
  "hienTaiPB": 1.3734721149869016,
  "minPE": -6.8604,
  "maxPE": 22.7092,
  "medianPE": 7.71,
  "hienTaiPE": 100.38973933795064,
  "minPS": 0.0903,
  "maxPS": 0.8065,
  "medianPS": 0.44,
  "hienTaiPS": 0.6360843671859193
}