{
  "minPB": 0.2408,
  "maxPB": 1.7279,
  "medianPB": 0.83,
  "hienTaiPB": 1.3360987241029043,
  "minPE": -6.8487,
  "maxPE": 22.2912,
  "medianPE": 7.68,
  "hienTaiPE": 97.65804575052341,
  "minPS": 0.0908,
  "maxPS": 0.8065,
  "medianPS": 0.44,
  "hienTaiPS": 0.6187759490312005
}