{
  "minPB": 0.2408,
  "maxPB": 1.7259,
  "medianPB": 0.83,
  "hienTaiPB": 1.298725333218907,
  "minPE": -6.8604,
  "maxPE": 22.3398,
  "medianPE": 7.69,
  "hienTaiPE": 94.9263521630962,
  "minPS": 0.0903,
  "maxPS": 0.8065,
  "medianPS": 0.44,
  "hienTaiPS": 0.6014675308764815
}