{
  "minPB": 0.2408,
  "maxPB": 1.7259,
  "medianPB": 0.83,
  "hienTaiPB": 1.354785419544903,
  "minPE": -6.8604,
  "maxPE": 22.5699,
  "medianPE": 7.71,
  "hienTaiPE": 99.02389254423703,
  "minPS": 0.0903,
  "maxPS": 0.8065,
  "medianPS": 0.44,
  "hienTaiPS": 0.6274301581085598
}