{
  "minPB": 0.185,
  "maxPB": 0.8724,
  "medianPB": 0.29,
  "hienTaiPB": 0.29685378664191014,
  "minPE": -44.1555,
  "maxPE": 148.0388,
  "medianPE": 21.1,
  "hienTaiPE": 94.17971406118076,
  "minPS": 0.104,
  "maxPS": 0.4115,
  "medianPS": 0.18,
  "hienTaiPS": 0.1777374560220371
}