{
  "minPB": 0.1921,
  "maxPB": 1.5918,
  "medianPB": 0.34,
  "hienTaiPB": 0.27770192943920624,
  "minPE": -5.1712,
  "maxPE": 155.8303,
  "medianPE": 21.57,
  "hienTaiPE": 88.10360347658845,
  "minPS": 0.104,
  "maxPS": 0.5008,
  "medianPS": 0.19,
  "hienTaiPS": 0.1662705233754541
}