{
  "minPB": 0.1921,
  "maxPB": 1.5918,
  "medianPB": 0.34,
  "hienTaiPB": 0.2872778580405582,
  "minPE": -5.1712,
  "maxPE": 155.8303,
  "medianPE": 21.64,
  "hienTaiPE": 91.14165876888461,
  "minPS": 0.104,
  "maxPS": 0.5008,
  "medianPS": 0.19,
  "hienTaiPS": 0.17200398969874559
}