{
  "minPB": 0.185,
  "maxPB": 0.8724,
  "medianPB": 0.29,
  "hienTaiPB": 0.2872778580405582,
  "minPE": -44.1555,
  "maxPE": 148.0388,
  "medianPE": 21.1,
  "hienTaiPE": 91.14165876888461,
  "minPS": 0.104,
  "maxPS": 0.4115,
  "medianPS": 0.18,
  "hienTaiPS": 0.17200398969874559
}