{
  "minPB": 0.2078,
  "maxPB": 0.8015,
  "medianPB": 0.35,
  "hienTaiPB": 0.5456185726341581,
  "minPE": -1570.271,
  "maxPE": 343.3242,
  "medianPE": 20.03,
  "hienTaiPE": 42.02749587764153,
  "minPS": 0.0278,
  "maxPS": 0.1789,
  "medianPS": 0.05,
  "hienTaiPS": 0.08014281312545475
}