{
  "minPB": 0.2078,
  "maxPB": 0.8015,
  "medianPB": 0.35,
  "hienTaiPB": 0.46451436457871453,
  "minPE": -1570.271,
  "maxPE": 343.3242,
  "medianPE": 20.02,
  "hienTaiPE": 35.78026211275458,
  "minPS": 0.0278,
  "maxPS": 0.1789,
  "medianPS": 0.05,
  "hienTaiPS": 0.06822987666052678
}