{
  "minPB": 0.2078,
  "maxPB": 0.8015,
  "medianPB": 0.35,
  "hienTaiPB": 0.4822588133056214,
  "minPE": -1570.271,
  "maxPE": 343.3242,
  "medianPE": 20.04,
  "hienTaiPE": 37.1470681254618,
  "minPS": 0.0278,
  "maxPS": 0.1789,
  "medianPS": 0.05,
  "hienTaiPS": 0.0708362579489589
}