{
  "minPB": 0.2078,
  "maxPB": 0.8015,
  "medianPB": 0.35,
  "hienTaiPB": 0.45522407728714026,
  "minPE": -1570.271,
  "maxPE": 343.3242,
  "medianPE": 20.05,
  "hienTaiPE": 35.06465687049948,
  "minPS": 0.0278,
  "maxPS": 0.1789,
  "medianPS": 0.05,
  "hienTaiPS": 0.06686527912731624
}