{
  "minPB": 0.2078,
  "maxPB": 0.8015,
  "medianPB": 0.35,
  "hienTaiPB": 0.445933789995566,
  "minPE": -1570.271,
  "maxPE": 343.3242,
  "medianPE": 20.09,
  "hienTaiPE": 34.349051628244396,
  "minPS": 0.0278,
  "maxPS": 0.1789,
  "medianPS": 0.05,
  "hienTaiPS": 0.0655006815941057
}