{
  "minPB": 0.34,
  "maxPB": 0.4266,
  "medianPB": 0.36,
  "hienTaiPB": 0.4209429171812311,
  "minPE": 19.5788,
  "maxPE": 32.8606,
  "medianPE": 20.97,
  "hienTaiPE": 32.4240735265782,
  "minPS": 0.0277,
  "maxPS": 0.1766,
  "medianPS": 0.05,
  "hienTaiPS": 0.06182991422976936
}