{
  "minPB": 0.2078,
  "maxPB": 0.8015,
  "medianPB": 0.35,
  "hienTaiPB": 0.48160849319521126,
  "minPE": -1570.271,
  "maxPE": 343.3242,
  "medianPE": 20.04,
  "hienTaiPE": 37.096975758503945,
  "minPS": 0.0278,
  "maxPS": 0.1789,
  "medianPS": 0.05,
  "hienTaiPS": 0.07074073612163416
}