{
  "minPB": 0.3926,
  "maxPB": 1.8177,
  "medianPB": 0.94,
  "hienTaiPB": 0.49919754356146034,
  "minPE": -14.5479,
  "maxPE": 2137.3023,
  "medianPE": 39.65,
  "hienTaiPE": 44.96861236072062,
  "minPS": 1.2138,
  "maxPS": 25.0668,
  "medianPS": 9.43,
  "hienTaiPS": 10.297930293340091
}