{
  "minPB": 0.3926,
  "maxPB": 1.8184,
  "medianPB": 0.94,
  "hienTaiPB": 0.48570571805979923,
  "minPE": -14.5479,
  "maxPE": 2137.3023,
  "medianPE": 39.66,
  "hienTaiPE": 43.753244459079525,
  "minPS": 1.2138,
  "maxPS": 25.0668,
  "medianPS": 9.43,
  "hienTaiPS": 10.019607852979549
}