{
  "minPB": 0.3926,
  "maxPB": 1.8272,
  "medianPB": 0.95,
  "hienTaiPB": 0.47671116772535854,
  "minPE": -14.5479,
  "maxPE": 2137.3023,
  "medianPE": 39.8,
  "hienTaiPE": 42.94299919131879,
  "minPS": 1.2138,
  "maxPS": 25.0668,
  "medianPS": 9.43,
  "hienTaiPS": 9.834059559405853
}