{
  "minPB": 0.3926,
  "maxPB": 1.8081,
  "medianPB": 0.94,
  "hienTaiPB": 0.49470026839424,
  "minPE": -14.5479,
  "maxPE": 2137.3023,
  "medianPE": 39.61,
  "hienTaiPE": 44.56348972684025,
  "minPS": 1.2347,
  "maxPS": 24.7068,
  "medianPS": 9.37,
  "hienTaiPS": 10.205156146553243
}