{
  "minPB": 0.3926,
  "maxPB": 1.8081,
  "medianPB": 0.94,
  "hienTaiPB": 0.4812084428925789,
  "minPE": -14.5479,
  "maxPE": 2137.3023,
  "medianPE": 39.61,
  "hienTaiPE": 43.34812182519916,
  "minPS": 1.2347,
  "maxPS": 24.7068,
  "medianPS": 9.37,
  "hienTaiPS": 9.926833706192701
}