{
  "minPB": 0.3204,
  "maxPB": 2.1159,
  "medianPB": 0.89,
  "hienTaiPB": 0.9188157659586582,
  "minPE": -274.6831,
  "maxPE": 41.3906,
  "medianPE": 4.79,
  "hienTaiPE": 9.767040192007084,
  "minPS": 0.5483,
  "maxPS": 2.6691,
  "medianPS": 0.9,
  "hienTaiPS": 0.8265025973268144
}