{
  "minPB": 0.3204,
  "maxPB": 2.1159,
  "medianPB": 0.89,
  "hienTaiPB": 0.8881885737600363,
  "minPE": -274.683,
  "maxPE": 41.3906,
  "medianPE": 4.78,
  "hienTaiPE": 9.441472185606848,
  "minPS": 0.55,
  "maxPS": 2.6569,
  "medianPS": 0.89,
  "hienTaiPS": 0.798952510749254
}