{
  "minPB": 0.3204,
  "maxPB": 2.1159,
  "medianPB": 0.89,
  "hienTaiPB": 0.8983976378262436,
  "minPE": -274.6831,
  "maxPE": 41.3906,
  "medianPE": 4.79,
  "hienTaiPE": 9.549994854406927,
  "minPS": 0.5483,
  "maxPS": 2.6691,
  "medianPS": 0.9,
  "hienTaiPS": 0.8081358729417741
}