{
  "minPB": 0.3204,
  "maxPB": 2.1159,
  "medianPB": 0.89,
  "hienTaiPB": 0.8922721993865192,
  "minPE": -274.6831,
  "maxPE": 41.3906,
  "medianPE": 4.79,
  "hienTaiPE": 9.48488125312688,
  "minPS": 0.5483,
  "maxPS": 2.6691,
  "medianPS": 0.9,
  "hienTaiPS": 0.802625855626262
}