{
  "minPB": 0.4906,
  "maxPB": 3.2536,
  "medianPB": 0.96,
  "hienTaiPB": 1.2441206540450822,
  "minPE": -9.8601,
  "maxPE": 105.4264,
  "medianPE": 11.48,
  "hienTaiPE": 54.30696288646242,
  "minPS": 2.0588,
  "maxPS": 14.4113,
  "medianPS": 5.24,
  "hienTaiPS": 8.337658380466127
}