{
  "minPB": 0.4906,
  "maxPB": 3.2536,
  "medianPB": 0.96,
  "hienTaiPB": 1.221425252395835,
  "minPE": -9.8601,
  "maxPE": 105.4264,
  "medianPE": 11.49,
  "hienTaiPE": 53.3162886049515,
  "minPS": 2.0588,
  "maxPS": 14.4113,
  "medianPS": 5.25,
  "hienTaiPS": 8.185561793094442
}