{
  "minPB": 0.4906,
  "maxPB": 3.2537,
  "medianPB": 0.96,
  "hienTaiPB": 1.200793069078338,
  "minPE": -9.8601,
  "maxPE": 105.4264,
  "medianPE": 11.47,
  "hienTaiPE": 52.41567562175975,
  "minPS": 2.0588,
  "maxPS": 14.0761,
  "medianPS": 5.26,
  "hienTaiPS": 8.047292168211088
}