{
  "minPB": 0.4906,
  "maxPB": 3.2536,
  "medianPB": 0.96,
  "hienTaiPB": 1.215235597400586,
  "minPE": -9.8601,
  "maxPE": 105.4264,
  "medianPE": 11.49,
  "hienTaiPE": 53.046104709993976,
  "minPS": 2.0588,
  "maxPS": 14.4113,
  "medianPS": 5.25,
  "hienTaiPS": 8.144080905629435
}