{
  "minPB": 0.4906,
  "maxPB": 3.2536,
  "medianPB": 0.96,
  "hienTaiPB": 1.2049195057418374,
  "minPE": -9.8601,
  "maxPE": 105.4264,
  "medianPE": 11.47,
  "hienTaiPE": 52.5957982183981,
  "minPS": 2.0588,
  "maxPS": 14.4113,
  "medianPS": 5.24,
  "hienTaiPS": 8.074946093187759
}