{
  "minPB": 0.4906,
  "maxPB": 3.2537,
  "medianPB": 0.96,
  "hienTaiPB": 1.1739712307655916,
  "minPE": -9.8601,
  "maxPE": 105.4264,
  "medianPE": 11.47,
  "hienTaiPE": 51.24487874361048,
  "minPS": 2.0588,
  "maxPS": 14.0761,
  "medianPS": 5.26,
  "hienTaiPS": 7.867541655862731
}