{
  "minPB": 0.4906,
  "maxPB": 3.2536,
  "medianPB": 0.96,
  "hienTaiPB": 1.2193620340640854,
  "minPE": -9.8601,
  "maxPE": 105.4264,
  "medianPE": 11.47,
  "hienTaiPE": 53.226227306632325,
  "minPS": 2.0588,
  "maxPS": 14.4113,
  "medianPS": 5.24,
  "hienTaiPS": 8.171734830606106
}