{
  "minPB": 0.1769,
  "maxPB": 1.1382,
  "medianPB": 0.68,
  "hienTaiPB": 0.6184683686904057,
  "minPE": 1.268,
  "maxPE": 26.9054,
  "medianPE": 6.18,
  "hienTaiPE": 6.716325322996117,
  "minPS": 0.2144,
  "maxPS": 0.5556,
  "medianPS": 0.39,
  "hienTaiPS": 0.39399314377413647
}