{
  "minPB": 0.5994,
  "maxPB": 2.5291,
  "medianPB": 1.69,
  "hienTaiPB": 2.569421726301221,
  "minPE": -218.474,
  "maxPE": 108.1665,
  "medianPE": 19.24,
  "hienTaiPE": 469.34662763414167,
  "minPS": 0.5248,
  "maxPS": 3.8146,
  "medianPS": 1.56,
  "hienTaiPS": 2.0418930924900973
}