{
  "minPB": 0.5994,
  "maxPB": 2.5272,
  "medianPB": 1.69,
  "hienTaiPB": 2.573798935374988,
  "minPE": -218.474,
  "maxPE": 107.939,
  "medianPE": 19.24,
  "hienTaiPE": 470.1461959946768,
  "minPS": 0.5248,
  "maxPS": 3.8146,
  "medianPS": 1.56,
  "hienTaiPS": 2.0453716156459576
}