{
  "minPB": 0.5994,
  "maxPB": 2.5295,
  "medianPB": 1.69,
  "hienTaiPB": 2.5606673081536875,
  "minPE": -218.474,
  "maxPE": 108.9279,
  "medianPE": 19.24,
  "hienTaiPE": 467.7474909130713,
  "minPS": 0.5248,
  "maxPS": 3.8146,
  "medianPS": 1.56,
  "hienTaiPS": 2.0349360461783763
}