{
  "minPB": 0.6026,
  "maxPB": 2.535,
  "medianPB": 1.69,
  "hienTaiPB": 2.5606673081536875,
  "minPE": -218.474,
  "maxPE": 109.8232,
  "medianPE": 19.26,
  "hienTaiPE": 467.7474909130713,
  "minPS": 0.5248,
  "maxPS": 3.7848,
  "medianPS": 1.58,
  "hienTaiPS": 2.0349360461783763
}