{
  "minPB": 0.5994,
  "maxPB": 2.5295,
  "medianPB": 1.69,
  "hienTaiPB": 2.5650445172274545,
  "minPE": -218.474,
  "maxPE": 108.1818,
  "medianPE": 19.24,
  "hienTaiPE": 468.5470592736065,
  "minPS": 0.5248,
  "maxPS": 3.8146,
  "medianPS": 1.56,
  "hienTaiPS": 2.0384145693342366
}