{
  "minPB": 0.601,
  "maxPB": 2.532,
  "medianPB": 1.69,
  "hienTaiPB": 2.5606673081536875,
  "minPE": -218.474,
  "maxPE": 109.4501,
  "medianPE": 19.24,
  "hienTaiPE": 467.7474909130713,
  "minPS": 0.5245,
  "maxPS": 3.7848,
  "medianPS": 1.58,
  "hienTaiPS": 2.0349360461783763
}