{
  "minPB": 0.6026,
  "maxPB": 2.5329,
  "medianPB": 1.69,
  "hienTaiPB": 2.5562900990799204,
  "minPE": -218.474,
  "maxPE": 109.5247,
  "medianPE": 19.25,
  "hienTaiPE": 466.94792255253617,
  "minPS": 0.5245,
  "maxPS": 3.7848,
  "medianPS": 1.58,
  "hienTaiPS": 2.0314575230225156
}