{
  "minPB": 0.3533,
  "maxPB": 3.194,
  "medianPB": 1.75,
  "hienTaiPB": 2.0113994317410486,
  "minPE": -8.9942,
  "maxPE": 65.7411,
  "medianPE": 15.8,
  "hienTaiPE": 43.205409949990795,
  "minPS": 1.5208,
  "maxPS": 20.3949,
  "medianPS": 4.47,
  "hienTaiPS": 10.670927007143645
}