{
  "minPB": 0.3533,
  "maxPB": 3.194,
  "medianPB": 1.75,
  "hienTaiPB": 1.9852396125421046,
  "minPE": -8.9942,
  "maxPE": 65.7411,
  "medianPE": 15.8,
  "hienTaiPE": 42.643489878386866,
  "minPS": 1.5208,
  "maxPS": 20.3949,
  "medianPS": 4.47,
  "hienTaiPS": 10.532143274391776
}