{
  "minPB": 0.3533,
  "maxPB": 3.194,
  "medianPB": 1.75,
  "hienTaiPB": 1.9474532070325183,
  "minPE": -8.9942,
  "maxPE": 65.7411,
  "medianPE": 15.81,
  "hienTaiPE": 41.83182755273675,
  "minPS": 1.5244,
  "maxPS": 17.833,
  "medianPS": 4.46,
  "hienTaiPS": 10.331677882639077
}