{
  "minPB": 0.3533,
  "maxPB": 3.194,
  "medianPB": 1.75,
  "hienTaiPB": 1.9677997330761416,
  "minPE": -8.9942,
  "maxPE": 65.7411,
  "medianPE": 15.8,
  "hienTaiPE": 42.268876497317585,
  "minPS": 1.5217,
  "maxPS": 17.8476,
  "medianPS": 4.45,
  "hienTaiPS": 10.439620785890531
}