{
  "minPB": 0.3533,
  "maxPB": 3.194,
  "medianPB": 1.75,
  "hienTaiPB": 1.976519672809123,
  "minPE": -8.9942,
  "maxPE": 65.7411,
  "medianPE": 15.8,
  "hienTaiPE": 42.456183187852226,
  "minPS": 1.5208,
  "maxPS": 20.3949,
  "medianPS": 4.47,
  "hienTaiPS": 10.485882030141154
}