{
  "minPB": 0.3533,
  "maxPB": 3.194,
  "medianPB": 1.75,
  "hienTaiPB": 1.988146259119765,
  "minPE": -8.9942,
  "maxPE": 65.7411,
  "medianPE": 15.8,
  "hienTaiPE": 42.705925441898415,
  "minPS": 1.5217,
  "maxPS": 17.8476,
  "medianPS": 4.46,
  "hienTaiPS": 10.547563689141983
}