{
  "minPB": 0.1733,
  "maxPB": 2.0401,
  "medianPB": 0.64,
  "hienTaiPB": 1.630499803860042,
  "minPE": -514.8125,
  "maxPE": 2861.2473,
  "medianPE": 14.49,
  "hienTaiPE": 93.82588492517509,
  "minPS": 0.2998,
  "maxPS": 9.9132,
  "medianPS": 1.18,
  "hienTaiPS": 3.5364459013459038
}