{
  "minPB": 0.1733,
  "maxPB": 2.0401,
  "medianPB": 0.64,
  "hienTaiPB": 1.5912106519598,
  "minPE": -514.8125,
  "maxPE": 2861.2473,
  "medianPE": 14.63,
  "hienTaiPE": 91.56502022818292,
  "minPS": 0.2998,
  "maxPS": 9.9132,
  "medianPS": 1.18,
  "hienTaiPS": 3.4512303374580506
}