{
  "minPB": 0.1733,
  "maxPB": 2.0401,
  "medianPB": 0.64,
  "hienTaiPB": 1.6403220918351025,
  "minPE": -514.8125,
  "maxPE": 2861.2473,
  "medianPE": 14.51,
  "hienTaiPE": 94.39110109942312,
  "minPS": 0.2998,
  "maxPS": 9.9132,
  "medianPS": 1.18,
  "hienTaiPS": 3.557749792317867
}