{
  "minPB": 0.1763,
  "maxPB": 2.0401,
  "medianPB": 0.64,
  "hienTaiPB": 1.6697889557602839,
  "minPE": -514.8125,
  "maxPE": 2861.2473,
  "medianPE": 14.63,
  "hienTaiPE": 96.08674962216726,
  "minPS": 0.2998,
  "maxPS": 9.9132,
  "medianPS": 1.18,
  "hienTaiPS": 3.621661465233757
}