{
  "minPB": 0.1763,
  "maxPB": 2.0401,
  "medianPB": 0.64,
  "hienTaiPB": 1.6206775158849813,
  "minPE": -514.8125,
  "maxPE": 2861.2473,
  "medianPE": 14.53,
  "hienTaiPE": 93.26066875092704,
  "minPS": 0.2998,
  "maxPS": 9.9132,
  "medianPS": 1.22,
  "hienTaiPS": 3.5151420103739404
}