{
  "minPB": 0.1733,
  "maxPB": 2.0401,
  "medianPB": 0.64,
  "hienTaiPB": 1.650144379810163,
  "minPE": -514.8125,
  "maxPE": 2861.2473,
  "medianPE": 14.49,
  "hienTaiPE": 94.95631727367117,
  "minPS": 0.2998,
  "maxPS": 9.9132,
  "medianPS": 1.18,
  "hienTaiPS": 3.5790536832898305
}