{
  "minPB": 0.6427,
  "maxPB": 0.7074,
  "medianPB": 0.66,
  "hienTaiPB": 0.6589120599218315,
  "minPE": 13.4551,
  "maxPE": 33.3747,
  "medianPE": 13.85,
  "hienTaiPE": 33.37467495044023,
  "minPS": 0.0223,
  "maxPS": 0.0915,
  "medianPS": 0.05,
  "hienTaiPS": 0.023595722893926214
}