{
  "minPB": 0.4785,
  "maxPB": 1.2377,
  "medianPB": 0.77,
  "hienTaiPB": 0.6427006553321112,
  "minPE": -61.5503,
  "maxPE": 2400.5612,
  "medianPE": 14.58,
  "hienTaiPE": 32.55354813916866,
  "minPS": 0.0222,
  "maxPS": 0.0915,
  "medianPS": 0.05,
  "hienTaiPS": 0.023015190477406557
}