{
  "minPB": 0.6427,
  "maxPB": 0.7074,
  "medianPB": 0.66,
  "hienTaiPB": 0.6556505939096985,
  "minPE": 13.4551,
  "maxPE": 33.2095,
  "medianPE": 13.83,
  "hienTaiPE": 33.20947784048027,
  "minPS": 0.0223,
  "maxPS": 0.0915,
  "medianPS": 0.05,
  "hienTaiPS": 0.023478929390011016
}