{
  "minPB": 0.4008,
  "maxPB": 1.8843,
  "medianPB": 0.53,
  "hienTaiPB": 0.48886094057663276,
  "minPE": 3.7305,
  "maxPE": 50.8566,
  "medianPE": 8.45,
  "hienTaiPE": 45.01450050640369,
  "minPS": 1.2304,
  "maxPS": 24.0126,
  "medianPS": 4.32,
  "hienTaiPS": 8.239008420689743
}