{
  "minPB": 0.4008,
  "maxPB": 1.8843,
  "medianPB": 0.53,
  "hienTaiPB": 0.4793935632063106,
  "minPE": 3.7305,
  "maxPE": 50.8566,
  "medianPE": 8.45,
  "hienTaiPE": 44.14274081349799,
  "minPS": 1.2304,
  "maxPS": 24.0126,
  "medianPS": 4.33,
  "hienTaiPS": 8.079450159021455
}