{
  "minPB": 0.4008,
  "maxPB": 1.8843,
  "medianPB": 0.53,
  "hienTaiPB": 0.4802542338763399,
  "minPE": 3.7305,
  "maxPE": 50.8566,
  "medianPE": 8.46,
  "hienTaiPE": 44.22199169467124,
  "minPS": 1.2304,
  "maxPS": 24.0126,
  "medianPS": 4.37,
  "hienTaiPS": 8.093955455536754
}