{
  "minPB": 0.4008,
  "maxPB": 1.8843,
  "medianPB": 0.53,
  "hienTaiPB": 0.4587374671256078,
  "minPE": 3.7305,
  "maxPE": 50.8566,
  "medianPE": 8.43,
  "hienTaiPE": 42.24071966534009,
  "minPS": 1.2304,
  "maxPS": 24.0126,
  "medianPS": 4.3,
  "hienTaiPS": 7.7313230426542825
}