{
  "minPB": 0.4008,
  "maxPB": 1.8843,
  "medianPB": 0.53,
  "hienTaiPB": 0.46390149114578355,
  "minPE": 3.7305,
  "maxPE": 50.8566,
  "medianPE": 8.4,
  "hienTaiPE": 42.71622495237956,
  "minPS": 1.2304,
  "maxPS": 23.9705,
  "medianPS": 4.75,
  "hienTaiPS": 7.818354821746076
}