{
  "minPB": 0.4008,
  "maxPB": 1.8843,
  "medianPB": 0.53,
  "hienTaiPB": 0.47853289253628134,
  "minPE": 3.7305,
  "maxPE": 50.8566,
  "medianPE": 8.49,
  "hienTaiPE": 44.06348993232474,
  "minPS": 1.2304,
  "maxPS": 24.0126,
  "medianPS": 4.39,
  "hienTaiPS": 8.064944862506156
}