{
  "minPB": 0.4008,
  "maxPB": 1.8843,
  "medianPB": 0.53,
  "hienTaiPB": 0.489721611246662,
  "minPE": 3.7305,
  "maxPE": 50.8566,
  "medianPE": 8.44,
  "hienTaiPE": 45.093751387576944,
  "minPS": 1.2304,
  "maxPS": 24.0126,
  "medianPS": 4.31,
  "hienTaiPS": 8.25351371720504
}