{
  "minPB": 0.4008,
  "maxPB": 1.8843,
  "medianPB": 0.53,
  "hienTaiPB": 0.45959813779563713,
  "minPE": 3.7305,
  "maxPE": 50.8566,
  "medianPE": 8.44,
  "hienTaiPE": 42.31997054651333,
  "minPS": 1.2304,
  "maxPS": 24.0126,
  "medianPS": 4.3,
  "hienTaiPS": 7.745828339169582
}