{
  "minPB": 0.4008,
  "maxPB": 1.8843,
  "medianPB": 0.53,
  "hienTaiPB": 0.45615545511551997,
  "minPE": 3.7305,
  "maxPE": 50.8566,
  "medianPE": 8.41,
  "hienTaiPE": 42.002967021820346,
  "minPS": 1.2304,
  "maxPS": 23.9705,
  "medianPS": 4.88,
  "hienTaiPS": 7.687807153108386
}