{
  "minPB": 0.547,
  "maxPB": 2.18,
  "medianPB": 0.82,
  "hienTaiPB": 0.9837379893071333,
  "minPE": -12.5823,
  "maxPE": 48.8464,
  "medianPE": 5.67,
  "hienTaiPE": 12.09228975255135,
  "minPS": 0.0665,
  "maxPS": 0.3297,
  "medianPS": 0.13,
  "hienTaiPS": 0.09711352272741264
}