{
  "minPB": 0.5506,
  "maxPB": 2.1791,
  "medianPB": 0.82,
  "hienTaiPB": 0.9536673957475266,
  "minPE": -12.5823,
  "maxPE": 48.8464,
  "medianPE": 5.68,
  "hienTaiPE": 11.72265644133799,
  "minPS": 0.0667,
  "maxPS": 0.4723,
  "medianPS": 0.13,
  "hienTaiPS": 0.09414498709819041
}