{
  "minPB": 0.547,
  "maxPB": 2.18,
  "medianPB": 0.82,
  "hienTaiPB": 0.9708505920673018,
  "minPE": -12.5823,
  "maxPE": 48.8464,
  "medianPE": 5.67,
  "hienTaiPE": 11.933875476317052,
  "minPS": 0.0665,
  "maxPS": 0.3297,
  "medianPS": 0.13,
  "hienTaiPS": 0.09584129317203169
}