{
  "minPB": 0.547,
  "maxPB": 2.18,
  "medianPB": 0.82,
  "hienTaiPB": 0.966554792987358,
  "minPE": -12.5823,
  "maxPE": 48.8464,
  "medianPE": 5.67,
  "hienTaiPE": 11.881070717572287,
  "minPS": 0.0665,
  "maxPS": 0.3297,
  "medianPS": 0.13,
  "hienTaiPS": 0.09541721665357136
}