{
  "minPB": 0.6579,
  "maxPB": 1.9327,
  "medianPB": 0.88,
  "hienTaiPB": 0.7858192358129886,
  "minPE": -17.6876,
  "maxPE": 43.7906,
  "medianPE": 5.35,
  "hienTaiPE": 6.640863871597374,
  "minPS": 0.1004,
  "maxPS": 0.4003,
  "medianPS": 0.16,
  "hienTaiPS": 0.25927806877190385
}