{
  "minPB": 0.6579,
  "maxPB": 1.9327,
  "medianPB": 0.88,
  "hienTaiPB": 0.7189410029778407,
  "minPE": -17.6876,
  "maxPE": 43.7906,
  "medianPE": 5.34,
  "hienTaiPE": 6.07568396763164,
  "minPS": 0.1004,
  "maxPS": 0.4003,
  "medianPS": 0.16,
  "hienTaiPS": 0.23721185015301843
}