{
  "minPB": 0.6579,
  "maxPB": 1.9327,
  "medianPB": 0.88,
  "hienTaiPB": 0.713367816908245,
  "minPE": -17.6876,
  "maxPE": 43.7906,
  "medianPE": 5.32,
  "hienTaiPE": 6.028585642301163,
  "minPS": 0.1004,
  "maxPS": 0.4003,
  "medianPS": 0.17,
  "hienTaiPS": 0.23537299860144464
}