{
  "minPB": 0.6579,
  "maxPB": 1.9327,
  "medianPB": 0.88,
  "hienTaiPB": 0.7523801193954147,
  "minPE": -17.6876,
  "maxPE": 43.7906,
  "medianPE": 5.36,
  "hienTaiPE": 6.358273919614508,
  "minPS": 0.1004,
  "maxPS": 0.4003,
  "medianPS": 0.16,
  "hienTaiPS": 0.24824495946246114
}