{
  "minPB": 0.827,
  "maxPB": 3.8637,
  "medianPB": 1.49,
  "hienTaiPB": 2.5202908719050727,
  "minPE": 7.7282,
  "maxPE": 19.5244,
  "medianPE": 12.33,
  "hienTaiPE": 11.426451457846438,
  "minPS": 0.909,
  "maxPS": 2.167,
  "medianPS": 1.34,
  "hienTaiPS": 2.298328149484192
}