{
  "minPB": 0.827,
  "maxPB": 3.8637,
  "medianPB": 1.49,
  "hienTaiPB": 2.4362571734046954,
  "minPE": 7.7282,
  "maxPE": 19.5244,
  "medianPE": 12.33,
  "hienTaiPE": 11.045460919237673,
  "minPS": 0.909,
  "maxPS": 2.1603,
  "medianPS": 1.34,
  "hienTaiPS": 2.221695322328533
}