{
  "minPB": 0.827,
  "maxPB": 3.8637,
  "medianPB": 1.49,
  "hienTaiPB": 2.3402700953404247,
  "minPE": 7.7282,
  "maxPE": 19.5244,
  "medianPE": 12.33,
  "hienTaiPE": 10.61027635371455,
  "minPS": 0.909,
  "maxPS": 2.1603,
  "medianPS": 1.34,
  "hienTaiPS": 2.134161853092464
}