{
  "minPB": 0.827,
  "maxPB": 3.8637,
  "medianPB": 1.49,
  "hienTaiPB": 2.4288873299953733,
  "minPE": 7.7282,
  "maxPE": 19.5244,
  "medianPE": 12.33,
  "hienTaiPE": 11.047557387635969,
  "minPS": 0.909,
  "maxPS": 2.2104,
  "medianPS": 1.34,
  "hienTaiPS": 2.2103620392273107
}