{
  "minPB": 1.495,
  "maxPB": 3.6719,
  "medianPB": 2.28,
  "hienTaiPB": 2.3402700953404247,
  "minPE": 7.4593,
  "maxPE": 13.0918,
  "medianPE": 10.58,
  "hienTaiPE": 10.61027635371455,
  "minPS": 0.909,
  "maxPS": 2.1603,
  "medianPS": 1.34,
  "hienTaiPS": 2.134161853092464
}