{
  "minPB": 1.495,
  "maxPB": 3.6719,
  "medianPB": 2.28,
  "hienTaiPB": 2.3762742506533545,
  "minPE": 7.4593,
  "maxPE": 13.0918,
  "medianPE": 10.58,
  "hienTaiPE": 10.773511374540927,
  "minPS": 0.909,
  "maxPS": 2.167,
  "medianPS": 1.34,
  "hienTaiPS": 2.1669951123708096
}