{
  "minPB": 0.827,
  "maxPB": 3.8637,
  "medianPB": 1.49,
  "hienTaiPB": 2.4482825612792136,
  "minPE": 7.7282,
  "maxPE": 19.5244,
  "medianPE": 12.33,
  "hienTaiPE": 11.099981416193684,
  "minPS": 0.909,
  "maxPS": 2.167,
  "medianPS": 1.34,
  "hienTaiPS": 2.2326616309275007
}