{
  "minPB": 0,
  "maxPB": 2.7866,
  "medianPB": 0.81,
  "hienTaiPB": 0.8182996367597813,
  "minPE": -22.8575,
  "maxPE": 194.311,
  "medianPE": 4.16,
  "hienTaiPE": 5.358260182006053,
  "minPS": 0,
  "maxPS": 0.4647,
  "medianPS": 0.16,
  "hienTaiPS": 0.43883164622024556
}