{
  "minPB": 0,
  "maxPB": 2.7743,
  "medianPB": 0.81,
  "hienTaiPB": 0.8710931617120253,
  "minPE": -22.6219,
  "maxPE": 190.7127,
  "medianPE": 4.17,
  "hienTaiPE": 5.703954387296767,
  "minPS": 0,
  "maxPS": 0.4647,
  "medianPS": 0.16,
  "hienTaiPS": 0.4671433653312292
}