{
  "minPB": 0,
  "maxPB": 2.7866,
  "medianPB": 0.81,
  "hienTaiPB": 0.8842915429500864,
  "minPE": -22.8575,
  "maxPE": 194.311,
  "medianPE": 4.16,
  "hienTaiPE": 5.790377938619445,
  "minPS": 0,
  "maxPS": 0.4655,
  "medianPS": 0.16,
  "hienTaiPS": 0.47422129510897504
}