{
  "minPB": 0,
  "maxPB": 2.7866,
  "medianPB": 0.81,
  "hienTaiPB": 0.8578947804739644,
  "minPE": -22.8575,
  "maxPE": 194.311,
  "medianPE": 4.17,
  "hienTaiPE": 5.6175308359740885,
  "minPS": 0,
  "maxPS": 0.4647,
  "medianPS": 0.16,
  "hienTaiPS": 0.4600654355534833
}