{
  "minPB": 0,
  "maxPB": 2.7743,
  "medianPB": 0.81,
  "hienTaiPB": 0.8182996367597813,
  "minPE": -22.6219,
  "maxPE": 190.7127,
  "medianPE": 4.17,
  "hienTaiPE": 5.358260182006053,
  "minPS": 0,
  "maxPS": 0.4647,
  "medianPS": 0.16,
  "hienTaiPS": 0.43883164622024556
}