{
  "minPB": 0.6281,
  "maxPB": 0.7021,
  "medianPB": 0.66,
  "hienTaiPB": 0.695057261672757,
  "minPE": 4.8469,
  "maxPE": 6.6345,
  "medianPE": 6.19,
  "hienTaiPE": 5.172789732212274,
  "minPS": 0.5087,
  "maxPS": 5.4672,
  "medianPS": 2.57,
  "hienTaiPS": 1.4385755977796622
}