{
  "minPB": 0.6843,
  "maxPB": 2.2128,
  "medianPB": 0.88,
  "hienTaiPB": 0.7008037980881617,
  "minPE": -869.748,
  "maxPE": 102.0418,
  "medianPE": 13.14,
  "hienTaiPE": 5.215556891415604,
  "minPS": 0.5091,
  "maxPS": 5.4706,
  "medianPS": 2.58,
  "hienTaiPS": 1.4504693330368956
}