{
  "minPB": 0.6281,
  "maxPB": 0.7021,
  "medianPB": 0.66,
  "hienTaiPB": 0.6952761773457249,
  "minPE": 4.8469,
  "maxPE": 6.6345,
  "medianPE": 6.15,
  "hienTaiPE": 5.174418957324782,
  "minPS": 0.5089,
  "maxPS": 5.4461,
  "medianPS": 2.56,
  "hienTaiPS": 1.4390286924561282
}