{
  "minPB": 0.6281,
  "maxPB": 0.7021,
  "medianPB": 0.66,
  "hienTaiPB": 0.6897485566032879,
  "minPE": 4.8469,
  "maxPE": 6.6345,
  "medianPE": 6.17,
  "hienTaiPE": 5.13328102323396,
  "minPS": 0.5088,
  "maxPS": 5.4567,
  "medianPS": 2.56,
  "hienTaiPS": 1.4275880518753608
}