{
  "minPB": 0.6843,
  "maxPB": 2.2128,
  "medianPB": 0.88,
  "hienTaiPB": 0.6895843698485621,
  "minPE": -869.748,
  "maxPE": 102.0418,
  "medianPE": 13.14,
  "hienTaiPE": 5.132059104399579,
  "minPS": 0.5091,
  "maxPS": 5.4706,
  "medianPS": 2.58,
  "hienTaiPS": 1.4272482308680112
}