{
  "minPB": 0.6843,
  "maxPB": 2.2128,
  "medianPB": 0.88,
  "hienTaiPB": 0.7000923221510164,
  "minPE": -869.748,
  "maxPE": 102.0418,
  "medianPE": 13.14,
  "hienTaiPE": 5.210261909799954,
  "minPS": 0.5091,
  "maxPS": 5.4706,
  "medianPS": 2.58,
  "hienTaiPS": 1.448996775338381
}