{
  "minPB": 0.6843,
  "maxPB": 2.2128,
  "medianPB": 0.88,
  "hienTaiPB": 0.6918282554964821,
  "minPE": -869.748,
  "maxPE": 102.0418,
  "medianPE": 13.14,
  "hienTaiPE": 5.148758661802784,
  "minPS": 0.5091,
  "maxPS": 5.4706,
  "medianPS": 2.58,
  "hienTaiPS": 1.431892451301788
}