{
  "minPB": 0.2,
  "maxPB": 1.0106,
  "medianPB": 0.38,
  "hienTaiPB": 0.30049698804971087,
  "minPE": -29.2486,
  "maxPE": 312.781,
  "medianPE": 21.12,
  "hienTaiPE": 26.613207767945152,
  "minPS": 0.2416,
  "maxPS": 1.1973,
  "medianPS": 0.49,
  "hienTaiPS": 0.4725722325538213
}