{
  "minPB": 0.2,
  "maxPB": 1.0106,
  "medianPB": 0.38,
  "hienTaiPB": 0.30313292654137497,
  "minPE": -29.2486,
  "maxPE": 312.781,
  "medianPE": 21.09,
  "hienTaiPE": 26.84665695889204,
  "minPS": 0.2411,
  "maxPS": 1.1985,
  "medianPS": 0.49,
  "hienTaiPS": 0.47671760301481975
}