{
  "minPB": 0.2,
  "maxPB": 1.0106,
  "medianPB": 0.38,
  "hienTaiPB": 0.29873969572193476,
  "minPE": -29.2486,
  "maxPE": 312.781,
  "medianPE": 21.12,
  "hienTaiPE": 26.457574973980563,
  "minPS": 0.2411,
  "maxPS": 1.1985,
  "medianPS": 0.49,
  "hienTaiPS": 0.46980865224648904
}