{
  "minPB": 0.1999,
  "maxPB": 1.0106,
  "medianPB": 0.38,
  "hienTaiPB": 0.2890745879191663,
  "minPE": -29.2486,
  "maxPE": 334.2177,
  "medianPE": 21.04,
  "hienTaiPE": 25.601594607175308,
  "minPS": 0.2411,
  "maxPS": 1.1544,
  "medianPS": 0.46,
  "hienTaiPS": 0.45460896055616146
}