{
  "minPB": 0.2,
  "maxPB": 1.0106,
  "medianPB": 0.38,
  "hienTaiPB": 0.3048902188691511,
  "minPE": -29.2486,
  "maxPE": 312.781,
  "medianPE": 21.11,
  "hienTaiPE": 27.002289752856633,
  "minPS": 0.2411,
  "maxPS": 1.1985,
  "medianPS": 0.49,
  "hienTaiPS": 0.47948118332215206
}