{
  "minPB": 0.1999,
  "maxPB": 1.0106,
  "medianPB": 0.38,
  "hienTaiPB": 0.28995323408305435,
  "minPE": -29.2486,
  "maxPE": 334.2177,
  "medianPE": 21.04,
  "hienTaiPE": 25.679411004157604,
  "minPS": 0.2411,
  "maxPS": 1.1544,
  "medianPS": 0.46,
  "hienTaiPS": 0.4559907507098276
}