{
  "minPB": 0.3477,
  "maxPB": 0.9912,
  "medianPB": 0.63,
  "hienTaiPB": 0.688605791609136,
  "minPE": 4.3152,
  "maxPE": 106.7899,
  "medianPE": 9.8,
  "hienTaiPE": 8.906042447519356,
  "minPS": 0,
  "maxPS": 0.1067,
  "medianPS": 0.04,
  "hienTaiPS": 0.02087098165119701
}