{
  "minPB": 0.3477,
  "maxPB": 0.9903,
  "medianPB": 0.63,
  "hienTaiPB": 0.7808931657423193,
  "minPE": 4.3152,
  "maxPE": 106.7899,
  "medianPE": 9.8,
  "hienTaiPE": 10.099635765228134,
  "minPS": 0,
  "maxPS": 0.1067,
  "medianPS": 0.04,
  "hienTaiPS": 0.02366812352197599
}