{
  "minPB": 1.6527,
  "maxPB": 3.9373,
  "medianPB": 3.07,
  "hienTaiPB": 3.675146719712251,
  "minPE": 28.0331,
  "maxPE": 544.0252,
  "medianPE": 154.61,
  "hienTaiPE": 327.9054359941828,
  "minPS": 2.0276,
  "maxPS": 6.9586,
  "medianPS": 3.91,
  "hienTaiPS": 5.935110215487947
}