{
  "minPB": 1.6527,
  "maxPB": 3.9373,
  "medianPB": 3.07,
  "hienTaiPB": 3.665830758445553,
  "minPE": 28.0331,
  "maxPE": 544.0252,
  "medianPE": 154.47,
  "hienTaiPE": 327.07424350750557,
  "minPS": 2.0271,
  "maxPS": 6.963,
  "medianPS": 3.9,
  "hienTaiPS": 5.920065576158447
}