{
  "minPB": 1.6527,
  "maxPB": 3.9373,
  "medianPB": 3.06,
  "hienTaiPB": 3.665830758445553,
  "minPE": 28.0331,
  "maxPE": 544.0252,
  "medianPE": 154.42,
  "hienTaiPE": 327.07424350750557,
  "minPS": 2.0265,
  "maxPS": 6.9674,
  "medianPS": 3.89,
  "hienTaiPS": 5.920065576158447
}