{
  "minPB": 1.6527,
  "maxPB": 3.9373,
  "medianPB": 3.05,
  "hienTaiPB": 3.6518568165455068,
  "minPE": 28.0331,
  "maxPE": 544.0252,
  "medianPE": 154.12,
  "hienTaiPE": 325.82745477748966,
  "minPS": 2.0332,
  "maxPS": 6.9586,
  "medianPS": 3.97,
  "hienTaiPS": 5.897498617164197
}