{
  "minPB": 1.6527,
  "maxPB": 3.9373,
  "medianPB": 3.06,
  "hienTaiPB": 3.6565147971788554,
  "minPE": 28.0331,
  "maxPE": 544.0252,
  "medianPE": 154.15,
  "hienTaiPE": 326.2430510208283,
  "minPS": 2.0454,
  "maxPS": 6.9542,
  "medianPS": 3.97,
  "hienTaiPS": 5.905020936828946
}