{
  "minPB": 1.6527,
  "maxPB": 3.9373,
  "medianPB": 3.06,
  "hienTaiPB": 3.6704887390789023,
  "minPE": 28.0331,
  "maxPE": 544.0252,
  "medianPE": 154.18,
  "hienTaiPE": 327.4898397508442,
  "minPS": 2.0575,
  "maxPS": 6.9497,
  "medianPS": 3.97,
  "hienTaiPS": 5.927587895823198
}