{
  "minPB": 1.6527,
  "maxPB": 3.9373,
  "medianPB": 3.06,
  "hienTaiPB": 3.6798047003456,
  "minPE": 28.0331,
  "maxPE": 544.0252,
  "medianPE": 154.2,
  "hienTaiPE": 328.3210322375215,
  "minPS": 2.0575,
  "maxPS": 6.9497,
  "medianPS": 3.97,
  "hienTaiPS": 5.942632535152698
}