{
  "minPB": 0.2056,
  "maxPB": 3.7821,
  "medianPB": 0.99,
  "hienTaiPB": 0.20298077885684113,
  "minPE": -14.5867,
  "maxPE": 154.0377,
  "medianPE": 12.02,
  "hienTaiPE": -0.32237,
  "minPS": 0.8595,
  "maxPS": 289.1194,
  "medianPS": 1.59,
  "hienTaiPS": 0
}