{
  "minPB": 0.6832,
  "maxPB": 3.1639,
  "medianPB": 1.16,
  "hienTaiPB": 0.8556825638149609,
  "minPE": 2.9793,
  "maxPE": 37.9305,
  "medianPE": 5.85,
  "hienTaiPE": 42.86067401779741,
  "minPS": 0.5836,
  "maxPS": 4.8305,
  "medianPS": 1.38,
  "hienTaiPS": 5.6469611181859545
}