{
  "minPB": 0.6833,
  "maxPB": 3.1588,
  "medianPB": 1.16,
  "hienTaiPB": 0.8556825638149609,
  "minPE": 2.9795,
  "maxPE": 38.1323,
  "medianPE": 5.86,
  "hienTaiPE": 42.86067401779741,
  "minPS": 0.5836,
  "maxPS": 4.0814,
  "medianPS": 1.37,
  "hienTaiPS": 5.6469611181859545
}