{
  "minPB": 0.6833,
  "maxPB": 3.1588,
  "medianPB": 1.16,
  "hienTaiPB": 0.864325822035314,
  "minPE": 2.9795,
  "maxPE": 38.1313,
  "medianPE": 5.86,
  "hienTaiPE": 43.29361011898728,
  "minPS": 0.5836,
  "maxPS": 4.0794,
  "medianPS": 1.37,
  "hienTaiPS": 5.704001129480762
}