{
  "minPB": 0.6833,
  "maxPB": 3.1588,
  "medianPB": 1.16,
  "hienTaiPB": 0.8880947821412851,
  "minPE": 2.9795,
  "maxPE": 38.2331,
  "medianPE": 5.86,
  "hienTaiPE": 44.484184397259426,
  "minPS": 0.5836,
  "maxPS": 4.0868,
  "medianPS": 1.37,
  "hienTaiPS": 5.860861160541482
}