{
  "minPB": 0.6832,
  "maxPB": 3.1639,
  "medianPB": 1.16,
  "hienTaiPB": 0.864325822035314,
  "minPE": 2.9793,
  "maxPE": 37.8326,
  "medianPE": 5.85,
  "hienTaiPE": 43.29361011898728,
  "minPS": 0.5836,
  "maxPS": 4.8033,
  "medianPS": 1.38,
  "hienTaiPS": 5.704001129480762
}