{
  "minPB": 0.6833,
  "maxPB": 3.1588,
  "medianPB": 1.16,
  "hienTaiPB": 0.8621650074802257,
  "minPE": 2.9795,
  "maxPE": 38.334,
  "medianPE": 5.87,
  "hienTaiPE": 43.18537609368981,
  "minPS": 0.5836,
  "maxPS": 4.09,
  "medianPS": 1.37,
  "hienTaiPS": 5.68974112665706
}