{
  "minPB": 0.221,
  "maxPB": 1.8376,
  "medianPB": 0.54,
  "hienTaiPB": 0.49032198550358996,
  "minPE": -42.8917,
  "maxPE": 463.9505,
  "medianPE": 7.29,
  "hienTaiPE": -59.4788,
  "minPS": 0.1094,
  "maxPS": 4.3413,
  "medianPS": 0.58,
  "hienTaiPS": 1.2674731745859833
}