{
  "minPB": 0.221,
  "maxPB": 1.8376,
  "medianPB": 0.54,
  "hienTaiPB": 0.5003285566363164,
  "minPE": -40.0944,
  "maxPE": 463.9505,
  "medianPE": 7.29,
  "hienTaiPE": -58.2892,
  "minPS": 0.1078,
  "maxPS": 4.3413,
  "medianPS": 0.59,
  "hienTaiPS": 1.29333997406733
}