{
  "minPB": 0.221,
  "maxPB": 1.8376,
  "medianPB": 0.54,
  "hienTaiPB": 0.5003285566363164,
  "minPE": -42.8917,
  "maxPE": 463.9505,
  "medianPE": 7.25,
  "hienTaiPE": -57.0996,
  "minPS": 0.1094,
  "maxPS": 4.3413,
  "medianPS": 0.58,
  "hienTaiPS": 1.29333997406733
}