{
  "minPB": 2.5346,
  "maxPB": 15.0083,
  "medianPB": 3.1,
  "hienTaiPB": 2.44691123026853,
  "minPE": 19.5957,
  "maxPE": 133.956,
  "medianPE": 61.12,
  "hienTaiPE": 18.030231376225416,
  "minPS": 4.7445,
  "maxPS": 63.7677,
  "medianPS": 14.51,
  "hienTaiPS": 4.968061734438946
}