{
  "minPB": 2.5346,
  "maxPB": 15.0083,
  "medianPB": 3.1,
  "hienTaiPB": 2.4409285622238635,
  "minPE": 19.5957,
  "maxPE": 133.956,
  "medianPE": 61.12,
  "hienTaiPE": 17.986147680929022,
  "minPS": 4.7445,
  "maxPS": 63.7677,
  "medianPS": 14.58,
  "hienTaiPS": 4.955914884232493
}