{
  "minPB": 2.5346,
  "maxPB": 15.0083,
  "medianPB": 3.1,
  "hienTaiPB": 2.4528938983131963,
  "minPE": 19.5957,
  "maxPE": 133.956,
  "medianPE": 61.12,
  "hienTaiPE": 18.074315071521813,
  "minPS": 4.7445,
  "maxPS": 63.7677,
  "medianPS": 14.49,
  "hienTaiPS": 4.980208584645397
}