{
  "minPB": 2.5283,
  "maxPB": 14.9989,
  "medianPB": 3.1,
  "hienTaiPB": 2.4528938983131963,
  "minPE": 19.563,
  "maxPE": 133.7934,
  "medianPE": 61.12,
  "hienTaiPE": 18.074315071521813,
  "minPS": 4.7445,
  "maxPS": 63.8456,
  "medianPS": 14.76,
  "hienTaiPS": 4.980208584645397
}