{
  "minPB": 2.5283,
  "maxPB": 14.9895,
  "medianPB": 3.1,
  "hienTaiPB": 2.4528938983131963,
  "minPE": 19.5472,
  "maxPE": 133.6308,
  "medianPE": 61.12,
  "hienTaiPE": 18.074315071521813,
  "minPS": 4.7445,
  "maxPS": 63.7676,
  "medianPS": 14.76,
  "hienTaiPS": 4.980208584645397
}