{
  "minPB": 2.5157,
  "maxPB": 14.9895,
  "medianPB": 3.1,
  "hienTaiPB": 2.4050325539558655,
  "minPE": 19.4502,
  "maxPE": 133.6308,
  "medianPE": 60.99,
  "hienTaiPE": 17.721645509150655,
  "minPS": 4.7445,
  "maxPS": 63.7676,
  "medianPS": 14.75,
  "hienTaiPS": 4.88303378299378
}