{
  "minPB": 0.1165,
  "maxPB": 0.7878,
  "medianPB": 0.28,
  "hienTaiPB": 0.4078688806065704,
  "minPE": -91.3862,
  "maxPE": 403.2497,
  "medianPE": 10.43,
  "hienTaiPE": -22.2544,
  "minPS": 0.3375,
  "maxPS": 440.909,
  "medianPS": 2.5,
  "hienTaiPS": 14.496465912883746
}