{
  "minPB": 0.1165,
  "maxPB": 0.7878,
  "medianPB": 0.28,
  "hienTaiPB": 0.3738798072226895,
  "minPE": -91.3862,
  "maxPE": 403.2497,
  "medianPE": 10.44,
  "hienTaiPE": -20.2313,
  "minPS": 0.331,
  "maxPS": 418.8636,
  "medianPS": 2.58,
  "hienTaiPS": 13.288427086810099
}