{
  "minPB": 0.2306,
  "maxPB": 1.4191,
  "medianPB": 0.77,
  "hienTaiPB": 1.1333392018273312,
  "minPE": 1.661,
  "maxPE": 26.2722,
  "medianPE": 6.37,
  "hienTaiPE": 8.509052911019104,
  "minPS": 0.0853,
  "maxPS": 0.9878,
  "medianPS": 0.22,
  "hienTaiPS": 0.19534426435534946
}