{
  "minPB": 0.2306,
  "maxPB": 1.4191,
  "medianPB": 0.77,
  "hienTaiPB": 1.0331119254752543,
  "minPE": 1.661,
  "maxPE": 26.4111,
  "medianPE": 6.37,
  "hienTaiPE": 7.756551633173877,
  "minPS": 0.0853,
  "maxPS": 0.9878,
  "medianPS": 0.22,
  "hienTaiPS": 0.17806892124909407
}