{
  "minPB": 0.4215,
  "maxPB": 4.3881,
  "medianPB": 1.28,
  "hienTaiPB": 12.682706117007008,
  "minPE": -191.7131,
  "maxPE": 630.2388,
  "medianPE": 16.16,
  "hienTaiPE": 36.12918486410432,
  "minPS": 0.2283,
  "maxPS": 1.6179,
  "medianPS": 0.46,
  "hienTaiPS": 3.3507829615497378
}