{
  "minPB": 0.4215,
  "maxPB": 4.5198,
  "medianPB": 1.28,
  "hienTaiPB": 16.1104645270089,
  "minPE": -191.7131,
  "maxPE": 630.2388,
  "medianPE": 16.2,
  "hienTaiPE": 45.893829421970345,
  "minPS": 0.2283,
  "maxPS": 1.3625,
  "medianPS": 0.46,
  "hienTaiPS": 4.256399978184802
}