{
  "minPB": 0.4215,
  "maxPB": 4.5838,
  "medianPB": 1.28,
  "hienTaiPB": 13.86528276845766,
  "minPE": -191.7131,
  "maxPE": 630.2388,
  "medianPE": 16.2,
  "hienTaiPE": 39.49798723656809,
  "minPS": 0.2283,
  "maxPS": 1.3828,
  "medianPS": 0.46,
  "hienTaiPS": 3.663220832288835
}