{
  "minPB": 0.4215,
  "maxPB": 4.7333,
  "medianPB": 1.28,
  "hienTaiPB": 12.511318196506913,
  "minPE": -191.7131,
  "maxPE": 630.2388,
  "medianPE": 16.35,
  "hienTaiPE": 35.64095263621101,
  "minPS": 0.2283,
  "maxPS": 1.4027,
  "medianPS": 0.46,
  "hienTaiPS": 3.3055021107179847
}