{
  "minPB": 0.4215,
  "maxPB": 4.5337,
  "medianPB": 1.28,
  "hienTaiPB": 15.402061122275176,
  "minPE": -191.7131,
  "maxPE": 630.2388,
  "medianPE": 16.18,
  "hienTaiPE": 43.87580288001136,
  "minPS": 0.2283,
  "maxPS": 1.3627,
  "medianPS": 0.46,
  "hienTaiPS": 4.0692391280802225
}