{
  "minPB": 0.4215,
  "maxPB": 4.4232,
  "medianPB": 1.28,
  "hienTaiPB": 13.825292253674306,
  "minPE": -191.7131,
  "maxPE": 630.2388,
  "medianPE": 16.16,
  "hienTaiPE": 39.38406638339299,
  "minPS": 0.2283,
  "maxPS": 1.6939,
  "medianPS": 0.46,
  "hienTaiPS": 3.6526553004280924
}