{
  "minPB": 0.4215,
  "maxPB": 4.5838,
  "medianPB": 1.28,
  "hienTaiPB": 14.716509440274798,
  "minPE": -191.7131,
  "maxPE": 630.2388,
  "medianPE": 16.22,
  "hienTaiPE": 41.92287396843816,
  "minPS": 0.2283,
  "maxPS": 1.3899,
  "medianPS": 0.46,
  "hienTaiPS": 3.8881157247532094
}