{
  "minPB": 0.4215,
  "maxPB": 4.386,
  "medianPB": 1.28,
  "hienTaiPB": 12.397059582840184,
  "minPE": -191.7131,
  "maxPE": 630.2388,
  "medianPE": 16.16,
  "hienTaiPE": 35.315464484282145,
  "minPS": 0.2283,
  "maxPS": 1.5514,
  "medianPS": 0.46,
  "hienTaiPS": 3.275314876830149
}