{
  "minPB": 0.4215,
  "maxPB": 4.4265,
  "medianPB": 1.28,
  "hienTaiPB": 13.1511664330406,
  "minPE": -191.7131,
  "maxPE": 630.2388,
  "medianPE": 16.17,
  "hienTaiPE": 37.46368628701267,
  "minPS": 0.2283,
  "maxPS": 1.7066,
  "medianPS": 0.46,
  "hienTaiPS": 3.4745506204898633
}