{
  "minPB": 0.4215,
  "maxPB": 4.6598,
  "medianPB": 1.28,
  "hienTaiPB": 13.516793996774135,
  "minPE": -191.7131,
  "maxPE": 630.2388,
  "medianPE": 16.24,
  "hienTaiPE": 38.50524837318505,
  "minPS": 0.2283,
  "maxPS": 1.3916,
  "medianPS": 0.46,
  "hienTaiPS": 3.571149768930937
}