{
  "minPB": 0.6386,
  "maxPB": 2.2885,
  "medianPB": 1,
  "hienTaiPB": 0.9248303693277918,
  "minPE": -86.4944,
  "maxPE": 95.2749,
  "medianPE": 16.06,
  "hienTaiPE": 14.752627689993965,
  "minPS": 0.0413,
  "maxPS": 0.1538,
  "medianPS": 0.07,
  "hienTaiPS": 0.06912141727510307
}