{
  "minPB": 0.6386,
  "maxPB": 2.2885,
  "medianPB": 1,
  "hienTaiPB": 0.8892599705074922,
  "minPE": -86.4944,
  "maxPE": 95.2749,
  "medianPE": 16.06,
  "hienTaiPE": 14.185218932686505,
  "minPS": 0.0413,
  "maxPS": 0.1538,
  "medianPS": 0.07,
  "hienTaiPS": 0.06646290122606065
}