{
  "minPB": 0.761,
  "maxPB": 0.9685,
  "medianPB": 0.88,
  "hienTaiPB": 0.8892599705074922,
  "minPE": 10.3894,
  "maxPE": 14.1852,
  "medianPE": 12.04,
  "hienTaiPE": 14.185218932686505,
  "minPS": 0.0413,
  "maxPS": 0.1538,
  "medianPS": 0.07,
  "hienTaiPS": 0.06646290122606065
}