{
  "minPB": 0.59,
  "maxPB": 2.4519,
  "medianPB": 1.08,
  "hienTaiPB": 0.8291194699064625,
  "minPE": 3.1686,
  "maxPE": 41.2165,
  "medianPE": 9.09,
  "hienTaiPE": 8.597045440124408,
  "minPS": 0.1615,
  "maxPS": 0.8371,
  "medianPS": 0.43,
  "hienTaiPS": 0.37064451879739585
}