{
  "minPB": 0.8291,
  "maxPB": 1.1663,
  "medianPB": 1.01,
  "hienTaiPB": 0.8291194699064625,
  "minPE": 7.6032,
  "maxPE": 9.1149,
  "medianPE": 8.47,
  "hienTaiPE": 8.597045440124408,
  "minPS": 0.1628,
  "maxPS": 0.8371,
  "medianPS": 0.43,
  "hienTaiPS": 0.37064451879739585
}