{
  "minPB": 0.59,
  "maxPB": 2.4519,
  "medianPB": 1.08,
  "hienTaiPB": 0.8380347330237362,
  "minPE": 3.1686,
  "maxPE": 41.2165,
  "medianPE": 9.09,
  "hienTaiPE": 8.689486788942949,
  "minPS": 0.1615,
  "maxPS": 0.8371,
  "medianPS": 0.43,
  "hienTaiPS": 0.3746299437307012
}