{
  "minPB": 0.2874,
  "maxPB": 1.9651,
  "medianPB": 0.67,
  "hienTaiPB": 0.9887910880637977,
  "minPE": -21.4852,
  "maxPE": 30.0324,
  "medianPE": 6.55,
  "hienTaiPE": 4.805563396858387,
  "minPS": 0.1689,
  "maxPS": 1.0538,
  "medianPS": 0.36,
  "hienTaiPS": 0.638483051100921
}