{
  "minPB": 0.2874,
  "maxPB": 1.9651,
  "medianPB": 0.67,
  "hienTaiPB": 0.9537714036948716,
  "minPE": -21.4852,
  "maxPE": 30.0324,
  "medianPE": 6.56,
  "hienTaiPE": 4.635366359886319,
  "minPS": 0.1689,
  "maxPS": 1.0538,
  "medianPS": 0.36,
  "hienTaiPS": 0.6158701097077633
}