{
  "minPB": 0.2874,
  "maxPB": 1.9651,
  "medianPB": 0.67,
  "hienTaiPB": 0.966131292295669,
  "minPE": -21.4852,
  "maxPE": 30.0324,
  "medianPE": 6.56,
  "hienTaiPE": 4.695435902347049,
  "minPS": 0.1689,
  "maxPS": 1.0538,
  "medianPS": 0.36,
  "hienTaiPS": 0.6238511478465248
}