{
  "minPB": 0.2874,
  "maxPB": 1.9651,
  "medianPB": 0.67,
  "hienTaiPB": 0.9805511623299327,
  "minPE": -21.4852,
  "maxPE": 30.0324,
  "medianPE": 6.55,
  "hienTaiPE": 4.765517035217901,
  "minPS": 0.1689,
  "maxPS": 1.0538,
  "medianPS": 0.36,
  "hienTaiPS": 0.6331623590084132
}