{
  "minPB": 0.2874,
  "maxPB": 1.973,
  "medianPB": 0.67,
  "hienTaiPB": 1.0083228359560334,
  "minPE": -21.4852,
  "maxPE": 30.0787,
  "medianPE": 6.56,
  "hienTaiPE": 6.674900338929676,
  "minPS": 0.1688,
  "maxPS": 1.0502,
  "medianPS": 0.37,
  "hienTaiPS": 0.727373408953681
}