{
  "minPB": 0.1327,
  "maxPB": 0.2013,
  "medianPB": 0.15,
  "hienTaiPB": 0.20132181236006721,
  "minPE": -3.7793,
  "maxPE": 26.4096,
  "medianPE": -3.38,
  "hienTaiPE": 26.409611215523505,
  "minPS": 0.0778,
  "maxPS": 1.5235,
  "medianPS": 0.4,
  "hienTaiPS": 0.604975371375152
}