{
  "minPB": 0.0819,
  "maxPB": 1.6641,
  "medianPB": 0.23,
  "hienTaiPB": 0.23851336822237437,
  "minPE": -22.8093,
  "maxPE": 28.995,
  "medianPE": 3.25,
  "hienTaiPE": 31.288439392707055,
  "minPS": 0.0778,
  "maxPS": 1.5395,
  "medianPS": 0.31,
  "hienTaiPS": 0.7167366110344564
}