{
  "minPB": 0.1327,
  "maxPB": 0.2088,
  "medianPB": 0.15,
  "hienTaiPB": 0.2088448906114171,
  "minPE": -3.7793,
  "maxPE": 27.3965,
  "medianPE": -3.37,
  "hienTaiPE": 27.396496687261486,
  "minPS": 0.0778,
  "maxPS": 1.5219,
  "medianPS": 0.4,
  "hienTaiPS": 0.6275823457791708
}