{
  "minPB": 0.0819,
  "maxPB": 1.6641,
  "medianPB": 0.23,
  "hienTaiPB": 0.22251358208217956,
  "minPE": -22.8093,
  "maxPE": 29.1896,
  "medianPE": 3.25,
  "hienTaiPE": 29.18957029084177,
  "minPS": 0.0778,
  "maxPS": 1.5395,
  "medianPS": 0.31,
  "hienTaiPS": 0.6686569894146417
}