{
  "minPB": 0.442,
  "maxPB": 1.8861,
  "medianPB": 0.72,
  "hienTaiPB": 0.7080791992177538,
  "minPE": 2.8619,
  "maxPE": 19.0367,
  "medianPE": 6.29,
  "hienTaiPE": 7.263208863583613,
  "minPS": 0.0887,
  "maxPS": 0.4999,
  "medianPS": 0.15,
  "hienTaiPS": 0.1865501802299532
}