{
  "minPB": 0.442,
  "maxPB": 1.8861,
  "medianPB": 0.72,
  "hienTaiPB": 0.7530915688501781,
  "minPE": 2.8619,
  "maxPE": 19.0367,
  "medianPE": 6.29,
  "hienTaiPE": 7.724928742442229,
  "minPS": 0.0887,
  "maxPS": 0.4999,
  "medianPS": 0.15,
  "hienTaiPS": 0.19840911589249302
}