{
  "minPB": 0.442,
  "maxPB": 1.8861,
  "medianPB": 0.72,
  "hienTaiPB": 0.7046167092460288,
  "minPE": 2.8619,
  "maxPE": 19.0367,
  "medianPE": 6.29,
  "hienTaiPE": 7.227691949825258,
  "minPS": 0.0887,
  "maxPS": 0.4999,
  "medianPS": 0.15,
  "hienTaiPS": 0.18563795440975783
}