{
  "minPB": 0.4134,
  "maxPB": 17.3497,
  "medianPB": 2.61,
  "hienTaiPB": 2.209797734109848,
  "minPE": 3.9537,
  "maxPE": 92.633,
  "medianPE": 9.42,
  "hienTaiPE": 54.82685228723637,
  "minPS": 0.0884,
  "maxPS": 45.3283,
  "medianPS": 2.02,
  "hienTaiPS": 6.919303165737469
}