{
  "minPB": 0.4134,
  "maxPB": 17.3497,
  "medianPB": 2.61,
  "hienTaiPB": 2.159081064802409,
  "minPE": 3.9537,
  "maxPE": 92.633,
  "medianPE": 9.39,
  "hienTaiPE": 53.568531087201436,
  "minPS": 0.0884,
  "maxPS": 45.3283,
  "medianPS": 2.01,
  "hienTaiPS": 6.760499486523822
}