{
  "minPB": 0.4134,
  "maxPB": 17.3497,
  "medianPB": 2.61,
  "hienTaiPB": 2.1445905878574263,
  "minPE": 3.9537,
  "maxPE": 92.633,
  "medianPE": 9.39,
  "hienTaiPE": 53.209010744334314,
  "minPS": 0.0884,
  "maxPS": 45.2403,
  "medianPS": 2.1,
  "hienTaiPS": 6.715127006748495
}