{
  "minPB": 0.4134,
  "maxPB": 17.3497,
  "medianPB": 2.61,
  "hienTaiPB": 2.2605144034172873,
  "minPE": 3.9537,
  "maxPE": 92.633,
  "medianPE": 9.39,
  "hienTaiPE": 56.085173487271305,
  "minPS": 0.0884,
  "maxPS": 45.3283,
  "medianPS": 2.01,
  "hienTaiPS": 7.078106844951116
}