{
  "minPB": 0.4134,
  "maxPB": 17.3497,
  "medianPB": 2.61,
  "hienTaiPB": 2.2242882110548305,
  "minPE": 3.9537,
  "maxPE": 92.633,
  "medianPE": 9.4,
  "hienTaiPE": 55.18637263010349,
  "minPS": 0.0884,
  "maxPS": 45.3283,
  "medianPS": 2.01,
  "hienTaiPS": 6.964675645512797
}