{
  "minPB": 0.4134,
  "maxPB": 17.3497,
  "medianPB": 2.61,
  "hienTaiPB": 2.122854872439952,
  "minPE": 3.9537,
  "maxPE": 92.633,
  "medianPE": 9.39,
  "hienTaiPE": 52.66973023003363,
  "minPS": 0.0884,
  "maxPS": 45.2403,
  "medianPS": 2.12,
  "hienTaiPS": 6.647068287085504
}