{
  "minPB": 0.4134,
  "maxPB": 17.3497,
  "medianPB": 2.61,
  "hienTaiPB": 2.1011191570224783,
  "minPE": 3.9537,
  "maxPE": 92.633,
  "medianPE": 9.39,
  "hienTaiPE": 52.130449715732944,
  "minPS": 0.0884,
  "maxPS": 45.2403,
  "medianPS": 2.12,
  "hienTaiPS": 6.579009567422512
}