{
  "minPB": 0.4134,
  "maxPB": 17.3497,
  "medianPB": 2.61,
  "hienTaiPB": 2.231533449527322,
  "minPE": 3.9537,
  "maxPE": 92.633,
  "medianPE": 9.41,
  "hienTaiPE": 55.366132801537056,
  "minPS": 0.0884,
  "maxPS": 45.3283,
  "medianPS": 2.01,
  "hienTaiPS": 6.987361885400461
}