{
  "minPB": 0.3334,
  "maxPB": 4.409,
  "medianPB": 0.63,
  "hienTaiPB": 2.3465863710377555,
  "minPE": 2.5891,
  "maxPE": 84.2351,
  "medianPE": 8.67,
  "hienTaiPE": 7.398236397237139,
  "minPS": 0.0389,
  "maxPS": 0.8196,
  "medianPS": 0.07,
  "hienTaiPS": 0.30727167015884876
}