{
  "minPB": 0,
  "maxPB": 4.3496,
  "medianPB": 0.58,
  "hienTaiPB": 2.67759099768288,
  "minPE": 0,
  "maxPE": 80.7192,
  "medianPE": 8.15,
  "hienTaiPE": 8.441816342439354,
  "minPS": 0,
  "maxPS": 0.785,
  "medianPS": 0.07,
  "hienTaiPS": 0.3506147772845302
}