{
  "minPB": 0,
  "maxPB": 4.3496,
  "medianPB": 0.58,
  "hienTaiPB": 2.387961949368396,
  "minPE": 0,
  "maxPE": 80.7192,
  "medianPE": 8.13,
  "hienTaiPE": 7.528683890387416,
  "minPS": 0,
  "maxPS": 0.785,
  "medianPS": 0.07,
  "hienTaiPS": 0.31268955854955893
}