{
  "minPB": 0,
  "maxPB": 4.3496,
  "medianPB": 0.58,
  "hienTaiPB": 2.624393825543485,
  "minPE": 0,
  "maxPE": 80.7192,
  "medianPE": 8.13,
  "hienTaiPE": 8.274098136960427,
  "minPS": 0,
  "maxPS": 0.785,
  "medianPS": 0.07,
  "hienTaiPS": 0.34364892078218856
}