{
  "minPB": 0,
  "maxPB": 4.3496,
  "medianPB": 0.58,
  "hienTaiPB": 2.4411591215077912,
  "minPE": 0,
  "maxPE": 80.7192,
  "medianPE": 8.13,
  "hienTaiPE": 7.696402095866343,
  "minPS": 0,
  "maxPS": 0.785,
  "medianPS": 0.07,
  "hienTaiPS": 0.3196554150519006
}