{
  "minPB": 0.3334,
  "maxPB": 4.409,
  "medianPB": 0.63,
  "hienTaiPB": 2.3761403555596416,
  "minPE": 2.5891,
  "maxPE": 84.2351,
  "medianPE": 8.66,
  "hienTaiPE": 7.491413178058766,
  "minPS": 0.0389,
  "maxPS": 0.8196,
  "medianPS": 0.07,
  "hienTaiPS": 0.3111415904379275
}