{
  "minPB": 0,
  "maxPB": 4.3581,
  "medianPB": 0.58,
  "hienTaiPB": 2.3524971679421327,
  "minPE": 0,
  "maxPE": 80.939,
  "medianPE": 8.14,
  "hienTaiPE": 7.416871753401464,
  "minPS": 0,
  "maxPS": 0.787,
  "medianPS": 0.07,
  "hienTaiPS": 0.3080456542146645
}