{
  "minPB": 0.3334,
  "maxPB": 4.409,
  "medianPB": 0.63,
  "hienTaiPB": 2.3702295586552644,
  "minPE": 2.5891,
  "maxPE": 84.2351,
  "medianPE": 8.66,
  "hienTaiPE": 7.47277782189444,
  "minPS": 0.039,
  "maxPS": 0.8036,
  "medianPS": 0.07,
  "hienTaiPS": 0.31036760638211175
}