{
  "minPB": 1.1275,
  "maxPB": 2.6888,
  "medianPB": 2.33,
  "hienTaiPB": 2.3259281657360367,
  "minPE": -8.9681,
  "maxPE": -0.9589,
  "medianPE": -2.29,
  "hienTaiPE": -8.3119,
  "minPS": 0.0714,
  "maxPS": 0.3798,
  "medianPS": 0.14,
  "hienTaiPS": 0.20665725791272405
}