{
  "minPB": 0.2865,
  "maxPB": 2.0816,
  "medianPB": 0.43,
  "hienTaiPB": 2.420588032946224,
  "minPE": -6.3818,
  "maxPE": 140.1397,
  "medianPE": 6.24,
  "hienTaiPE": -9.8431,
  "minPS": 0.0714,
  "maxPS": 0.4143,
  "medianPS": 0.15,
  "hienTaiPS": 0.21506772771149768
}