{
  "minPB": 1.1275,
  "maxPB": 2.6888,
  "medianPB": 2.28,
  "hienTaiPB": 2.055471402278358,
  "minPE": -8.9681,
  "maxPE": -0.9589,
  "medianPE": -2.29,
  "hienTaiPE": -8.3841,
  "minPS": 0.0714,
  "maxPS": 0.3798,
  "medianPS": 0.14,
  "hienTaiPS": 0.18262734420194218
}