{
  "minPB": 0.228,
  "maxPB": 2.0623,
  "medianPB": 1.05,
  "hienTaiPB": 1.2899061308316113,
  "minPE": -144.2614,
  "maxPE": 2496.7326,
  "medianPE": 2.56,
  "hienTaiPE": 3.271799734026917,
  "minPS": 0.0608,
  "maxPS": 0.8216,
  "medianPS": 0.47,
  "hienTaiPS": 0.40860257266814504
}