{
  "minPB": 0.228,
  "maxPB": 2.0623,
  "medianPB": 1.05,
  "hienTaiPB": 1.2632414046128702,
  "minPE": -144.2614,
  "maxPE": 2496.7326,
  "medianPE": 2.56,
  "hienTaiPE": 3.204165630997937,
  "minPS": 0.0367,
  "maxPS": 0.8216,
  "medianPS": 0.44,
  "hienTaiPS": 0.4001560078584676
}