{
  "minPB": 0.228,
  "maxPB": 2.0623,
  "medianPB": 1.05,
  "hienTaiPB": 1.2765737677222406,
  "minPE": -144.2614,
  "maxPE": 2496.7326,
  "medianPE": 2.56,
  "hienTaiPE": 3.237982682512427,
  "minPS": 0.0608,
  "maxPS": 0.8216,
  "medianPS": 0.45,
  "hienTaiPS": 0.4043792902633063
}