{
  "minPB": 0.5992,
  "maxPB": 2.3033,
  "medianPB": 1.06,
  "hienTaiPB": 1.2935592264777906,
  "minPE": -16.4228,
  "maxPE": 23.0597,
  "medianPE": 6.92,
  "hienTaiPE": 7.5902988934133955,
  "minPS": 0.0732,
  "maxPS": 0.8087,
  "medianPS": 0.27,
  "hienTaiPS": 0.7164650473111607
}