{
  "minPB": 0.5993,
  "maxPB": 2.3033,
  "medianPB": 1.07,
  "hienTaiPB": 1.3736367024026062,
  "minPE": -16.4228,
  "maxPE": 23.0418,
  "medianPE": 6.92,
  "hienTaiPE": 7.553999921993412,
  "minPS": 0.0732,
  "maxPS": 0.8084,
  "medianPS": 0.27,
  "hienTaiPS": 0.7287832371659775
}