{
  "minPB": 0.5992,
  "maxPB": 2.3033,
  "medianPB": 1.06,
  "hienTaiPB": 1.2719999060364942,
  "minPE": -16.4228,
  "maxPE": 23.0597,
  "medianPE": 6.92,
  "hienTaiPE": 7.463793911856506,
  "minPS": 0.0732,
  "maxPS": 0.8087,
  "medianPS": 0.27,
  "hienTaiPS": 0.704523963189308
}