{
  "minPB": 0.5993,
  "maxPB": 2.3033,
  "medianPB": 1.07,
  "hienTaiPB": 1.2966391293979758,
  "minPE": -16.4228,
  "maxPE": 23.0597,
  "medianPE": 6.92,
  "hienTaiPE": 7.130569433092436,
  "minPS": 0.0732,
  "maxPS": 0.8084,
  "medianPS": 0.27,
  "hienTaiPS": 0.6879321588494989
}