{
  "minPB": 0.5241,
  "maxPB": 2.2746,
  "medianPB": 1.25,
  "hienTaiPB": 1.443913886577128,
  "minPE": -34.036,
  "maxPE": 266.8102,
  "medianPE": 9.21,
  "hienTaiPE": 12.447335162428065,
  "minPS": 0.2278,
  "maxPS": 0.8508,
  "medianPS": 0.45,
  "hienTaiPS": 0.608931199021913
}