{
  "minPB": 0.525,
  "maxPB": 2.2746,
  "medianPB": 1.26,
  "hienTaiPB": 1.5211285329181508,
  "minPE": -34.036,
  "maxPE": 266.7427,
  "medianPE": 9.23,
  "hienTaiPE": 13.112968058814591,
  "minPS": 0.2278,
  "maxPS": 0.8542,
  "medianPS": 0.44,
  "hienTaiPS": 0.6414943647450099
}