{
  "minPB": 0.5241,
  "maxPB": 2.2746,
  "medianPB": 1.26,
  "hienTaiPB": 1.5134070682840484,
  "minPE": -34.036,
  "maxPE": 266.8102,
  "medianPE": 9.23,
  "hienTaiPE": 13.046404769175938,
  "minPS": 0.2278,
  "maxPS": 0.8542,
  "medianPS": 0.44,
  "hienTaiPS": 0.6382380481727001
}