{
  "minPB": 0.525,
  "maxPB": 2.2746,
  "medianPB": 1.26,
  "hienTaiPB": 1.5135071945426197,
  "minPE": -34.036,
  "maxPE": 266.7427,
  "medianPE": 9.24,
  "hienTaiPE": 13.113947142855178,
  "minPS": 0.2278,
  "maxPS": 0.8542,
  "medianPS": 0.44,
  "hienTaiPS": 0.6382386190531887
}