{
  "minPB": 0.5241,
  "maxPB": 2.2746,
  "medianPB": 1.26,
  "hienTaiPB": 1.5056856036499462,
  "minPE": -34.036,
  "maxPE": 266.8102,
  "medianPE": 9.21,
  "hienTaiPE": 12.979841479537285,
  "minPS": 0.2278,
  "maxPS": 0.8542,
  "medianPS": 0.44,
  "hienTaiPS": 0.6349817316003905
}