{
  "minPB": 0.6261,
  "maxPB": 1.7852,
  "medianPB": 1.08,
  "hienTaiPB": 1.721508402902936,
  "minPE": 3.7874,
  "maxPE": 61.9639,
  "medianPE": 12.56,
  "hienTaiPE": 15.763278607160062,
  "minPS": 0.4784,
  "maxPS": 1.7767,
  "medianPS": 1.03,
  "hienTaiPS": 0.9894587554605778
}