{
  "minPB": 0.6261,
  "maxPB": 1.7852,
  "medianPB": 1.08,
  "hienTaiPB": 1.304173032502224,
  "minPE": 3.7874,
  "maxPE": 61.9639,
  "medianPE": 12.3,
  "hienTaiPE": 11.941877732697016,
  "minPS": 0.4784,
  "maxPS": 1.7767,
  "medianPS": 1.03,
  "hienTaiPS": 0.7495899662580136
}