{
  "minPB": 1.3042,
  "maxPB": 1.8258,
  "medianPB": 1.73,
  "hienTaiPB": 1.304173032502224,
  "minPE": 11.9419,
  "maxPE": 30.778,
  "medianPE": 30.78,
  "hienTaiPE": 11.941877732697016,
  "minPS": 0.4784,
  "maxPS": 1.7767,
  "medianPS": 1.04,
  "hienTaiPS": 0.7495899662580136
}