{
  "minPB": 0.4387,
  "maxPB": 2.1908,
  "medianPB": 0.89,
  "hienTaiPB": 1.5248247983071161,
  "minPE": 1.9129,
  "maxPE": 44.2786,
  "medianPE": 9.51,
  "hienTaiPE": 12.23616211977289,
  "minPS": 0.1148,
  "maxPS": 0.6525,
  "medianPS": 0.27,
  "hienTaiPS": 0.390493140163988
}