{
  "minPB": 0,
  "maxPB": 2.1905,
  "medianPB": 0.87,
  "hienTaiPB": 1.5248247983071161,
  "minPE": 0,
  "maxPE": 43.3365,
  "medianPE": 9.04,
  "hienTaiPE": 12.23616211977289,
  "minPS": 0,
  "maxPS": 0.6422,
  "medianPS": 0.26,
  "hienTaiPS": 0.390493140163988
}