{
  "minPB": 0,
  "maxPB": 2.1905,
  "medianPB": 0.87,
  "hienTaiPB": 1.5395574050540448,
  "minPE": 0,
  "maxPE": 43.3365,
  "medianPE": 9.07,
  "hienTaiPE": 12.354385908369728,
  "minPS": 0,
  "maxPS": 0.6422,
  "medianPS": 0.26,
  "hienTaiPS": 0.3942660207452826
}