{
  "minPB": 0,
  "maxPB": 2.1905,
  "medianPB": 0.87,
  "hienTaiPB": 1.5321911016805805,
  "minPE": 0,
  "maxPE": 43.3365,
  "medianPE": 9.04,
  "hienTaiPE": 12.295274014071309,
  "minPS": 0,
  "maxPS": 0.6422,
  "medianPS": 0.26,
  "hienTaiPS": 0.3923795804546353
}