{
  "minPB": 0.4663,
  "maxPB": 2.1664,
  "medianPB": 1.13,
  "hienTaiPB": 2.0299891250989193,
  "minPE": 4.2398,
  "maxPE": 28.8677,
  "medianPE": 6.94,
  "hienTaiPE": 15.012392172897815,
  "minPS": 0.2912,
  "maxPS": 1.3726,
  "medianPS": 0.58,
  "hienTaiPS": 1.4180683072063596
}