{
  "minPB": 0.4663,
  "maxPB": 2.1658,
  "medianPB": 1.13,
  "hienTaiPB": 2.0168712632242896,
  "minPE": 4.2401,
  "maxPE": 28.8677,
  "medianPE": 6.95,
  "hienTaiPE": 14.915381561118185,
  "minPS": 0.2912,
  "maxPS": 1.3667,
  "medianPS": 0.58,
  "hienTaiPS": 1.4089046994053491
}