{
  "minPB": 0.4663,
  "maxPB": 2.1651,
  "medianPB": 1.13,
  "hienTaiPB": 1.951281953851142,
  "minPE": 4.2403,
  "maxPE": 28.8677,
  "medianPE": 6.95,
  "hienTaiPE": 14.430328502220032,
  "minPS": 0.2912,
  "maxPS": 1.3672,
  "medianPS": 0.58,
  "hienTaiPS": 1.3630866604002971
}