{
  "minPB": 0.4663,
  "maxPB": 2.1664,
  "medianPB": 1.13,
  "hienTaiPB": 2.0103123322869747,
  "minPE": 4.2398,
  "maxPE": 28.8677,
  "medianPE": 6.94,
  "hienTaiPE": 14.86687625522837,
  "minPS": 0.2912,
  "maxPS": 1.3651,
  "medianPS": 0.58,
  "hienTaiPS": 1.404322895504844
}