{
  "minPB": 0.4663,
  "maxPB": 2.1664,
  "medianPB": 1.13,
  "hienTaiPB": 2.226757053218362,
  "minPE": 4.2403,
  "maxPE": 28.8677,
  "medianPE": 6.96,
  "hienTaiPE": 16.467551349592274,
  "minPS": 0.2912,
  "maxPS": 1.3676,
  "medianPS": 0.58,
  "hienTaiPS": 1.5555224242215155
}