{
  "minPB": 0.4663,
  "maxPB": 2.1664,
  "medianPB": 1.13,
  "hienTaiPB": 1.8955310408839665,
  "minPE": 4.2398,
  "maxPE": 28.8677,
  "medianPE": 6.94,
  "hienTaiPE": 14.018033402156604,
  "minPS": 0.2912,
  "maxPS": 1.3726,
  "medianPS": 0.58,
  "hienTaiPS": 1.324141327246003
}