{
  "minPB": 0.4663,
  "maxPB": 2.1664,
  "medianPB": 1.13,
  "hienTaiPB": 1.898810506352624,
  "minPE": 4.2398,
  "maxPE": 28.8677,
  "medianPE": 6.94,
  "hienTaiPE": 14.042286055101512,
  "minPS": 0.2912,
  "maxPS": 1.3726,
  "medianPS": 0.58,
  "hienTaiPS": 1.3264322291962556
}