{
  "minPB": 0.4663,
  "maxPB": 2.1651,
  "medianPB": 1.13,
  "hienTaiPB": 1.9611203502571142,
  "minPE": 4.2403,
  "maxPE": 28.8677,
  "medianPE": 6.95,
  "hienTaiPE": 14.503086461054755,
  "minPS": 0.2912,
  "maxPS": 1.3676,
  "medianPS": 0.58,
  "hienTaiPS": 1.369959366251055
}