{
  "minPB": 0.3147,
  "maxPB": 1.3182,
  "medianPB": 0.49,
  "hienTaiPB": 1.0643901292937232,
  "minPE": -55.5308,
  "maxPE": 291.4493,
  "medianPE": 5.44,
  "hienTaiPE": 376.13788627324993,
  "minPS": 0.0679,
  "maxPS": 1.1375,
  "medianPS": 0.19,
  "hienTaiPS": 0.8638767720131033
}