{
  "minPB": 0.3147,
  "maxPB": 1.3182,
  "medianPB": 0.49,
  "hienTaiPB": 0.9613846329104597,
  "minPE": -55.5308,
  "maxPE": 291.4493,
  "medianPE": 5.44,
  "hienTaiPE": 339.7374456661612,
  "minPS": 0.0679,
  "maxPS": 1.1375,
  "medianPS": 0.18,
  "hienTaiPS": 0.7802757940763514
}