{
  "minPB": 0.3044,
  "maxPB": 2.6625,
  "medianPB": 0.69,
  "hienTaiPB": 0.8249603370059555,
  "minPE": -9.4176,
  "maxPE": 49.9495,
  "medianPE": 7.21,
  "hienTaiPE": 15.999929452325995,
  "minPS": 0.3054,
  "maxPS": 3.2908,
  "medianPS": 0.62,
  "hienTaiPS": 0.8412069762562921
}