{
  "minPB": 0.3044,
  "maxPB": 2.6625,
  "medianPB": 0.69,
  "hienTaiPB": 0.8023586839372993,
  "minPE": -9.572,
  "maxPE": 49.9495,
  "medianPE": 7.17,
  "hienTaiPE": 15.56157522075542,
  "minPS": 0.3019,
  "maxPS": 2.8153,
  "medianPS": 0.6,
  "hienTaiPS": 0.8181602097835171
}