{
  "minPB": 0.3044,
  "maxPB": 2.6625,
  "medianPB": 0.69,
  "hienTaiPB": 0.8211933948278461,
  "minPE": -9.4948,
  "maxPE": 49.9495,
  "medianPE": 7.21,
  "hienTaiPE": 15.9268704137309,
  "minPS": 0.3054,
  "maxPS": 3.2908,
  "medianPS": 0.62,
  "hienTaiPS": 0.8373658485108296
}