{
  "minPB": 0.3044,
  "maxPB": 2.6625,
  "medianPB": 0.69,
  "hienTaiPB": 0.8061256261154086,
  "minPE": -9.4176,
  "maxPE": 49.9495,
  "medianPE": 7.23,
  "hienTaiPE": 15.634634259350516,
  "minPS": 0.3054,
  "maxPS": 3.2759,
  "medianPS": 0.62,
  "hienTaiPS": 0.8220013375289795
}