{
  "minPB": 0.3044,
  "maxPB": 2.6625,
  "medianPB": 0.69,
  "hienTaiPB": 0.8136595104716273,
  "minPE": -9.4176,
  "maxPE": 49.9495,
  "medianPE": 7.21,
  "hienTaiPE": 15.780752336540708,
  "minPS": 0.3054,
  "maxPS": 3.2759,
  "medianPS": 0.62,
  "hienTaiPS": 0.8296835930199046
}