{
  "minPB": 0.204,
  "maxPB": 0.2447,
  "medianPB": 0.21,
  "hienTaiPB": 0.2440422609606093,
  "minPE": 5.867,
  "maxPE": 7.0405,
  "medianPE": 5.94,
  "hienTaiPE": 18.586829242487994,
  "minPS": 0.3874,
  "maxPS": 39.6425,
  "medianPS": 3.1,
  "hienTaiPS": 0.8806616931708585
}