{
  "minPB": 0.0707,
  "maxPB": 2.516,
  "medianPB": 0.28,
  "hienTaiPB": 0.28471597112071084,
  "minPE": -108.5888,
  "maxPE": 107.0313,
  "medianPE": 5.18,
  "hienTaiPE": 21.684634116235994,
  "minPS": 0.3874,
  "maxPS": 12.1302,
  "medianPS": 1.05,
  "hienTaiPS": 1.0274386420326682
}