{
  "minPB": 0.0707,
  "maxPB": 2.516,
  "medianPB": 0.28,
  "hienTaiPB": 0.26437911604066006,
  "minPE": -108.5888,
  "maxPE": 107.0313,
  "medianPE": 5.15,
  "hienTaiPE": 20.135731679361992,
  "minPS": 0.3874,
  "maxPS": 12.1302,
  "medianPS": 1.06,
  "hienTaiPS": 0.9540501676017634
}