{
  "minPB": 0.204,
  "maxPB": 0.2447,
  "medianPB": 0.21,
  "hienTaiPB": 0.2243514399362614,
  "minPE": 5.867,
  "maxPE": 7.0405,
  "medianPE": 5.91,
  "hienTaiPE": 6.453804046460086,
  "minPS": 0.3874,
  "maxPS": 39.6425,
  "medianPS": 3.1,
  "hienTaiPS": 0.42615454455486684
}