{
  "minPB": 0.204,
  "maxPB": 0.2447,
  "medianPB": 0.21,
  "hienTaiPB": 0.24383889240980877,
  "minPE": 5.867,
  "maxPE": 7.0405,
  "medianPE": 5.93,
  "hienTaiPE": 7.0346464106414945,
  "minPS": 0.3874,
  "maxPS": 39.6425,
  "medianPS": 3.1,
  "hienTaiPS": 0.46450845356480486
}