{
  "minPB": 0.6247,
  "maxPB": 3.3833,
  "medianPB": 1.82,
  "hienTaiPB": 1.396148990193542,
  "minPE": -25.1753,
  "maxPE": 34.7311,
  "medianPE": 4.89,
  "hienTaiPE": 20.331756888420443,
  "minPS": 0.1798,
  "maxPS": 2.1801,
  "medianPS": 0.43,
  "hienTaiPS": 0.6352798506157787
}