{
  "minPB": 0.6211,
  "maxPB": 3.4371,
  "medianPB": 1.82,
  "hienTaiPB": 1.3577228711973894,
  "minPE": -25.2366,
  "maxPE": 34.7762,
  "medianPE": 4.88,
  "hienTaiPE": 19.772167249289605,
  "minPS": 0.1828,
  "maxPS": 2.1275,
  "medianPS": 0.44,
  "hienTaiPS": 0.6177950840850692
}