{
  "minPB": 0.6211,
  "maxPB": 3.4371,
  "medianPB": 1.82,
  "hienTaiPB": 1.306488045869186,
  "minPE": -25.2366,
  "maxPE": 34.7762,
  "medianPE": 4.87,
  "hienTaiPE": 19.02604773044849,
  "minPS": 0.1828,
  "maxPS": 2.1275,
  "medianPS": 0.44,
  "hienTaiPS": 0.5944820620441232
}