{
  "minPB": 0.6247,
  "maxPB": 3.3833,
  "medianPB": 1.82,
  "hienTaiPB": 1.6138969978384063,
  "minPE": -25.1753,
  "maxPE": 34.7311,
  "medianPE": 4.93,
  "hienTaiPE": 23.502764843495193,
  "minPS": 0.1798,
  "maxPS": 2.1801,
  "medianPS": 0.44,
  "hienTaiPS": 0.7343601942897993
}