{
  "minPB": 0.6211,
  "maxPB": 3.4371,
  "medianPB": 1.82,
  "hienTaiPB": 1.3192967522012369,
  "minPE": -25.2366,
  "maxPE": 34.7762,
  "medianPE": 4.87,
  "hienTaiPE": 19.212577610158768,
  "minPS": 0.1813,
  "maxPS": 2.1387,
  "medianPS": 0.44,
  "hienTaiPS": 0.6003103175543597
}