{
  "minPB": 0.6247,
  "maxPB": 3.3833,
  "medianPB": 1.82,
  "hienTaiPB": 1.3705315775294402,
  "minPE": -25.1753,
  "maxPE": 34.7311,
  "medianPE": 4.9,
  "hienTaiPE": 19.958697128999884,
  "minPS": 0.1798,
  "maxPS": 2.1801,
  "medianPS": 0.43,
  "hienTaiPS": 0.6236233395953057
}