{
  "minPB": 1.2603,
  "maxPB": 1.2952,
  "medianPB": 1.3,
  "hienTaiPB": 1.2602944382414565,
  "minPE": 12.1981,
  "maxPE": 13.3897,
  "medianPE": 13.39,
  "hienTaiPE": 12.19808544323543,
  "minPS": 3.2628,
  "maxPS": 8.3271,
  "medianPS": 4.07,
  "hienTaiPS": 3.820621243119978
}