{
  "minPB": 0,
  "maxPB": 1.3317,
  "medianPB": 0.88,
  "hienTaiPB": 1.2602944382414565,
  "minPE": 0,
  "maxPE": 310.5618,
  "medianPE": 25.6,
  "hienTaiPE": 12.19808544323543,
  "minPS": 3.2628,
  "maxPS": 8.3271,
  "medianPS": 4.07,
  "hienTaiPS": 3.820621243119978
}