{
  "minPB": 0.4793,
  "maxPB": 1.7806,
  "medianPB": 1.14,
  "hienTaiPB": 0.5906987188987327,
  "minPE": -2359.7591,
  "maxPE": 739.0243,
  "medianPE": -6.82,
  "hienTaiPE": -3.6176,
  "minPS": 0.3936,
  "maxPS": 7.824,
  "medianPS": 1,
  "hienTaiPS": 1.1898095510691837
}