{
  "minPB": 0.481,
  "maxPB": 1.7806,
  "medianPB": 1.14,
  "hienTaiPB": 0.5906987188987327,
  "minPE": -2354.4203,
  "maxPE": 738.4583,
  "medianPE": -3.77,
  "hienTaiPE": -3.7726,
  "minPS": 0.3848,
  "maxPS": 7.824,
  "medianPS": 0.96,
  "hienTaiPS": 1.1898095510691837
}