{
  "minPB": 0.6163,
  "maxPB": 4.1553,
  "medianPB": 1.89,
  "hienTaiPB": 2.904486109844231,
  "minPE": -13.0829,
  "maxPE": 159.084,
  "medianPE": 22.21,
  "hienTaiPE": 21.456213819253055,
  "minPS": 0.6705,
  "maxPS": 17.759,
  "medianPS": 7.36,
  "hienTaiPS": 4.560309897438333
}