{
  "minPB": 0.6163,
  "maxPB": 4.1553,
  "medianPB": 1.89,
  "hienTaiPB": 3.120360077467789,
  "minPE": -13.0829,
  "maxPE": 159.084,
  "medianPE": 22.21,
  "hienTaiPE": 23.050932413927267,
  "minPS": 0.6705,
  "maxPS": 17.759,
  "medianPS": 7.37,
  "hienTaiPS": 4.8992518492749655
}