{
  "minPB": 0.1859,
  "maxPB": 2.6574,
  "medianPB": 0.47,
  "hienTaiPB": 0.2689730437022464,
  "minPE": -46.5713,
  "maxPE": 180.115,
  "medianPE": 6.21,
  "hienTaiPE": -3.0164,
  "minPS": 0.2339,
  "maxPS": 3.9348,
  "medianPS": 1.08,
  "hienTaiPS": 1.591206184862236
}