{
  "minPB": 0.1859,
  "maxPB": 2.6574,
  "medianPB": 0.47,
  "hienTaiPB": 0.2307907504322114,
  "minPE": -46.5713,
  "maxPE": 180.115,
  "medianPE": 6.28,
  "hienTaiPE": -2.458,
  "minPS": 0.2335,
  "maxPS": 3.8576,
  "medianPS": 1.1,
  "hienTaiPS": 1.4432011934746525
}