{
  "minPB": 0.1859,
  "maxPB": 2.6574,
  "medianPB": 0.47,
  "hienTaiPB": 0.26303357586024095,
  "minPE": -46.5713,
  "maxPE": 180.115,
  "medianPE": 6.2,
  "hienTaiPE": -3.0066,
  "minPS": 0.2339,
  "maxPS": 3.9348,
  "medianPS": 1.08,
  "hienTaiPS": 1.556069139770641
}