{
  "minPB": 0.632,
  "maxPB": 2.8546,
  "medianPB": 1.09,
  "hienTaiPB": 2.1606667212197257,
  "minPE": 2.2419,
  "maxPE": 22.0051,
  "medianPE": 6.15,
  "hienTaiPE": 15.36398492409081,
  "minPS": 0.24,
  "maxPS": 1.0323,
  "medianPS": 0.44,
  "hienTaiPS": 0.8365167512774286
}