{
  "minPB": 0.6308,
  "maxPB": 2.863,
  "medianPB": 1.09,
  "hienTaiPB": 2.1425098580161985,
  "minPE": 2.2419,
  "maxPE": 22.0051,
  "medianPE": 6.15,
  "hienTaiPE": 15.234875807081643,
  "minPS": 0.24,
  "maxPS": 1.0323,
  "medianPS": 0.44,
  "hienTaiPS": 0.8294871987456854
}