{
  "minPB": 0.632,
  "maxPB": 2.8546,
  "medianPB": 1.09,
  "hienTaiPB": 2.2332941740338343,
  "minPE": 2.2419,
  "maxPE": 22.0051,
  "medianPE": 6.16,
  "hienTaiPE": 15.880421392127475,
  "minPS": 0.24,
  "maxPS": 1.0323,
  "medianPS": 0.44,
  "hienTaiPS": 0.864634961404401
}