{
  "minPB": 0.632,
  "maxPB": 2.8546,
  "medianPB": 1.09,
  "hienTaiPB": 2.239346461768343,
  "minPE": 2.2419,
  "maxPE": 22.0051,
  "medianPE": 6.16,
  "hienTaiPE": 15.923457764463864,
  "minPS": 0.24,
  "maxPS": 1.0323,
  "medianPS": 0.44,
  "hienTaiPS": 0.8669781455816487
}