{
  "minPB": 0.6296,
  "maxPB": 2.8714,
  "medianPB": 1.09,
  "hienTaiPB": 2.133431426414435,
  "minPE": 2.2419,
  "maxPE": 22.0051,
  "medianPE": 6.15,
  "hienTaiPE": 15.170321248577059,
  "minPS": 0.24,
  "maxPS": 1.0323,
  "medianPS": 0.44,
  "hienTaiPS": 0.825972422479814
}