{
  "minPB": 0.632,
  "maxPB": 2.8546,
  "medianPB": 1.09,
  "hienTaiPB": 2.254477181104616,
  "minPE": 2.2419,
  "maxPE": 22.0051,
  "medianPE": 6.16,
  "hienTaiPE": 16.031048695304836,
  "minPS": 0.24,
  "maxPS": 1.0323,
  "medianPS": 0.44,
  "hienTaiPS": 0.8728361060247679
}