{
  "minPB": 0.632,
  "maxPB": 2.8546,
  "medianPB": 1.09,
  "hienTaiPB": 2.2242157424320705,
  "minPE": 2.2419,
  "maxPE": 22.0051,
  "medianPE": 6.17,
  "hienTaiPE": 15.815866833622891,
  "minPS": 0.24,
  "maxPS": 1.0323,
  "medianPS": 0.44,
  "hienTaiPS": 0.8611201851385294
}