{
  "minPB": 0.3867,
  "maxPB": 2.3303,
  "medianPB": 0.85,
  "hienTaiPB": 1.1031051590732084,
  "minPE": -10.3759,
  "maxPE": 14.6029,
  "medianPE": 6.11,
  "hienTaiPE": 9.95667476172006,
  "minPS": 0.8819,
  "maxPS": 4.4457,
  "medianPS": 1.76,
  "hienTaiPS": 4.322713242619873
}