{
  "minPB": 0.386,
  "maxPB": 2.3303,
  "medianPB": 0.85,
  "hienTaiPB": 1.0548819827202813,
  "minPE": -10.3758,
  "maxPE": 14.6043,
  "medianPE": 6.11,
  "hienTaiPE": 9.521410291262354,
  "minPS": 0.8819,
  "maxPS": 4.4457,
  "medianPS": 1.77,
  "hienTaiPS": 4.133742171904251
}