{
  "minPB": 0.3867,
  "maxPB": 2.3303,
  "medianPB": 0.85,
  "hienTaiPB": 1.1015981848121794,
  "minPE": -10.3759,
  "maxPE": 14.6029,
  "medianPE": 6.11,
  "hienTaiPE": 9.943072747018258,
  "minPS": 0.8819,
  "maxPS": 4.4457,
  "medianPS": 1.76,
  "hienTaiPS": 4.31680789666001
}