{
  "minPB": 0.3867,
  "maxPB": 2.3303,
  "medianPB": 0.85,
  "hienTaiPB": 1.118174901683498,
  "minPE": -10.3759,
  "maxPE": 14.6029,
  "medianPE": 6.11,
  "hienTaiPE": 10.092694908738094,
  "minPS": 0.8819,
  "maxPS": 4.4457,
  "medianPS": 1.76,
  "hienTaiPS": 4.381766702218505
}