{
  "minPB": 7.4409,
  "maxPB": 10.1645,
  "medianPB": 9.49,
  "hienTaiPB": 7.440889078067463,
  "minPE": 48.5494,
  "maxPE": 333.1812,
  "medianPE": 311.18,
  "hienTaiPE": 48.54937369499717,
  "minPS": 0.1682,
  "maxPS": 2.43,
  "medianPS": 0.33,
  "hienTaiPS": 1.345419097284807
}