{
  "minPB": 1.0745,
  "maxPB": 12.405,
  "medianPB": 2.06,
  "hienTaiPB": 7.766292390519393,
  "minPE": -39156.7118,
  "maxPE": 482.0766,
  "medianPE": 11.43,
  "hienTaiPE": 50.67252414813116,
  "minPS": 0.1657,
  "maxPS": 2.4489,
  "medianPS": 0.32,
  "hienTaiPS": 1.4042566671369123
}