{
  "minPB": 1.0745,
  "maxPB": 12.405,
  "medianPB": 2.12,
  "hienTaiPB": 10.326131781807907,
  "minPE": -39156.7118,
  "maxPE": 482.0766,
  "medianPE": 11.58,
  "hienTaiPE": 67.37464104611853,
  "minPS": 0.1657,
  "maxPS": 2.4489,
  "medianPS": 0.32,
  "hienTaiPS": 1.8671122166401404
}