{
  "minPB": 1.0745,
  "maxPB": 12.405,
  "medianPB": 2.06,
  "hienTaiPB": 7.223953536432843,
  "minPE": -39156.7118,
  "maxPE": 482.0766,
  "medianPE": 11.53,
  "hienTaiPE": 47.13394005957451,
  "minPS": 0.1657,
  "maxPS": 2.4489,
  "medianPS": 0.32,
  "hienTaiPS": 1.3061940507167369
}