{
  "minPB": 1.0745,
  "maxPB": 12.405,
  "medianPB": 2.12,
  "hienTaiPB": 7.853066607173241,
  "minPE": -39156.7118,
  "maxPE": 482.0766,
  "medianPE": 11.55,
  "hienTaiPE": 51.23869760230022,
  "minPS": 0.1657,
  "maxPS": 2.4489,
  "medianPS": 0.32,
  "hienTaiPS": 1.4199466857641405
}