{
  "minPB": 7.4327,
  "maxPB": 10.1645,
  "medianPB": 9.44,
  "hienTaiPB": 7.443709240108713,
  "minPE": 48.4956,
  "maxPE": 333.1812,
  "medianPE": 309.56,
  "hienTaiPE": 48.56777433225766,
  "minPS": 0.1682,
  "maxPS": 2.43,
  "medianPS": 0.33,
  "hienTaiPS": 1.345929022890192
}