{
  "minPB": 1.0745,
  "maxPB": 12.405,
  "medianPB": 2.12,
  "hienTaiPB": 8.525566786240562,
  "minPE": -39156.7118,
  "maxPE": 482.0766,
  "medianPE": 11.53,
  "hienTaiPE": 55.62654187211046,
  "minPS": 0.1657,
  "maxPS": 2.4489,
  "medianPS": 0.32,
  "hienTaiPS": 1.541544330125158
}