{
  "minPB": 7.224,
  "maxPB": 10.1645,
  "medianPB": 9.39,
  "hienTaiPB": 7.177529330523034,
  "minPE": 47.1339,
  "maxPE": 333.1812,
  "medianPE": 307.94,
  "hienTaiPE": 46.83103726159406,
  "minPS": 0.1682,
  "maxPS": 2.43,
  "medianPS": 0.33,
  "hienTaiPS": 1.2977998907511699
}