{
  "minPB": 1.0745,
  "maxPB": 12.405,
  "medianPB": 2.06,
  "hienTaiPB": 7.15670351852611,
  "minPE": -39156.7118,
  "maxPE": 482.0766,
  "medianPE": 11.48,
  "hienTaiPE": 46.69515563259349,
  "minPS": 0.1657,
  "maxPS": 2.4489,
  "medianPS": 0.32,
  "hienTaiPS": 1.294034286280635
}