{
  "minPB": 1.0745,
  "maxPB": 12.405,
  "medianPB": 2.09,
  "hienTaiPB": 8.222941705660267,
  "minPE": -39156.7118,
  "maxPE": 482.0766,
  "medianPE": 11.53,
  "hienTaiPE": 53.65201195069585,
  "minPS": 0.1657,
  "maxPS": 2.4489,
  "medianPS": 0.32,
  "hienTaiPS": 1.4868253901627
}