{
  "minPB": 0.2793,
  "maxPB": 2.1111,
  "medianPB": 0.49,
  "hienTaiPB": 0.3093883895097217,
  "minPE": 2.644,
  "maxPE": 608.6147,
  "medianPE": 10.9,
  "hienTaiPE": 355.52620864473016,
  "minPS": 0.0607,
  "maxPS": 0.5406,
  "medianPS": 0.12,
  "hienTaiPS": 0.08005498130453471
}