{
  "minPB": 0.2793,
  "maxPB": 2.1111,
  "medianPB": 0.49,
  "hienTaiPB": 0.32872516385407935,
  "minPE": 2.644,
  "maxPE": 608.6147,
  "medianPE": 10.97,
  "hienTaiPE": 377.7465966850258,
  "minPS": 0.0608,
  "maxPS": 0.5431,
  "medianPS": 0.12,
  "hienTaiPS": 0.08505841763606813
}