{
  "minPB": 0.2793,
  "maxPB": 2.1111,
  "medianPB": 0.49,
  "hienTaiPB": 0.2997200023375429,
  "minPE": 2.644,
  "maxPE": 608.6147,
  "medianPE": 10.88,
  "hienTaiPE": 344.4160146245823,
  "minPS": 0.0607,
  "maxPS": 0.5406,
  "medianPS": 0.12,
  "hienTaiPS": 0.077553263138768
}