{
  "minPB": 1.1089,
  "maxPB": 3.893,
  "medianPB": 2.46,
  "hienTaiPB": 2.261517258986017,
  "minPE": 4.4929,
  "maxPE": 12.4814,
  "medianPE": 8.71,
  "hienTaiPE": 10.515206858241484,
  "minPS": 0.2268,
  "maxPS": 0.9725,
  "medianPS": 0.6,
  "hienTaiPS": 0.7365316790060831
}