{
  "minPB": 1.1089,
  "maxPB": 3.893,
  "medianPB": 2.46,
  "hienTaiPB": 2.2131055745428916,
  "minPE": 4.4929,
  "maxPE": 12.4814,
  "medianPE": 8.71,
  "hienTaiPE": 10.290110686964145,
  "minPS": 0.2268,
  "maxPS": 0.9725,
  "medianPS": 0.6,
  "hienTaiPS": 0.7207649458163504
}