{
  "minPB": 1.1089,
  "maxPB": 3.893,
  "medianPB": 2.46,
  "hienTaiPB": 2.2546013040655706,
  "minPE": 4.4929,
  "maxPE": 12.4814,
  "medianPE": 8.7,
  "hienTaiPE": 10.483050262344722,
  "minPS": 0.2267,
  "maxPS": 0.9725,
  "medianPS": 0.6,
  "hienTaiPS": 0.7342792885504069
}