{
  "minPB": 1.1089,
  "maxPB": 3.893,
  "medianPB": 2.46,
  "hienTaiPB": 2.282265123747357,
  "minPE": 4.4929,
  "maxPE": 12.4814,
  "medianPE": 8.7,
  "hienTaiPE": 10.611676645931773,
  "minPS": 0.2267,
  "maxPS": 0.9725,
  "medianPS": 0.6,
  "hienTaiPS": 0.7432888503731113
}