{
  "minPB": 1.1089,
  "maxPB": 3.893,
  "medianPB": 2.46,
  "hienTaiPB": 2.2269374843837846,
  "minPE": 4.4929,
  "maxPE": 12.4814,
  "medianPE": 8.71,
  "hienTaiPE": 10.35442387875767,
  "minPS": 0.2268,
  "maxPS": 0.9725,
  "medianPS": 0.6,
  "hienTaiPS": 0.7252697267277026
}