{
  "minPB": 1.1089,
  "maxPB": 3.893,
  "medianPB": 2.46,
  "hienTaiPB": 2.1992736647019986,
  "minPE": 4.4929,
  "maxPE": 12.4814,
  "medianPE": 8.71,
  "hienTaiPE": 10.225797495170617,
  "minPS": 0.2267,
  "maxPS": 0.9725,
  "medianPS": 0.6,
  "hienTaiPS": 0.7162601649049982
}