{
  "minPB": 1.1089,
  "maxPB": 3.893,
  "medianPB": 2.46,
  "hienTaiPB": 2.1854417548611056,
  "minPE": 4.4929,
  "maxPE": 12.4814,
  "medianPE": 8.71,
  "hienTaiPE": 10.161484303377092,
  "minPS": 0.2268,
  "maxPS": 0.9725,
  "medianPS": 0.6,
  "hienTaiPS": 0.711755383993646
}