{
  "minPB": 1.1089,
  "maxPB": 3.893,
  "medianPB": 2.46,
  "hienTaiPB": 2.233853439304231,
  "minPE": 4.4929,
  "maxPE": 12.4814,
  "medianPE": 8.71,
  "hienTaiPE": 10.386580474654433,
  "minPS": 0.2268,
  "maxPS": 0.9725,
  "medianPS": 0.6,
  "hienTaiPS": 0.7275221171833787
}