{
  "minPB": 0.5445,
  "maxPB": 1.8707,
  "medianPB": 1.03,
  "hienTaiPB": 1.0393772750665327,
  "minPE": 3.4298,
  "maxPE": 9.3158,
  "medianPE": 6.29,
  "hienTaiPE": 6.580666476269844,
  "minPS": 0.682,
  "maxPS": 2.2285,
  "medianPS": 1.42,
  "hienTaiPS": 2.053476560213964
}