{
  "minPB": 0.9189,
  "maxPB": 1.0626,
  "medianPB": 0.95,
  "hienTaiPB": 1.0393772750665327,
  "minPE": 5.5855,
  "maxPE": 6.4619,
  "medianPE": 5.8,
  "hienTaiPE": 6.580666476269844,
  "minPS": 0.682,
  "maxPS": 2.2337,
  "medianPS": 1.42,
  "hienTaiPS": 2.053476560213964
}