{
  "minPB": 0.6218,
  "maxPB": 1.6084,
  "medianPB": 1.09,
  "hienTaiPB": 1.2667922062407149,
  "minPE": -21.5538,
  "maxPE": 186.854,
  "medianPE": 15.54,
  "hienTaiPE": 15.082549011111341,
  "minPS": 0.0754,
  "maxPS": 0.3687,
  "medianPS": 0.19,
  "hienTaiPS": 0.2168202478430864
}