{
  "minPB": 0.9925,
  "maxPB": 1.4476,
  "medianPB": 1.13,
  "hienTaiPB": 1.3687066087555608,
  "minPE": 9.9972,
  "maxPE": 16.296,
  "medianPE": 11.38,
  "hienTaiPE": 16.295951622286083,
  "minPS": 0.0754,
  "maxPS": 0.3687,
  "medianPS": 0.18,
  "hienTaiPS": 0.23426360272259225
}