{
  "minPB": 0.9925,
  "maxPB": 1.4476,
  "medianPB": 1.13,
  "hienTaiPB": 1.366492737839508,
  "minPE": 9.9972,
  "maxPE": 14.8447,
  "medianPE": 11.35,
  "hienTaiPE": 16.269593063691275,
  "minPS": 0.0754,
  "maxPS": 0.3687,
  "medianPS": 0.18,
  "hienTaiPS": 0.23388468340311236
}