{
  "minPB": 0.9925,
  "maxPB": 1.4476,
  "medianPB": 1.13,
  "hienTaiPB": 1.2535089807443978,
  "minPE": 9.9972,
  "maxPE": 16.296,
  "medianPE": 11.4,
  "hienTaiPE": 14.924397659542498,
  "minPS": 0.0754,
  "maxPS": 0.3687,
  "medianPS": 0.18,
  "hienTaiPS": 0.21454673192620696
}