{
  "minPB": 0.9925,
  "maxPB": 1.4476,
  "medianPB": 1.13,
  "hienTaiPB": 1.250913407946267,
  "minPE": 9.9972,
  "maxPE": 16.296,
  "medianPE": 11.43,
  "hienTaiPE": 14.89349452187962,
  "minPS": 0.0754,
  "maxPS": 0.3687,
  "medianPS": 0.18,
  "hienTaiPS": 0.21410248168957535
}