{
  "minPB": 0.6218,
  "maxPB": 1.6084,
  "medianPB": 1.09,
  "hienTaiPB": 1.5268075283122995,
  "minPE": -21.5538,
  "maxPE": 186.854,
  "medianPE": 15.55,
  "hienTaiPE": 18.178316272280753,
  "minPS": 0.0754,
  "maxPS": 0.3687,
  "medianPS": 0.19,
  "hienTaiPS": 0.26132366860682943
}