{
  "minPB": 0.6218,
  "maxPB": 1.6084,
  "medianPB": 1.09,
  "hienTaiPB": 1.5891012754674412,
  "minPE": -21.5538,
  "maxPE": 186.854,
  "medianPE": 15.55,
  "hienTaiPE": 18.91999157618981,
  "minPS": 0.0754,
  "maxPS": 0.3687,
  "medianPS": 0.19,
  "hienTaiPS": 0.2719856742859881
}