{
  "minPB": 0.3151,
  "maxPB": 1.0817,
  "medianPB": 0.68,
  "hienTaiPB": 0.4351432370571784,
  "minPE": 2.6179,
  "maxPE": 38.1497,
  "medianPE": 6.3,
  "hienTaiPE": 8.049291002677908,
  "minPS": 0.067,
  "maxPS": 0.1814,
  "medianPS": 0.11,
  "hienTaiPS": 0.08533899292204457
}