{
  "minPB": 0.3151,
  "maxPB": 1.0821,
  "medianPB": 0.68,
  "hienTaiPB": 0.4366917895022217,
  "minPE": 2.6159,
  "maxPE": 38.2874,
  "medianPE": 6.2,
  "hienTaiPE": 8.077936166388506,
  "minPS": 0.0675,
  "maxPS": 0.1814,
  "medianPS": 0.11,
  "hienTaiPS": 0.08564269040575291
}