{
  "minPB": 0.3151,
  "maxPB": 1.0821,
  "medianPB": 0.68,
  "hienTaiPB": 0.4397888943923084,
  "minPE": 2.6159,
  "maxPE": 38.2874,
  "medianPE": 6.2,
  "hienTaiPE": 8.1352264938097,
  "minPS": 0.0673,
  "maxPS": 0.1814,
  "medianPS": 0.11,
  "hienTaiPS": 0.08625008537316961
}