{
  "minPB": 0.3151,
  "maxPB": 1.0817,
  "medianPB": 0.68,
  "hienTaiPB": 0.4227548174968317,
  "minPE": 2.6179,
  "maxPE": 38.1497,
  "medianPE": 6.26,
  "hienTaiPE": 7.820129692993128,
  "minPS": 0.067,
  "maxPS": 0.1814,
  "medianPS": 0.11,
  "hienTaiPS": 0.08290941305237783
}