{
  "minPB": 0.3151,
  "maxPB": 1.0821,
  "medianPB": 0.68,
  "hienTaiPB": 0.4258519223869183,
  "minPE": 2.6159,
  "maxPE": 38.2874,
  "medianPE": 6.22,
  "hienTaiPE": 7.877420020414323,
  "minPS": 0.0668,
  "maxPS": 0.1814,
  "medianPS": 0.11,
  "hienTaiPS": 0.08351680801979451
}