{
  "minPB": 0.3151,
  "maxPB": 1.0821,
  "medianPB": 0.68,
  "hienTaiPB": 0.433594684612135,
  "minPE": 2.6159,
  "maxPE": 38.2874,
  "medianPE": 6.19,
  "hienTaiPE": 8.02064583896731,
  "minPS": 0.067,
  "maxPS": 0.1814,
  "medianPS": 0.11,
  "hienTaiPS": 0.08503529543833623
}