{
  "minPB": 0.5306,
  "maxPB": 2.1954,
  "medianPB": 1.03,
  "hienTaiPB": 2.550387017949481,
  "minPE": 3.6559,
  "maxPE": 11.5267,
  "medianPE": 6.86,
  "hienTaiPE": 11.370288522667654,
  "minPS": 0.7928,
  "maxPS": 6.3385,
  "medianPS": 1.65,
  "hienTaiPS": 7.180153501328429
}