{
  "minPB": 0.5306,
  "maxPB": 2.1954,
  "medianPB": 1.03,
  "hienTaiPB": 2.5193687974609063,
  "minPE": 3.6559,
  "maxPE": 11.5267,
  "medianPE": 6.86,
  "hienTaiPE": 11.2320012298244,
  "minPS": 0.7928,
  "maxPS": 6.1546,
  "medianPS": 1.65,
  "hienTaiPS": 7.092827310096056
}