{
  "minPB": 0.5306,
  "maxPB": 2.2227,
  "medianPB": 1.03,
  "hienTaiPB": 2.5090293906313814,
  "minPE": 3.6559,
  "maxPE": 11.5492,
  "medianPE": 6.87,
  "hienTaiPE": 11.185905465543314,
  "minPS": 0.79,
  "maxPS": 3.2643,
  "medianPS": 1.62,
  "hienTaiPS": 7.063718579685266
}