{
  "minPB": 0.5306,
  "maxPB": 2.2215,
  "medianPB": 1.03,
  "hienTaiPB": 2.5297082042904315,
  "minPE": 3.6559,
  "maxPE": 11.5492,
  "medianPE": 6.87,
  "hienTaiPE": 11.278096994105484,
  "minPS": 0.79,
  "maxPS": 3.2643,
  "medianPS": 1.62,
  "hienTaiPS": 7.1219360405068475
}