{
  "minPB": 0.5306,
  "maxPB": 2.2194,
  "medianPB": 1.03,
  "hienTaiPB": 2.5228152664040815,
  "minPE": 3.6559,
  "maxPE": 11.5492,
  "medianPE": 6.87,
  "hienTaiPE": 11.247366484584761,
  "minPS": 0.79,
  "maxPS": 3.2643,
  "medianPS": 1.62,
  "hienTaiPS": 7.102530220232987
}