{
  "minPB": 0.5306,
  "maxPB": 2.1948,
  "medianPB": 1.03,
  "hienTaiPB": 2.5159223285177315,
  "minPE": 3.6559,
  "maxPE": 11.5267,
  "medianPE": 6.86,
  "hienTaiPE": 11.216635975064037,
  "minPS": 0.7922,
  "maxPS": 6.1546,
  "medianPS": 1.65,
  "hienTaiPS": 7.083124399959126
}