{
  "minPB": 0,
  "maxPB": 1.3621,
  "medianPB": 0.62,
  "hienTaiPB": 0.46973920770225663,
  "minPE": -63.7686,
  "maxPE": 23.5368,
  "medianPE": 3.11,
  "hienTaiPE": 4.81209416858299,
  "minPS": 0.1892,
  "maxPS": 1.143,
  "medianPS": 0.27,
  "hienTaiPS": 0.19787255704574944
}