{
  "minPB": 0,
  "maxPB": 1.3621,
  "medianPB": 0.62,
  "hienTaiPB": 0.4671359260295791,
  "minPE": -63.7686,
  "maxPE": 23.5368,
  "medianPE": 3.11,
  "hienTaiPE": 4.785425676043166,
  "minPS": 0.1892,
  "maxPS": 1.143,
  "medianPS": 0.27,
  "hienTaiPS": 0.19677595281762306
}