{
  "minPB": 0,
  "maxPB": 1.3621,
  "medianPB": 0.62,
  "hienTaiPB": 0.4823727805255447,
  "minPE": -63.7686,
  "maxPE": 23.5368,
  "medianPE": 3.11,
  "hienTaiPE": 4.941514794143902,
  "minPS": 0.1892,
  "maxPS": 1.143,
  "medianPS": 0.27,
  "hienTaiPS": 0.2031943128587158
}