{
  "minPB": 0.4443,
  "maxPB": 0.5204,
  "medianPB": 0.48,
  "hienTaiPB": 0.4594026481195664,
  "minPE": 2.8747,
  "maxPE": 4.7086,
  "medianPE": 3.11,
  "hienTaiPE": 4.706204565851335,
  "minPS": 0.1892,
  "maxPS": 1.1225,
  "medianPS": 0.26,
  "hienTaiPS": 0.19351839319877698
}