{
  "minPB": 0,
  "maxPB": 1.3621,
  "medianPB": 0.62,
  "hienTaiPB": 0.46705935892155914,
  "minPE": -63.7686,
  "maxPE": 23.5368,
  "medianPE": 3.11,
  "hienTaiPE": 4.784641308615525,
  "minPS": 0.1892,
  "maxPS": 1.143,
  "medianPS": 0.27,
  "hienTaiPS": 0.1967436997520899
}