{
  "minPB": 0.4443,
  "maxPB": 0.5204,
  "medianPB": 0.48,
  "hienTaiPB": 0.4653748825451207,
  "minPE": 2.8747,
  "maxPE": 4.7846,
  "medianPE": 3.13,
  "hienTaiPE": 4.767385225207403,
  "minPS": 0.1892,
  "maxPS": 1.1201,
  "medianPS": 0.26,
  "hienTaiPS": 0.19603413231036107
}