{
  "minPB": 0.4443,
  "maxPB": 0.5204,
  "medianPB": 0.48,
  "hienTaiPB": 0.4665999562734396,
  "minPE": 2.8747,
  "maxPE": 4.7799,
  "medianPE": 3.12,
  "hienTaiPE": 4.779935104049673,
  "minPS": 0.1892,
  "maxPS": 1.1201,
  "medianPS": 0.26,
  "hienTaiPS": 0.19655018135889113
}