{
  "minPB": 0.4443,
  "maxPB": 0.5204,
  "medianPB": 0.48,
  "hienTaiPB": 0.46705935892155914,
  "minPE": 2.8747,
  "maxPE": 4.7846,
  "medianPE": 3.12,
  "hienTaiPE": 4.784641308615525,
  "minPS": 0.1892,
  "maxPS": 1.1201,
  "medianPS": 0.26,
  "hienTaiPS": 0.1967436997520899
}