{
  "minPB": 0.5472,
  "maxPB": 1.4767,
  "medianPB": 0.72,
  "hienTaiPB": 1.9587210017952574,
  "minPE": -1496.5444,
  "maxPE": 719.8401,
  "medianPE": 93.82,
  "hienTaiPE": 747.8277432448155,
  "minPS": 492.9372,
  "maxPS": 68310.0007,
  "medianPS": 1450.41,
  "hienTaiPS": 596.4963503649635
}