{
  "minPB": 0.8861,
  "maxPB": 1.5877,
  "medianPB": 0.96,
  "hienTaiPB": 1.6826017416302872,
  "minPE": -1585.9387,
  "maxPE": 606.1687,
  "medianPE": -1194.2,
  "hienTaiPE": 642.4070922147093,
  "minPS": 731.0842,
  "maxPS": 69022.8007,
  "medianPS": 1543.91,
  "hienTaiPS": 512.4087591240876
}