{
  "minPB": 0.5472,
  "maxPB": 1.348,
  "medianPB": 0.72,
  "hienTaiPB": 1.8275643532168966,
  "minPE": -1496.5444,
  "maxPE": 686.3256,
  "medianPE": 92.72,
  "hienTaiPE": 697.752934005515,
  "minPS": 482.2686,
  "maxPS": 69022.8007,
  "medianPS": 1455.22,
  "hienTaiPS": 556.5547445255474
}