{
  "minPB": 0.5472,
  "maxPB": 1.3866,
  "medianPB": 0.72,
  "hienTaiPB": 2.0708944512372764,
  "minPE": -1496.5444,
  "maxPE": 702.2883,
  "medianPE": 93.16,
  "hienTaiPE": 790.654882725796,
  "minPS": 487.6029,
  "maxPS": 68666.4007,
  "medianPS": 1453.01,
  "hienTaiPS": 630.6569343065694
}