{
  "minPB": 0.5472,
  "maxPB": 1.3733,
  "medianPB": 0.72,
  "hienTaiPB": 2.088151904997587,
  "minPE": -1496.5444,
  "maxPE": 697.7529,
  "medianPE": 92.89,
  "hienTaiPE": 797.2436734151777,
  "minPS": 482.2686,
  "maxPS": 69022.8007,
  "medianPS": 1454.4,
  "hienTaiPS": 635.9124087591241
}