{
  "minPB": 0.2092,
  "maxPB": 1.8881,
  "medianPB": 0.52,
  "hienTaiPB": 0.5596525413438604,
  "minPE": -50.5372,
  "maxPE": 98.6,
  "medianPE": 10.7,
  "hienTaiPE": 9.493510027751057,
  "minPS": 0.1719,
  "maxPS": 1.065,
  "medianPS": 0.38,
  "hienTaiPS": 0.35080960901431024
}