{
  "minPB": 0.2094,
  "maxPB": 1.8829,
  "medianPB": 0.52,
  "hienTaiPB": 0.5571086661559338,
  "minPE": -50.5372,
  "maxPE": 98.1909,
  "medianPE": 10.65,
  "hienTaiPE": 9.450357709443098,
  "minPS": 0.1728,
  "maxPS": 1.1876,
  "medianPS": 0.39,
  "hienTaiPS": 0.349215019882427
}