{
  "minPB": 0.2094,
  "maxPB": 1.8829,
  "medianPB": 0.52,
  "hienTaiPB": 0.5647402917197137,
  "minPE": -50.5372,
  "maxPE": 98.1909,
  "medianPE": 10.65,
  "hienTaiPE": 9.579814664366976,
  "minPS": 0.1728,
  "maxPS": 1.1879,
  "medianPS": 0.39,
  "hienTaiPS": 0.3539987872780767
}