{
  "minPB": 1.1087,
  "maxPB": 2.0454,
  "medianPB": 1.45,
  "hienTaiPB": 1.4018928062282203,
  "minPE": 4.3475,
  "maxPE": 13.6204,
  "medianPE": 8.05,
  "hienTaiPE": 8.149424857684807,
  "minPS": 0.1184,
  "maxPS": 0.2518,
  "medianPS": 0.17,
  "hienTaiPS": 0.17150978992593302
}