{
  "minPB": 1.2977,
  "maxPB": 1.5323,
  "medianPB": 1.34,
  "hienTaiPB": 1.3453702755547956,
  "minPE": 6.8389,
  "maxPE": 8.0757,
  "medianPE": 7.08,
  "hienTaiPE": 7.820850437127953,
  "minPS": 0.1184,
  "maxPS": 0.249,
  "medianPS": 0.17,
  "hienTaiPS": 0.1645947338540189
}