{
  "minPB": 1.2977,
  "maxPB": 1.5323,
  "medianPB": 1.34,
  "hienTaiPB": 1.3183936131879337,
  "minPE": 6.8389,
  "maxPE": 8.0757,
  "medianPE": 7.09,
  "hienTaiPE": 7.664030827316727,
  "minPS": 0.1184,
  "maxPS": 0.249,
  "medianPS": 0.17,
  "hienTaiPS": 0.16129436618333262
}