{
  "minPB": 1.2977,
  "maxPB": 1.5323,
  "medianPB": 1.34,
  "hienTaiPB": 1.3069438910653528,
  "minPE": 6.8389,
  "maxPE": 8.0757,
  "medianPE": 7.08,
  "hienTaiPE": 7.137859224036462,
  "minPS": 0.1184,
  "maxPS": 0.249,
  "medianPS": 0.17,
  "hienTaiPS": 0.16718784751141727
}