{
  "minPB": 1.1087,
  "maxPB": 2.0454,
  "medianPB": 1.45,
  "hienTaiPB": 1.3869802413173464,
  "minPE": 4.3475,
  "maxPE": 13.6204,
  "medianPE": 8.05,
  "hienTaiPE": 8.062735756609035,
  "minPS": 0.1184,
  "maxPS": 0.2518,
  "medianPS": 0.17,
  "hienTaiPS": 0.16968536307692011
}