{
  "minPB": 1.1087,
  "maxPB": 2.0454,
  "medianPB": 1.45,
  "hienTaiPB": 1.4006640555614067,
  "minPE": 4.3475,
  "maxPE": 13.6204,
  "medianPE": 8.05,
  "hienTaiPE": 8.142281935498787,
  "minPS": 0.1184,
  "maxPS": 0.2518,
  "medianPS": 0.17,
  "hienTaiPS": 0.17135946262002186
}