{
  "minPB": 1.1087,
  "maxPB": 2.0454,
  "medianPB": 1.45,
  "hienTaiPB": 1.3727937563459531,
  "minPE": 4.3475,
  "maxPE": 13.6204,
  "medianPE": 8.04,
  "hienTaiPE": 7.980267473188639,
  "minPS": 0.1184,
  "maxPS": 0.2518,
  "medianPS": 0.17,
  "hienTaiPS": 0.16794976599958197
}