{
  "minPB": 0.2742,
  "maxPB": 1.6101,
  "medianPB": 0.65,
  "hienTaiPB": 1.4019080623238365,
  "minPE": -45.4853,
  "maxPE": 150.3038,
  "medianPE": 7.63,
  "hienTaiPE": 7.100204100298613,
  "minPS": 0.2332,
  "maxPS": 3.3072,
  "medianPS": 0.67,
  "hienTaiPS": 2.6024972026235482
}