{
  "minPB": 0.2742,
  "maxPB": 1.6115,
  "medianPB": 0.65,
  "hienTaiPB": 1.611539174447027,
  "minPE": -45.4853,
  "maxPE": 150.3038,
  "medianPE": 7.64,
  "hienTaiPE": 8.161916862960087,
  "minPS": 0.2332,
  "maxPS": 3.2783,
  "medianPS": 0.66,
  "hienTaiPS": 2.991655662828939
}