{
  "minPB": 0.2742,
  "maxPB": 1.6101,
  "medianPB": 0.65,
  "hienTaiPB": 1.277439589500692,
  "minPE": -45.4853,
  "maxPE": 150.3038,
  "medianPE": 7.63,
  "hienTaiPE": 6.469812147468362,
  "minPS": 0.2332,
  "maxPS": 3.3072,
  "medianPS": 0.66,
  "hienTaiPS": 2.371434366876598
}