{
  "minPB": 0.2742,
  "maxPB": 1.616,
  "medianPB": 0.66,
  "hienTaiPB": 1.6180901467008768,
  "minPE": -45.4853,
  "maxPE": 150.3038,
  "medianPE": 7.64,
  "hienTaiPE": 8.195095386793259,
  "minPS": 0.2332,
  "maxPS": 3.2783,
  "medianPS": 0.66,
  "hienTaiPS": 3.003816864710357
}