{
  "minPB": 0.2742,
  "maxPB": 1.6101,
  "medianPB": 0.65,
  "hienTaiPB": 1.1660730611852472,
  "minPE": -45.4853,
  "maxPE": 150.3038,
  "medianPE": 7.63,
  "hienTaiPE": 5.9057772423044534,
  "minPS": 0.2332,
  "maxPS": 3.3072,
  "medianPS": 0.66,
  "hienTaiPS": 2.164693934892484
}