{
  "minPB": 0.2742,
  "maxPB": 1.616,
  "medianPB": 0.66,
  "hienTaiPB": 1.5067236183854318,
  "minPE": -45.4853,
  "maxPE": 150.3038,
  "medianPE": 7.64,
  "hienTaiPE": 7.63106048162935,
  "minPS": 0.2332,
  "maxPS": 3.2783,
  "medianPS": 0.66,
  "hienTaiPS": 2.797076432726244
}