{
  "minPB": 0.4351,
  "maxPB": 8.2843,
  "medianPB": 4,
  "hienTaiPB": 4.528075472936929,
  "minPE": -19.7275,
  "maxPE": 115.2368,
  "medianPE": 7.69,
  "hienTaiPE": 21.300808734396757,
  "minPS": 0.1469,
  "maxPS": 3.9109,
  "medianPS": 0.97,
  "hienTaiPS": 0.8780412915946758
}