{
  "minPB": 0.3979,
  "maxPB": 8.2801,
  "medianPB": 3.96,
  "hienTaiPB": 5.185576842979826,
  "minPE": -19.7275,
  "maxPE": 115.2368,
  "medianPE": 7.66,
  "hienTaiPE": 24.39380287939135,
  "minPS": 0,
  "maxPS": 3.9109,
  "medianPS": 0.94,
  "hienTaiPS": 1.0055376983193822
}