{
  "minPB": 0.3979,
  "maxPB": 8.2801,
  "medianPB": 3.96,
  "hienTaiPB": 4.180716258574644,
  "minPE": -19.7275,
  "maxPE": 115.2368,
  "medianPE": 7.66,
  "hienTaiPE": 19.6667740917581,
  "minPS": 0,
  "maxPS": 3.9109,
  "medianPS": 0.94,
  "hienTaiPS": 0.8106846993627556
}