{
  "minPB": 0.8808,
  "maxPB": 2.1268,
  "medianPB": 1.13,
  "hienTaiPB": 1.2460424654504023,
  "minPE": 3.832,
  "maxPE": 13.2999,
  "medianPE": 6.67,
  "hienTaiPE": 6.174054262891485,
  "minPS": 1.1868,
  "maxPS": 3.7967,
  "medianPS": 2.2,
  "hienTaiPS": 3.3957353281751343
}