{
  "minPB": 0.8808,
  "maxPB": 2.1268,
  "medianPB": 1.13,
  "hienTaiPB": 1.2378806152400286,
  "minPE": 3.832,
  "maxPE": 13.2999,
  "medianPE": 6.67,
  "hienTaiPE": 6.133612859422764,
  "minPS": 1.1868,
  "maxPS": 3.7967,
  "medianPS": 2.2,
  "hienTaiPS": 3.37349252034866
}