{
  "minPB": 0.8808,
  "maxPB": 2.1268,
  "medianPB": 1.13,
  "hienTaiPB": 1.243321848713611,
  "minPE": 3.832,
  "maxPE": 13.2999,
  "medianPE": 6.67,
  "hienTaiPE": 6.160573795068578,
  "minPS": 1.1823,
  "maxPS": 3.7836,
  "medianPS": 2.15,
  "hienTaiPS": 3.388321058899643
}