{
  "minPB": 0.8808,
  "maxPB": 2.1268,
  "medianPB": 1.13,
  "hienTaiPB": 1.2351599985032373,
  "minPE": 3.832,
  "maxPE": 13.2999,
  "medianPE": 6.67,
  "hienTaiPE": 6.1201323915998564,
  "minPS": 1.1823,
  "maxPS": 3.7967,
  "medianPS": 2.15,
  "hienTaiPS": 3.366078251073168
}