{
  "minPB": 0.2357,
  "maxPB": 2.5614,
  "medianPB": 0.47,
  "hienTaiPB": 0.32676100399396557,
  "minPE": -8.6392,
  "maxPE": 80.0823,
  "medianPE": 9.16,
  "hienTaiPE": 15.004654885639903,
  "minPS": 0.0809,
  "maxPS": 2.1774,
  "medianPS": 0.59,
  "hienTaiPS": 1.3521305761229252
}