{
  "minPB": 0.2357,
  "maxPB": 2.5614,
  "medianPB": 0.47,
  "hienTaiPB": 0.3454330613650493,
  "minPE": -8.6392,
  "maxPE": 80.0823,
  "medianPE": 9.16,
  "hienTaiPE": 15.862063736247897,
  "minPS": 0.0809,
  "maxPS": 2.1774,
  "medianPS": 0.59,
  "hienTaiPS": 1.4293951804728067
}