{
  "minPB": 0.2357,
  "maxPB": 2.5614,
  "medianPB": 0.47,
  "hienTaiPB": 0.35476909005059115,
  "minPE": -8.6392,
  "maxPE": 80.0823,
  "medianPE": 9.16,
  "hienTaiPE": 16.290768161551895,
  "minPS": 0.0809,
  "maxPS": 2.3526,
  "medianPS": 0.58,
  "hienTaiPS": 1.4680274826477473
}