{
  "minPB": 0.2357,
  "maxPB": 2.5614,
  "medianPB": 0.47,
  "hienTaiPB": 0.36410511873613305,
  "minPE": -8.6392,
  "maxPE": 80.0823,
  "medianPE": 9.16,
  "hienTaiPE": 16.71947258685589,
  "minPS": 0.0809,
  "maxPS": 2.3526,
  "medianPS": 0.58,
  "hienTaiPS": 1.5066597848226881
}