{
  "minPB": 0.4704,
  "maxPB": 3.1949,
  "medianPB": 1.37,
  "hienTaiPB": 2.280009011590719,
  "minPE": -120.0871,
  "maxPE": 95.1425,
  "medianPE": 14.65,
  "hienTaiPE": 21.184134799427117,
  "minPS": 1.1983,
  "maxPS": 6.7479,
  "medianPS": 2.27,
  "hienTaiPS": 5.04797302593847
}