{
  "minPB": 0.4631,
  "maxPB": 3.1949,
  "medianPB": 1.36,
  "hienTaiPB": 2.3629184301940174,
  "minPE": -120.0871,
  "maxPE": 95.1425,
  "medianPE": 14.64,
  "hienTaiPE": 21.95446697395174,
  "minPS": 1.1983,
  "maxPS": 6.7479,
  "medianPS": 2.26,
  "hienTaiPS": 5.231535681427141
}