{
  "minPB": 0.4631,
  "maxPB": 3.1949,
  "medianPB": 1.36,
  "hienTaiPB": 2.3877912557750074,
  "minPE": -120.0871,
  "maxPE": 95.1425,
  "medianPE": 14.63,
  "hienTaiPE": 22.185566626309125,
  "minPS": 1.1983,
  "maxPS": 6.7479,
  "medianPS": 2.26,
  "hienTaiPS": 5.286604478073743
}