{
  "minPB": 0.4704,
  "maxPB": 3.1949,
  "medianPB": 1.36,
  "hienTaiPB": 2.3048818371717084,
  "minPE": -120.0871,
  "maxPE": 95.1425,
  "medianPE": 14.61,
  "hienTaiPE": 21.415234451784503,
  "minPS": 1.1983,
  "maxPS": 6.7464,
  "medianPS": 2.29,
  "hienTaiPS": 5.103041822585071
}