{
  "minPB": 0.4704,
  "maxPB": 3.1949,
  "medianPB": 1.36,
  "hienTaiPB": 2.2882999534510486,
  "minPE": -120.0871,
  "maxPE": 95.1425,
  "medianPE": 14.62,
  "hienTaiPE": 21.261168016879576,
  "minPS": 1.1983,
  "maxPS": 6.7464,
  "medianPS": 2.3,
  "hienTaiPS": 5.066329291487337
}