{
  "minPB": 0.4631,
  "maxPB": 3.1949,
  "medianPB": 1.36,
  "hienTaiPB": 2.3463365464733577,
  "minPE": -120.0871,
  "maxPE": 95.1425,
  "medianPE": 14.62,
  "hienTaiPE": 21.800400539046812,
  "minPS": 1.1983,
  "maxPS": 6.7479,
  "medianPS": 2.26,
  "hienTaiPS": 5.194823150329407
}