{
  "minPB": 0.4631,
  "maxPB": 3.1949,
  "medianPB": 1.37,
  "hienTaiPB": 2.462409732517976,
  "minPE": -120.0871,
  "maxPE": 95.1425,
  "medianPE": 14.65,
  "hienTaiPE": 22.878867429559982,
  "minPS": 1.1983,
  "maxPS": 6.7479,
  "medianPS": 2.26,
  "hienTaiPS": 5.451810868013547
}