{
  "minPB": 0.6837,
  "maxPB": 1.9354,
  "medianPB": 1,
  "hienTaiPB": 0.8947265119900578,
  "minPE": -56.068,
  "maxPE": 133.8815,
  "medianPE": 8.84,
  "hienTaiPE": 40.18463476865853,
  "minPS": 0.6176,
  "maxPS": 3.4613,
  "medianPS": 1.35,
  "hienTaiPS": 2.777598744407457
}