{
  "minPB": 0.6713,
  "maxPB": 1.314,
  "medianPB": 0.97,
  "hienTaiPB": 0.8017463995581003,
  "minPE": 3.0609,
  "maxPE": 15.144,
  "medianPE": 8.66,
  "hienTaiPE": 9.824185410632944,
  "minPS": 0.0813,
  "maxPS": 0.3477,
  "medianPS": 0.21,
  "hienTaiPS": 0.19754200596231852
}