{
  "minPB": 0.6713,
  "maxPB": 1.314,
  "medianPB": 0.97,
  "hienTaiPB": 0.7835248904772345,
  "minPE": 3.0609,
  "maxPE": 15.144,
  "medianPE": 8.66,
  "hienTaiPE": 9.600908469482196,
  "minPS": 0.0813,
  "maxPS": 0.3477,
  "medianPS": 0.21,
  "hienTaiPS": 0.19305241491772038
}