{
  "minPB": 0.9535,
  "maxPB": 1.1735,
  "medianPB": 1.01,
  "hienTaiPB": 1.1734584105442945,
  "minPE": -52.0398,
  "maxPE": -46.5101,
  "medianPE": -49.14,
  "hienTaiPE": -25.0202,
  "minPS": 0.1155,
  "maxPS": 3.6336,
  "medianPS": 0.75,
  "hienTaiPS": 2.431480856467857
}