{
  "minPB": 0.1967,
  "maxPB": 3.161,
  "medianPB": 0.57,
  "hienTaiPB": 1.3558868189062225,
  "minPE": -90.4826,
  "maxPE": 228.9201,
  "medianPE": 7.56,
  "hienTaiPE": -31.5043,
  "minPS": 0.1146,
  "maxPS": 3.6308,
  "medianPS": 0.73,
  "hienTaiPS": 2.809484182893532
}