{
  "minPB": 0.1958,
  "maxPB": 3.1685,
  "medianPB": 0.57,
  "hienTaiPB": 1.3848534918555828,
  "minPE": -90.4826,
  "maxPE": 228.9201,
  "medianPE": 7.56,
  "hienTaiPE": -27.811,
  "minPS": 0.1146,
  "maxPS": 3.6308,
  "medianPS": 0.73,
  "hienTaiPS": 2.8695049813462576
}