{
  "minPB": 0.1958,
  "maxPB": 3.1685,
  "medianPB": 0.57,
  "hienTaiPB": 1.1709931617826468,
  "minPE": -90.4826,
  "maxPE": 228.9201,
  "medianPE": 7.56,
  "hienTaiPE": -26.3392,
  "minPS": 0.1146,
  "maxPS": 3.6308,
  "medianPS": 0.73,
  "hienTaiPS": 2.4263727034080507
}