{
  "minPB": 2.1919,
  "maxPB": 10.4863,
  "medianPB": 4.53,
  "hienTaiPB": 11.188481545827345,
  "minPE": 8.6679,
  "maxPE": 21.3973,
  "medianPE": 14.62,
  "hienTaiPE": 20.028036834148097,
  "minPS": 1.7698,
  "maxPS": 5.2806,
  "medianPS": 2.92,
  "hienTaiPS": 5.05819815076873
}