{
  "minPB": 10.129,
  "maxPB": 14.9394,
  "medianPB": 10.65,
  "hienTaiPB": 11.787134598122298,
  "minPE": 19.7518,
  "maxPE": 22.8948,
  "medianPE": 20.61,
  "hienTaiPE": 21.099660837202382,
  "minPS": 1.7698,
  "maxPS": 5.3969,
  "medianPS": 2.94,
  "hienTaiPS": 5.328843076951737
}