{
  "minPB": 2.1919,
  "maxPB": 10.4714,
  "medianPB": 4.53,
  "hienTaiPB": 11.403990622744288,
  "minPE": 8.6679,
  "maxPE": 21.3973,
  "medianPE": 14.62,
  "hienTaiPE": 20.413810695677636,
  "minPS": 1.7698,
  "maxPS": 5.2806,
  "medianPS": 2.92,
  "hienTaiPS": 5.155627601750994
}