{
  "minPB": 10.129,
  "maxPB": 14.9394,
  "medianPB": 10.64,
  "hienTaiPB": 14.946216751521485,
  "minPE": 19.7518,
  "maxPE": 22.8948,
  "medianPE": 20.63,
  "hienTaiPE": 20.494926788677187,
  "minPS": 1.7698,
  "maxPS": 5.3969,
  "medianPS": 2.94,
  "hienTaiPS": 5.176113946718582
}