{
  "minPB": 10.129,
  "maxPB": 14.9394,
  "medianPB": 10.64,
  "hienTaiPB": 14.896508898800068,
  "minPE": 19.7518,
  "maxPE": 22.8948,
  "medianPE": 20.6,
  "hienTaiPE": 20.426765138188337,
  "minPS": 1.7698,
  "maxPS": 5.3969,
  "medianPS": 2.94,
  "hienTaiPS": 5.1588993221744435
}