{
  "minPB": 2.1919,
  "maxPB": 10.5619,
  "medianPB": 4.57,
  "hienTaiPB": 11.253442891750964,
  "minPE": 8.6679,
  "maxPE": 21.3973,
  "medianPE": 14.62,
  "hienTaiPE": 20.14432144556968,
  "minPS": 1.7698,
  "maxPS": 5.2806,
  "medianPS": 2.93,
  "hienTaiPS": 5.087566511298836
}