{
  "minPB": 2.1919,
  "maxPB": 10.5035,
  "medianPB": 4.54,
  "hienTaiPB": 11.432669965498517,
  "minPE": 8.6679,
  "maxPE": 21.3973,
  "medianPE": 14.62,
  "hienTaiPE": 20.465148397823203,
  "minPS": 1.7698,
  "maxPS": 5.2806,
  "medianPS": 2.92,
  "hienTaiPS": 5.168593239482131
}