{
  "minPB": 2.1919,
  "maxPB": 10.6108,
  "medianPB": 4.58,
  "hienTaiPB": 11.2233333455523,
  "minPE": 8.6679,
  "maxPE": 21.3973,
  "medianPE": 14.61,
  "hienTaiPE": 20.09042359554809,
  "minPS": 1.7698,
  "maxPS": 5.2806,
  "medianPS": 2.93,
  "hienTaiPS": 5.073954293208405
}