{
  "minPB": 2.1919,
  "maxPB": 10.5144,
  "medianPB": 4.55,
  "hienTaiPB": 11.44072426910666,
  "minPE": 8.6679,
  "maxPE": 21.3973,
  "medianPE": 14.62,
  "hienTaiPE": 20.479566072703978,
  "minPS": 1.7698,
  "maxPS": 5.2806,
  "medianPS": 2.92,
  "hienTaiPS": 5.1722345078213205
}