{
  "minPB": 10.129,
  "maxPB": 14.9394,
  "medianPB": 10.64,
  "hienTaiPB": 14.86129352629988,
  "minPE": 19.7518,
  "maxPE": 22.8948,
  "medianPE": 20.61,
  "hienTaiPE": 20.378476230485067,
  "minPS": 1.7698,
  "maxPS": 5.3969,
  "medianPS": 2.94,
  "hienTaiPS": 5.146703675358432
}