{
  "minPB": 2.1919,
  "maxPB": 10.5181,
  "medianPB": 4.56,
  "hienTaiPB": 11.291079824499295,
  "minPE": 8.6679,
  "maxPE": 21.3973,
  "medianPE": 14.62,
  "hienTaiPE": 20.21169375809667,
  "minPS": 1.7698,
  "maxPS": 5.2806,
  "medianPS": 2.92,
  "hienTaiPS": 5.1045817839118754
}