{
  "minPB": 1.5719,
  "maxPB": 6.4124,
  "medianPB": 1.94,
  "hienTaiPB": 1.5460807392897145,
  "minPE": 11.1786,
  "maxPE": 22.2077,
  "medianPE": 13.61,
  "hienTaiPE": 16.205836142946815,
  "minPS": 1.2375,
  "maxPS": 2.6545,
  "medianPS": 1.45,
  "hienTaiPS": 1.221820771435256
}