{
  "minPB": 0.1102,
  "maxPB": 1.6597,
  "medianPB": 0.29,
  "hienTaiPB": 0.7948162007223977,
  "minPE": 5.325,
  "maxPE": 242.8537,
  "medianPE": 69.74,
  "hienTaiPE": 155.95865861101962,
  "minPS": 0.0897,
  "maxPS": 0.8179,
  "medianPS": 0.21,
  "hienTaiPS": 0.7694227859104881
}