{
  "minPB": 0,
  "maxPB": 1.6264,
  "medianPB": 0.25,
  "hienTaiPB": 0.8102495250082694,
  "minPE": 0,
  "maxPE": 236.8229,
  "medianPE": 58.23,
  "hienTaiPE": 158.98698207919475,
  "minPS": 0,
  "maxPS": 0.7844,
  "medianPS": 0.2,
  "hienTaiPS": 0.7843630341805946
}