{
  "minPB": 0,
  "maxPB": 1.6264,
  "medianPB": 0.25,
  "hienTaiPB": 0.8719828221517566,
  "minPE": 0,
  "maxPE": 236.8229,
  "medianPE": 58.08,
  "hienTaiPE": 171.1002759518953,
  "minPS": 0,
  "maxPS": 0.7694,
  "medianPS": 0.2,
  "hienTaiPS": 0.8441240272610209
}