{
  "minPB": 0,
  "maxPB": 1.6264,
  "medianPB": 0.25,
  "hienTaiPB": 0.8025328628653335,
  "minPE": 0,
  "maxPE": 236.8229,
  "medianPE": 58.23,
  "hienTaiPE": 157.47282034510718,
  "minPS": 0,
  "maxPS": 0.7844,
  "medianPS": 0.2,
  "hienTaiPS": 0.7768929100455414
}