{
  "minPB": 0,
  "maxPB": 1.6264,
  "medianPB": 0.25,
  "hienTaiPB": 0.7948162007223977,
  "minPE": 0,
  "maxPE": 236.8229,
  "medianPE": 58.23,
  "hienTaiPE": 155.95865861101962,
  "minPS": 0,
  "maxPS": 0.7844,
  "medianPS": 0.2,
  "hienTaiPS": 0.7694227859104881
}