{
  "minPB": 0,
  "maxPB": 1.6264,
  "medianPB": 0.25,
  "hienTaiPB": 0.8179661871512054,
  "minPE": 0,
  "maxPE": 236.8229,
  "medianPE": 58.23,
  "hienTaiPE": 160.50114381328234,
  "minPS": 0,
  "maxPS": 0.7792,
  "medianPS": 0.2,
  "hienTaiPS": 0.7918331583156479
}