{
  "minPB": 0.1102,
  "maxPB": 1.6597,
  "medianPB": 0.29,
  "hienTaiPB": 0.9028494707235003,
  "minPE": 5.325,
  "maxPE": 242.8537,
  "medianPE": 69.74,
  "hienTaiPE": 177.1569228882456,
  "minPS": 0.0884,
  "maxPS": 0.8179,
  "medianPS": 0.21,
  "hienTaiPS": 0.8740045238012341
}