{
  "minPB": 0.6712,
  "maxPB": 2.3588,
  "medianPB": 1.16,
  "hienTaiPB": 1.8577166908008735,
  "minPE": 3.6386,
  "maxPE": 46.1856,
  "medianPE": 15.31,
  "hienTaiPE": 17.283471394487716,
  "minPS": 0.3213,
  "maxPS": 1.2201,
  "medianPS": 0.61,
  "hienTaiPS": 1.1000326959847082
}