{
  "minPB": 0.6712,
  "maxPB": 2.3588,
  "medianPB": 1.16,
  "hienTaiPB": 1.8816872287466913,
  "minPE": 3.6386,
  "maxPE": 46.1856,
  "medianPE": 15.31,
  "hienTaiPE": 17.506483928610137,
  "minPS": 0.3189,
  "maxPS": 1.2208,
  "medianPS": 0.61,
  "hienTaiPS": 1.1142266662554785
}