{
  "minPB": 0.6712,
  "maxPB": 2.3588,
  "medianPB": 1.17,
  "hienTaiPB": 1.8217608838821469,
  "minPE": 3.6386,
  "maxPE": 46.1856,
  "medianPE": 15.31,
  "hienTaiPE": 16.94895259330408,
  "minPS": 0.3213,
  "maxPS": 1.2201,
  "medianPS": 0.61,
  "hienTaiPS": 1.0787417405785524
}