{
  "minPB": 0.4087,
  "maxPB": 1.6285,
  "medianPB": 0.72,
  "hienTaiPB": 0.9364058765366606,
  "minPE": -1.6995,
  "maxPE": 12.095,
  "medianPE": 4.93,
  "hienTaiPE": 5.92420054968899,
  "minPS": 0.0597,
  "maxPS": 0.2296,
  "medianPS": 0.09,
  "hienTaiPS": 0.12135318522266832
}