{
  "minPB": 0.4087,
  "maxPB": 1.6285,
  "medianPB": 0.72,
  "hienTaiPB": 0.822518675336256,
  "minPE": -1.6995,
  "maxPE": 12.095,
  "medianPE": 4.94,
  "hienTaiPE": 5.203689672024113,
  "minPS": 0.0597,
  "maxPS": 0.2296,
  "medianPS": 0.09,
  "hienTaiPS": 0.10659401404693838
}