{
  "minPB": 0.4087,
  "maxPB": 1.6285,
  "medianPB": 0.72,
  "hienTaiPB": 0.7465938745359862,
  "minPE": -1.6995,
  "maxPE": 12.095,
  "medianPE": 4.93,
  "hienTaiPE": 4.723349086914195,
  "minPS": 0.0597,
  "maxPS": 0.2074,
  "medianPS": 0.09,
  "hienTaiPS": 0.09675456659645176
}