{
  "minPB": 0.4087,
  "maxPB": 1.6285,
  "medianPB": 0.72,
  "hienTaiPB": 0.8161916086029002,
  "minPE": -1.6995,
  "maxPE": 12.095,
  "medianPE": 4.93,
  "hienTaiPE": 5.163661289931619,
  "minPS": 0.0597,
  "maxPS": 0.2074,
  "medianPS": 0.09,
  "hienTaiPS": 0.10577406009273117
}