{
  "minPB": 0.4087,
  "maxPB": 1.6285,
  "medianPB": 0.72,
  "hienTaiPB": 0.8794622759364583,
  "minPE": -1.6995,
  "maxPE": 12.095,
  "medianPE": 4.93,
  "hienTaiPE": 5.563945110856552,
  "minPS": 0.0597,
  "maxPS": 0.2296,
  "medianPS": 0.09,
  "hienTaiPS": 0.11397359963480336
}