{
  "minPB": 0.2768,
  "maxPB": 1.7487,
  "medianPB": 0.61,
  "hienTaiPB": 0.6109329287580816,
  "minPE": -41.4714,
  "maxPE": 33.0293,
  "medianPE": 9.69,
  "hienTaiPE": 116.23492288786476,
  "minPS": 0.2717,
  "maxPS": 1.5765,
  "medianPS": 0.55,
  "hienTaiPS": 0.3847039619567033
}