{
  "minPB": 0.2768,
  "maxPB": 1.7487,
  "medianPB": 0.61,
  "hienTaiPB": 0.6237497034872721,
  "minPE": -41.4714,
  "maxPE": 33.0293,
  "medianPE": 9.69,
  "hienTaiPE": 118.67341777362415,
  "minPS": 0.2717,
  "maxPS": 1.5765,
  "medianPS": 0.55,
  "hienTaiPS": 0.39277467444530545
}