{
  "minPB": 0.5316,
  "maxPB": 0.7974,
  "medianPB": 0.59,
  "hienTaiPB": 0.7006503518624152,
  "minPE": -118.9013,
  "maxPE": 151.1867,
  "medianPE": -86.02,
  "hienTaiPE": 133.30438708818056,
  "minPS": 0.2717,
  "maxPS": 1.5765,
  "medianPS": 0.55,
  "hienTaiPS": 0.44119894937691845
}