{
  "minPB": 0.5316,
  "maxPB": 0.7974,
  "medianPB": 0.59,
  "hienTaiPB": 0.6128127223850295,
  "minPE": -118.9013,
  "maxPE": 151.1867,
  "medianPE": -85.29,
  "hienTaiPE": 116.5925688044428,
  "minPS": 0.2717,
  "maxPS": 1.5765,
  "medianPS": 0.55,
  "hienTaiPS": 0.3858876664550316
}