{
  "minPB": 0.5316,
  "maxPB": 0.7974,
  "medianPB": 0.59,
  "hienTaiPB": 0.598116154028891,
  "minPE": -118.9013,
  "maxPE": 151.1867,
  "medianPE": -85.08,
  "hienTaiPE": 113.79642800210536,
  "minPS": 0.2717,
  "maxPS": 1.5765,
  "medianPS": 0.55,
  "hienTaiPS": 0.3766332494681011
}