{
  "minPB": 0.2074,
  "maxPB": 1.1246,
  "medianPB": 0.78,
  "hienTaiPB": 0.9152951980534413,
  "minPE": -9.6904,
  "maxPE": 34.7541,
  "medianPE": 9.33,
  "hienTaiPE": 29.58667191845683,
  "minPS": 0.2165,
  "maxPS": 0.8104,
  "medianPS": 0.39,
  "hienTaiPS": 0.5214958796145324
}