{
  "minPB": 0.2078,
  "maxPB": 1.1297,
  "medianPB": 0.78,
  "hienTaiPB": 1.1094487249132623,
  "minPE": -9.6904,
  "maxPE": 35.4257,
  "medianPE": 9.33,
  "hienTaiPE": 35.86263262843252,
  "minPS": 0.2148,
  "maxPS": 0.8129,
  "medianPS": 0.39,
  "hienTaiPS": 0.6321162177145847
}