{
  "minPB": 0.8209,
  "maxPB": 1.7097,
  "medianPB": 1.03,
  "hienTaiPB": 1.005408041764004,
  "minPE": -184.9655,
  "maxPE": 53.8398,
  "medianPE": 13,
  "hienTaiPE": 21.90584786417323,
  "minPS": 0.3362,
  "maxPS": 1.0042,
  "medianPS": 0.7,
  "hienTaiPS": 0.750532886743177
}