{
  "minPB": 0.3619,
  "maxPB": 1.179,
  "medianPB": 0.71,
  "hienTaiPB": 0.3817994356135644,
  "minPE": -18.6477,
  "maxPE": 28.0921,
  "medianPE": 9.12,
  "hienTaiPE": 12.216453055054115,
  "minPS": 0.1057,
  "maxPS": 0.354,
  "medianPS": 0.13,
  "hienTaiPS": 0.11251977243126747
}