{
  "minPB": 1.14,
  "maxPB": 1.1413,
  "medianPB": 1.14,
  "hienTaiPB": 1.1413257301904702,
  "minPE": -245.9227,
  "maxPE": -23.4097,
  "medianPE": -23.41,
  "hienTaiPE": -245.9227,
  "minPS": 6.6312,
  "maxPS": 83.6443,
  "medianPS": 11.38,
  "hienTaiPS": 55.20469713973765
}