{
  "minPB": 0.5646,
  "maxPB": 1.14,
  "medianPB": 1.06,
  "hienTaiPB": 1.1413257301904702,
  "minPE": -2535.3356,
  "maxPE": 1299.8485,
  "medianPE": -63.19,
  "hienTaiPE": -245.9227,
  "minPS": 6.6312,
  "maxPS": 83.6442,
  "medianPS": 11.38,
  "hienTaiPS": 55.20469713973765
}