{
  "minPB": 0.8637,
  "maxPB": 1.9196,
  "medianPB": 1.09,
  "hienTaiPB": 2.3982251742482252,
  "minPE": 0,
  "maxPE": 17.1834,
  "medianPE": 7.49,
  "hienTaiPE": 30.439504861932956,
  "minPS": 0.2355,
  "maxPS": 0.8908,
  "medianPS": 0.37,
  "hienTaiPS": 1.106385275743312
}