{
  "minPB": 0.4865,
  "maxPB": 1.5369,
  "medianPB": 0.79,
  "hienTaiPB": 0.6221127372961825,
  "minPE": -22.7775,
  "maxPE": 0,
  "medianPE": -8.92,
  "hienTaiPE": -6.338,
  "minPS": 2.9874,
  "maxPS": 21.3927,
  "medianPS": 8.79,
  "hienTaiPS": 48.245616319471125
}