{
  "minPB": 0.4325,
  "maxPB": 0.6874,
  "medianPB": 0.57,
  "hienTaiPB": 0.6874173892775498,
  "minPE": -5.9174,
  "maxPE": -3.7871,
  "medianPE": -4.97,
  "hienTaiPE": -6.338,
  "minPS": 3.038,
  "maxPS": 21.3767,
  "medianPS": 10.59,
  "hienTaiPS": 53.31007328118356
}