{
  "minPB": 0.4865,
  "maxPB": 1.5369,
  "medianPB": 0.78,
  "hienTaiPB": 0.7149140848486518,
  "minPE": -22.7775,
  "maxPE": 0,
  "medianPE": -8.82,
  "hienTaiPE": -6.4648,
  "minPS": 2.9874,
  "maxPS": 43.3624,
  "medianPS": 9.52,
  "hienTaiPS": 55.442476212430904
}