{
  "minPB": 0.4865,
  "maxPB": 1.5369,
  "medianPB": 0.79,
  "hienTaiPB": 0.5499339114220398,
  "minPE": -22.7775,
  "maxPE": 0,
  "medianPE": -8.92,
  "hienTaiPE": -5.4507,
  "minPS": 2.9874,
  "maxPS": 21.3927,
  "medianPS": 9.15,
  "hienTaiPS": 42.64805862494685
}