{
  "minPB": 1.404,
  "maxPB": 1.7561,
  "medianPB": 1.45,
  "hienTaiPB": 1.5628946412692075,
  "minPE": 14.8737,
  "maxPE": 19.2372,
  "medianPE": 15.34,
  "hienTaiPE": 18.13238269524961,
  "minPS": 2.4417,
  "maxPS": 15.7794,
  "medianPS": 6.05,
  "hienTaiPS": 5.78295723088299
}