{
  "minPB": 1.1261,
  "maxPB": 4.3458,
  "medianPB": 1.85,
  "hienTaiPB": 1.3125084196705232,
  "minPE": 3.8554,
  "maxPE": 17.1604,
  "medianPE": 10.43,
  "hienTaiPE": 15.22745316784528,
  "minPS": 2.4638,
  "maxPS": 15.7687,
  "medianPS": 6.14,
  "hienTaiPS": 4.85648863058649
}