{
  "minPB": 1.1261,
  "maxPB": 4.3458,
  "medianPB": 1.85,
  "hienTaiPB": 1.365008756457344,
  "minPE": 3.8554,
  "maxPE": 17.1604,
  "medianPE": 10.42,
  "hienTaiPE": 15.83655129455909,
  "minPS": 2.4638,
  "maxPS": 15.7687,
  "medianPS": 6.14,
  "hienTaiPS": 5.050748175809949
}