{
  "minPB": 1.404,
  "maxPB": 1.7561,
  "medianPB": 1.45,
  "hienTaiPB": 1.4336630430247252,
  "minPE": 14.8737,
  "maxPE": 19.2372,
  "medianPE": 15.34,
  "hienTaiPE": 16.633064229492536,
  "minPS": 2.4459,
  "maxPS": 15.7741,
  "medianPS": 6.05,
  "hienTaiPS": 5.3047798887944735
}