{
  "minPB": 1.1261,
  "maxPB": 4.3458,
  "medianPB": 1.84,
  "hienTaiPB": 1.5709716161594878,
  "minPE": 3.8554,
  "maxPE": 17.1604,
  "medianPE": 10.44,
  "hienTaiPE": 18.22609009935943,
  "minPS": 2.4638,
  "maxPS": 15.7687,
  "medianPS": 6.15,
  "hienTaiPS": 5.812843314763522
}