{
  "minPB": 1.404,
  "maxPB": 1.7561,
  "medianPB": 1.44,
  "hienTaiPB": 1.4377015304698653,
  "minPE": 14.8737,
  "maxPE": 19.2372,
  "medianPE": 15.34,
  "hienTaiPE": 16.679917931547443,
  "minPS": 2.4501,
  "maxPS": 15.7687,
  "medianPS": 6.05,
  "hienTaiPS": 5.31972293073474
}