{
  "minPB": 1.404,
  "maxPB": 1.7561,
  "medianPB": 1.44,
  "hienTaiPB": 1.4366919086085803,
  "minPE": 14.8737,
  "maxPE": 19.2372,
  "medianPE": 15.34,
  "hienTaiPE": 16.668204506033717,
  "minPS": 2.4501,
  "maxPS": 15.7687,
  "medianPS": 6.05,
  "hienTaiPS": 5.315987170249673
}