{
  "minPB": 1.1261,
  "maxPB": 4.3458,
  "medianPB": 1.85,
  "hienTaiPB": 1.308469932225383,
  "minPE": 3.8554,
  "maxPE": 17.1604,
  "medianPE": 10.43,
  "hienTaiPE": 15.18059946579037,
  "minPS": 2.4638,
  "maxPS": 15.7687,
  "medianPS": 6.15,
  "hienTaiPS": 4.841545588646224
}