{
  "minPB": 0.2806,
  "maxPB": 1.5832,
  "medianPB": 0.54,
  "hienTaiPB": 0.6633438362214307,
  "minPE": -128.9798,
  "maxPE": 57.639,
  "medianPE": 4.42,
  "hienTaiPE": 31.031810048775906,
  "minPS": 0.2827,
  "maxPS": 26.6396,
  "medianPS": 2.99,
  "hienTaiPS": 25.55830769446052
}