{
  "minPB": 0.2806,
  "maxPB": 1.5832,
  "medianPB": 0.54,
  "hienTaiPB": 0.5812155517368727,
  "minPE": -128.9798,
  "maxPE": 57.639,
  "medianPE": 4.4,
  "hienTaiPE": 27.189776423689366,
  "minPS": 0.2827,
  "maxPS": 26.7529,
  "medianPS": 2.98,
  "hienTaiPS": 22.393945789432074
}