{
  "minPB": 0.2806,
  "maxPB": 1.5864,
  "medianPB": 0.54,
  "hienTaiPB": 0.5606834806157331,
  "minPE": -128.9798,
  "maxPE": 57.6803,
  "medianPE": 4.39,
  "hienTaiPE": 26.22926801741773,
  "minPS": 0.2827,
  "maxPS": 26.7529,
  "medianPS": 2.98,
  "hienTaiPS": 21.602855313174963
}