{
  "minPB": 0.2805,
  "maxPB": 1.5895,
  "medianPB": 0.54,
  "hienTaiPB": 0.5519968351414049,
  "minPE": -128.9797,
  "maxPE": 57.7215,
  "medianPE": 4.38,
  "hienTaiPE": 25.822899076302807,
  "minPS": 0.2827,
  "maxPS": 26.8859,
  "medianPS": 3.12,
  "hienTaiPS": 21.268163188604646
}