{
  "minPB": 0.2806,
  "maxPB": 1.5832,
  "medianPB": 0.54,
  "hienTaiPB": 0.621489998936031,
  "minPE": -128.9798,
  "maxPE": 57.639,
  "medianPE": 4.42,
  "hienTaiPE": 29.073850605222187,
  "minPS": 0.2827,
  "maxPS": 26.6396,
  "medianPS": 2.99,
  "hienTaiPS": 23.945700185167176
}