{
  "minPB": 0.2806,
  "maxPB": 1.5832,
  "medianPB": 0.54,
  "hienTaiPB": 0.6041167079873744,
  "minPE": -128.9798,
  "maxPE": 57.639,
  "medianPE": 4.4,
  "hienTaiPE": 28.261112722992344,
  "minPS": 0.2827,
  "maxPS": 26.7529,
  "medianPS": 2.98,
  "hienTaiPS": 23.276315936026545
}