{
  "minPB": 0.2805,
  "maxPB": 1.5895,
  "medianPB": 0.54,
  "hienTaiPB": 0.5369926293221106,
  "minPE": -128.9798,
  "maxPE": 57.7215,
  "medianPE": 4.38,
  "hienTaiPE": 25.120989087104306,
  "minPS": 0.2827,
  "maxPS": 26.7529,
  "medianPS": 2.98,
  "hienTaiPS": 20.690058609801373
}