{
  "minPB": 0.5121,
  "maxPB": 1.5067,
  "medianPB": 1.02,
  "hienTaiPB": 0.6543814547712968,
  "minPE": -4232.8749,
  "maxPE": 2178.1651,
  "medianPE": 161.89,
  "hienTaiPE": 136.38407446455656,
  "minPS": 0.5351,
  "maxPS": 1.5949,
  "medianPS": 1.06,
  "hienTaiPS": 0.5728004119689364
}