{
  "minPB": 0.8444,
  "maxPB": 2.312,
  "medianPB": 1.34,
  "hienTaiPB": 1.6312796982885185,
  "minPE": 8.5454,
  "maxPE": 31.1077,
  "medianPE": 13.22,
  "hienTaiPE": 14.570579066195789,
  "minPS": 0.613,
  "maxPS": 1.5381,
  "medianPS": 0.86,
  "hienTaiPS": 1.4935851943525793
}