{
  "minPB": 0.8444,
  "maxPB": 2.312,
  "medianPB": 1.34,
  "hienTaiPB": 1.6778876896681902,
  "minPE": 8.5454,
  "maxPE": 31.1077,
  "medianPE": 13.21,
  "hienTaiPE": 14.986881325229954,
  "minPS": 0.6161,
  "maxPS": 1.5076,
  "medianPS": 0.84,
  "hienTaiPS": 1.5362590570483672
}