{
  "minPB": 0.8444,
  "maxPB": 2.312,
  "medianPB": 1.34,
  "hienTaiPB": 1.7524604758756654,
  "minPE": 8.5454,
  "maxPE": 31.1077,
  "medianPE": 13.21,
  "hienTaiPE": 15.652964939684619,
  "minPS": 0.6166,
  "maxPS": 1.5051,
  "medianPS": 0.84,
  "hienTaiPS": 1.604537237361628
}