{
  "minPB": 0.8444,
  "maxPB": 2.312,
  "medianPB": 1.35,
  "hienTaiPB": 1.7291564801858295,
  "minPE": 8.5454,
  "maxPE": 31.1077,
  "medianPE": 13.22,
  "hienTaiPE": 15.444813810167535,
  "minPS": 0.6171,
  "maxPS": 1.505,
  "medianPS": 0.84,
  "hienTaiPS": 1.583200306013734
}