{
  "minPB": 0.8444,
  "maxPB": 2.312,
  "medianPB": 1.34,
  "hienTaiPB": 1.6126365017366495,
  "minPE": 8.5454,
  "maxPE": 31.1077,
  "medianPE": 13.24,
  "hienTaiPE": 14.404058162582123,
  "minPS": 0.6153,
  "maxPS": 1.5338,
  "medianPS": 0.86,
  "hienTaiPS": 1.4765156492742642
}