{
  "minPB": 0.8444,
  "maxPB": 2.312,
  "medianPB": 1.34,
  "hienTaiPB": 1.7105132836339607,
  "minPE": 8.5454,
  "maxPE": 31.1077,
  "medianPE": 13.21,
  "hienTaiPE": 15.278292906553869,
  "minPS": 0.6171,
  "maxPS": 1.505,
  "medianPS": 0.84,
  "hienTaiPS": 1.566130760935419
}