{
  "minPB": 0.8444,
  "maxPB": 2.312,
  "medianPB": 1.34,
  "hienTaiPB": 1.7198348819098952,
  "minPE": 8.5454,
  "maxPE": 31.1077,
  "medianPE": 13.22,
  "hienTaiPE": 15.361553358360702,
  "minPS": 0.6171,
  "maxPS": 1.505,
  "medianPS": 0.84,
  "hienTaiPS": 1.5746655334745765
}