{
  "minPB": 0.5244,
  "maxPB": 1.4983,
  "medianPB": 0.89,
  "hienTaiPB": 0.5957717079051528,
  "minPE": 5.5971,
  "maxPE": 67.1427,
  "medianPE": 17.03,
  "hienTaiPE": 18.13071331530479,
  "minPS": 0.5624,
  "maxPS": 1.2644,
  "medianPS": 0.84,
  "hienTaiPS": 0.8332727156262979
}