{
  "minPB": 0.5244,
  "maxPB": 1.4983,
  "medianPB": 0.89,
  "hienTaiPB": 0.5893866854791289,
  "minPE": 5.5971,
  "maxPE": 67.1427,
  "medianPE": 17.03,
  "hienTaiPE": 17.936402290491134,
  "minPS": 0.5624,
  "maxPS": 1.2644,
  "medianPS": 0.83,
  "hienTaiPS": 0.8243423402733367
}