{
  "minPB": 0.5244,
  "maxPB": 1.4983,
  "medianPB": 0.89,
  "hienTaiPB": 0.5992097969037811,
  "minPE": 5.5971,
  "maxPE": 67.1427,
  "medianPE": 17.03,
  "hienTaiPE": 18.235342328665986,
  "minPS": 0.5621,
  "maxPS": 1.2753,
  "medianPS": 0.84,
  "hienTaiPS": 0.8380813792778924
}