{
  "minPB": 0.557,
  "maxPB": 0.6391,
  "medianPB": 0.59,
  "hienTaiPB": 0.5513319518200265,
  "minPE": 16.9499,
  "maxPE": 25.0375,
  "medianPE": 22.9,
  "hienTaiPE": 16.778308582601756,
  "minPS": 0.4207,
  "maxPS": 1.2248,
  "medianPS": 0.79,
  "hienTaiPS": 0.7711173031696884
}