{
  "minPB": 0.558,
  "maxPB": 0.6391,
  "medianPB": 0.59,
  "hienTaiPB": 0.5854574409092681,
  "minPE": 16.9798,
  "maxPE": 25.0375,
  "medianPE": 22.96,
  "hienTaiPE": 17.816826275221196,
  "minPS": 0.4207,
  "maxPS": 1.2248,
  "medianPS": 0.79,
  "hienTaiPS": 0.8188467246715145
}