{
  "minPB": 0.5244,
  "maxPB": 1.4983,
  "medianPB": 0.89,
  "hienTaiPB": 0.5913513077640593,
  "minPE": 5.5971,
  "maxPE": 67.1427,
  "medianPE": 17.03,
  "hienTaiPE": 17.996190298126105,
  "minPS": 0.5623,
  "maxPS": 1.2699,
  "medianPS": 0.84,
  "hienTaiPS": 0.827090148074248
}