{
  "minPB": 0.557,
  "maxPB": 0.6391,
  "medianPB": 0.59,
  "hienTaiPB": 0.6016655747599441,
  "minPE": 16.9499,
  "maxPE": 25.0375,
  "medianPE": 22.83,
  "hienTaiPE": 18.3100773382097,
  "minPS": 0.4207,
  "maxPS": 1.2248,
  "medianPS": 0.79,
  "hienTaiPS": 0.8415161390290313
}