{
  "minPB": 0.5244,
  "maxPB": 1.4983,
  "medianPB": 0.89,
  "hienTaiPB": 0.5834928186243377,
  "minPE": 5.5971,
  "maxPE": 67.1427,
  "medianPE": 17.03,
  "hienTaiPE": 17.757038267586225,
  "minPS": 0.5624,
  "maxPS": 1.2644,
  "medianPS": 0.84,
  "hienTaiPS": 0.8160989168706034
}