{
  "minPB": 0.557,
  "maxPB": 0.6391,
  "medianPB": 0.59,
  "hienTaiPB": 0.6103492052593366,
  "minPE": 16.9499,
  "maxPE": 25.0375,
  "medianPE": 22.83,
  "hienTaiPE": 18.57434033195627,
  "minPS": 0.4207,
  "maxPS": 1.2248,
  "medianPS": 0.79,
  "hienTaiPS": 0.8536614495090585
}