{
  "minPB": 0.529,
  "maxPB": 4.007,
  "medianPB": 1.01,
  "hienTaiPB": 0.5447038524151385,
  "minPE": -104.9253,
  "maxPE": 312.854,
  "medianPE": 13.81,
  "hienTaiPE": 6.434810297734428,
  "minPS": 0.1743,
  "maxPS": 1.8299,
  "medianPS": 0.49,
  "hienTaiPS": 0.4318896345345086
}