{
  "minPB": 0.4485,
  "maxPB": 3.7313,
  "medianPB": 0.99,
  "hienTaiPB": 0.5217689533660801,
  "minPE": -104.9253,
  "maxPE": 307.6398,
  "medianPE": 12.6,
  "hienTaiPE": 6.1638709167771895,
  "minPS": 0.1383,
  "maxPS": 1.7039,
  "medianPS": 0.49,
  "hienTaiPS": 0.41370480781726615
}