{
  "minPB": 0.529,
  "maxPB": 4.007,
  "medianPB": 1.01,
  "hienTaiPB": 0.567638751464197,
  "minPE": -104.9253,
  "maxPE": 312.854,
  "medianPE": 13.88,
  "hienTaiPE": 6.705749678691667,
  "minPS": 0.1743,
  "maxPS": 1.8299,
  "medianPS": 0.49,
  "hienTaiPS": 0.4500744612517511
}