{
  "minPB": 0.529,
  "maxPB": 4.007,
  "medianPB": 1.01,
  "hienTaiPB": 0.5389701276528739,
  "minPE": -104.9253,
  "maxPE": 312.854,
  "medianPE": 13.77,
  "hienTaiPE": 6.3670754524951185,
  "minPS": 0.1743,
  "maxPS": 1.7997,
  "medianPS": 0.49,
  "hienTaiPS": 0.427343427855198
}