{
  "minPB": 1.7046,
  "maxPB": 4.803,
  "medianPB": 2.63,
  "hienTaiPB": 2.5919373276074587,
  "minPE": -690.0443,
  "maxPE": 178.2649,
  "medianPE": 14.19,
  "hienTaiPE": 420.4012603621638,
  "minPS": 0.9498,
  "maxPS": 2.3862,
  "medianPS": 1.31,
  "hienTaiPS": 1.4860394935637793
}