{
  "minPB": 1.7046,
  "maxPB": 4.803,
  "medianPB": 2.63,
  "hienTaiPB": 2.6334269313984366,
  "minPE": -690.0443,
  "maxPE": 177.7585,
  "medianPE": 14.19,
  "hienTaiPE": 427.1306984314687,
  "minPS": 0.9498,
  "maxPS": 2.3862,
  "medianPS": 1.31,
  "hienTaiPS": 1.5098267931828713
}