{
  "minPB": 1.7046,
  "maxPB": 4.803,
  "medianPB": 2.63,
  "hienTaiPB": 2.554949308314597,
  "minPE": -690.0443,
  "maxPE": 178.5979,
  "medianPE": 14.2,
  "hienTaiPE": 414.4019602388956,
  "minPS": 0.9498,
  "maxPS": 2.3862,
  "medianPS": 1.31,
  "hienTaiPS": 1.4648330944458545
}