{
  "minPB": 1.7046,
  "maxPB": 4.803,
  "medianPB": 2.63,
  "hienTaiPB": 2.6934480580399964,
  "minPE": -690.0443,
  "maxPE": 179.308,
  "medianPE": 14.22,
  "hienTaiPE": 436.8658710452914,
  "minPS": 0.9498,
  "maxPS": 2.3862,
  "medianPS": 1.31,
  "hienTaiPS": 1.544238799865102
}