{
  "minPB": 1.7046,
  "maxPB": 4.803,
  "medianPB": 2.63,
  "hienTaiPB": 2.5623769227364903,
  "minPE": -690.0443,
  "maxPE": 177.886,
  "medianPE": 14.19,
  "hienTaiPE": 415.60668784985614,
  "minPS": 0.9498,
  "maxPS": 2.3862,
  "medianPS": 1.31,
  "hienTaiPS": 1.4690915802727806
}