{
  "minPB": 1.7046,
  "maxPB": 4.803,
  "medianPB": 2.63,
  "hienTaiPB": 2.520887318945512,
  "minPE": -690.0443,
  "maxPE": 178.7214,
  "medianPE": 14.22,
  "hienTaiPE": 408.87724978055127,
  "minPS": 0.9498,
  "maxPS": 2.3862,
  "medianPS": 1.31,
  "hienTaiPS": 1.4453042806536887
}