{
  "minPB": 1.7046,
  "maxPB": 4.803,
  "medianPB": 2.63,
  "hienTaiPB": 2.513384678115317,
  "minPE": -690.0443,
  "maxPE": 180.9151,
  "medianPE": 14.24,
  "hienTaiPE": 407.66035320382343,
  "minPS": 0.9498,
  "maxPS": 2.3862,
  "medianPS": 1.31,
  "hienTaiPS": 1.4410027798184097
}