{
  "minPB": 1.7614,
  "maxPB": 2.1232,
  "medianPB": 1.83,
  "hienTaiPB": 2.2282843265679078,
  "minPE": -60.2825,
  "maxPE": 344.3817,
  "medianPE": -55.31,
  "hienTaiPE": 361.4182832881658,
  "minPS": 0.9461,
  "maxPS": 2.3611,
  "medianPS": 1.3,
  "hienTaiPS": 1.277545748077814
}