{
  "minPB": 1.7614,
  "maxPB": 2.4537,
  "medianPB": 1.83,
  "hienTaiPB": 2.542194818903266,
  "minPE": -60.2825,
  "maxPE": 397.986,
  "medianPE": -55.24,
  "hienTaiPE": 412.3332360584583,
  "minPS": 0.9461,
  "maxPS": 2.3611,
  "medianPS": 1.3,
  "hienTaiPS": 1.4575205430258806
}