{
  "minPB": 1.0938,
  "maxPB": 2.4075,
  "medianPB": 1.56,
  "hienTaiPB": 1.3847163284803095,
  "minPE": -193.1338,
  "maxPE": 20.6294,
  "medianPE": 12.21,
  "hienTaiPE": 6.693297353745599,
  "minPS": 0.0854,
  "maxPS": 0.1679,
  "medianPS": 0.12,
  "hienTaiPS": 0.12256660148797299
}