{
  "minPB": 1.3311,
  "maxPB": 1.6078,
  "medianPB": 1.53,
  "hienTaiPB": 1.200087484682935,
  "minPE": 6.8107,
  "maxPE": 10.0912,
  "medianPE": 9.6,
  "hienTaiPE": 5.800857706579519,
  "minPS": 0.0858,
  "maxPS": 0.1644,
  "medianPS": 0.12,
  "hienTaiPS": 0.10622438795624327
}