{
  "minPB": 1.0938,
  "maxPB": 2.4075,
  "medianPB": 1.56,
  "hienTaiPB": 1.5061826730838455,
  "minPE": -193.1338,
  "maxPE": 20.6294,
  "medianPE": 12.09,
  "hienTaiPE": 7.2804287005653885,
  "minPS": 0.0854,
  "maxPS": 0.1679,
  "medianPS": 0.12,
  "hienTaiPS": 0.1333180577588478
}