{
  "minPB": 1.0938,
  "maxPB": 2.4075,
  "medianPB": 1.56,
  "hienTaiPB": 1.647083632823947,
  "minPE": -193.1338,
  "maxPE": 20.6294,
  "medianPE": 12.06,
  "hienTaiPE": 7.961501062876344,
  "minPS": 0.0854,
  "maxPS": 0.1679,
  "medianPS": 0.12,
  "hienTaiPS": 0.1457897470330626
}