{
  "minPB": 1.0938,
  "maxPB": 2.4075,
  "medianPB": 1.56,
  "hienTaiPB": 1.5499105571411185,
  "minPE": -193.1338,
  "maxPE": 20.6294,
  "medianPE": 12.21,
  "hienTaiPE": 7.491795985420513,
  "minPS": 0.0854,
  "maxPS": 0.1679,
  "medianPS": 0.12,
  "hienTaiPS": 0.13718858201636275
}