{
  "minPB": 1.3311,
  "maxPB": 1.6078,
  "medianPB": 1.53,
  "hienTaiPB": 1.4090095974010168,
  "minPE": 8.3547,
  "maxPE": 10.0912,
  "medianPE": 9.6,
  "hienTaiPE": 6.810723623109557,
  "minPS": 0.0858,
  "maxPS": 0.1644,
  "medianPS": 0.12,
  "hienTaiPS": 0.12471689274214796
}