{
  "minPB": 0.8304,
  "maxPB": 3.3236,
  "medianPB": 1.37,
  "hienTaiPB": 1.2014131936032255,
  "minPE": -23.7274,
  "maxPE": 228.2777,
  "medianPE": 10.34,
  "hienTaiPE": -23.7274,
  "minPS": 0.2435,
  "maxPS": 0.6845,
  "medianPS": 0.43,
  "hienTaiPS": 0.38689244431886843
}