{
  "minPB": 0.8304,
  "maxPB": 3.3236,
  "medianPB": 1.37,
  "hienTaiPB": 1.1916937059307406,
  "minPE": -23.7274,
  "maxPE": 228.2777,
  "medianPE": 10.34,
  "hienTaiPE": -23.6459,
  "minPS": 0.2435,
  "maxPS": 0.6845,
  "medianPS": 0.43,
  "hienTaiPS": 0.38376246675315123
}