{
  "minPB": 1.1064,
  "maxPB": 1.1968,
  "medianPB": 1.14,
  "hienTaiPB": 1.175871411398699,
  "minPE": 103.9077,
  "maxPE": 112.3714,
  "medianPE": 106.17,
  "hienTaiPE": 104.36896596554078,
  "minPS": 0.1843,
  "maxPS": 0.7083,
  "medianPS": 0.39,
  "hienTaiPS": 0.41698288592303046
}