{
  "minPB": 0.8304,
  "maxPB": 3.3388,
  "medianPB": 1.37,
  "hienTaiPB": 1.225500619574166,
  "minPE": -22.9864,
  "maxPE": 228.3053,
  "medianPE": 10.34,
  "hienTaiPE": 103.6125,
  "minPS": 0.2435,
  "maxPS": 0.6845,
  "medianPS": 0.43,
  "hienTaiPS": 0.39464934524260237
}