{
  "minPB": 0.8304,
  "maxPB": 3.3236,
  "medianPB": 1.37,
  "hienTaiPB": 1.1832419775198844,
  "minPE": -23.7274,
  "maxPE": 228.2777,
  "medianPE": 10.33,
  "hienTaiPE": -23.606,
  "minPS": 0.2435,
  "maxPS": 0.6845,
  "medianPS": 0.42,
  "hienTaiPS": 0.38104074713078845
}