{
  "minPB": 0.8117,
  "maxPB": 1.9481,
  "medianPB": 0.98,
  "hienTaiPB": 0.8121125472828086,
  "minPE": 5.1231,
  "maxPE": 13.2223,
  "medianPE": 6.41,
  "hienTaiPE": 5.417278073231816,
  "minPS": 1.2828,
  "maxPS": 4.181,
  "medianPS": 1.75,
  "hienTaiPS": 2.919048440974302
}