{
  "minPB": 0.8228,
  "maxPB": 1.9481,
  "medianPB": 0.98,
  "hienTaiPB": 0.7979888508083249,
  "minPE": 5.1231,
  "maxPE": 13.2223,
  "medianPE": 6.43,
  "hienTaiPE": 5.323064541523436,
  "minPS": 1.2799,
  "maxPS": 4.1798,
  "medianPS": 2.39,
  "hienTaiPS": 2.8682823811312708
}