{
  "minPB": 0.8154,
  "maxPB": 1.9481,
  "medianPB": 0.98,
  "hienTaiPB": 0.8050506990455668,
  "minPE": 5.1231,
  "maxPE": 13.2223,
  "medianPE": 6.41,
  "hienTaiPE": 5.3701713073776265,
  "minPS": 1.2828,
  "maxPS": 4.181,
  "medianPS": 1.77,
  "hienTaiPS": 2.8936654110527864
}