{
  "minPB": 0.8117,
  "maxPB": 1.9481,
  "medianPB": 0.98,
  "hienTaiPB": 0.8156434714014295,
  "minPE": 5.1231,
  "maxPE": 13.2223,
  "medianPE": 6.41,
  "hienTaiPE": 5.440831456158911,
  "minPS": 1.2828,
  "maxPS": 4.181,
  "medianPS": 1.75,
  "hienTaiPS": 2.93173995593506
}