{
  "minPB": 0.8228,
  "maxPB": 1.9481,
  "medianPB": 0.98,
  "hienTaiPB": 0.8015197749269458,
  "minPE": 5.1231,
  "maxPE": 13.2223,
  "medianPE": 6.43,
  "hienTaiPE": 5.346617924450531,
  "minPS": 1.2799,
  "maxPS": 4.1798,
  "medianPS": 2.38,
  "hienTaiPS": 2.8809738960920286
}