{
  "minPB": 1.2218,
  "maxPB": 3.1019,
  "medianPB": 1.92,
  "hienTaiPB": 2.547225552130738,
  "minPE": 3.6885,
  "maxPE": 13.9548,
  "medianPE": 8.95,
  "hienTaiPE": 11.144148843885402,
  "minPS": 0.3532,
  "maxPS": 1.0756,
  "medianPS": 0.64,
  "hienTaiPS": 0.8651533899464463
}