{
  "minPB": 1.2218,
  "maxPB": 3.1019,
  "medianPB": 1.92,
  "hienTaiPB": 2.5346776430069413,
  "minPE": 3.6885,
  "maxPE": 13.9548,
  "medianPE": 8.96,
  "hienTaiPE": 11.089251558940154,
  "minPS": 0.3532,
  "maxPS": 1.0756,
  "medianPS": 0.64,
  "hienTaiPS": 0.8608915505871042
}