{
  "minPB": 1.2218,
  "maxPB": 3.1019,
  "medianPB": 1.92,
  "hienTaiPB": 2.2335278240358196,
  "minPE": 3.6885,
  "maxPE": 13.9548,
  "medianPE": 8.94,
  "hienTaiPE": 9.771716720254195,
  "minPS": 0.3538,
  "maxPS": 1.0671,
  "medianPS": 0.65,
  "hienTaiPS": 0.7586074059628938
}