{
  "minPB": 1.2218,
  "maxPB": 3.1019,
  "medianPB": 1.92,
  "hienTaiPB": 2.517947097508546,
  "minPE": 3.6885,
  "maxPE": 13.9548,
  "medianPE": 8.95,
  "hienTaiPE": 11.016055179013156,
  "minPS": 0.3532,
  "maxPS": 1.0756,
  "medianPS": 0.64,
  "hienTaiPS": 0.8552090981079814
}