{
  "minPB": 1.2218,
  "maxPB": 3.1016,
  "medianPB": 1.92,
  "hienTaiPB": 2.563956097629134,
  "minPE": 3.6952,
  "maxPE": 13.9548,
  "medianPE": 8.97,
  "hienTaiPE": 11.2173452238124,
  "minPS": 0.3535,
  "maxPS": 1.0732,
  "medianPS": 0.64,
  "hienTaiPS": 0.8708358424255691
}