{
  "minPB": 1.5985,
  "maxPB": 8.5866,
  "medianPB": 4.13,
  "hienTaiPB": 3.2199028316252027,
  "minPE": -477.2157,
  "maxPE": 234.8386,
  "medianPE": 29.94,
  "hienTaiPE": 48.71112081779477,
  "minPS": 1.1276,
  "maxPS": 9.3441,
  "medianPS": 2.31,
  "hienTaiPS": 1.170702977562982
}