{
  "minPB": 1.5985,
  "maxPB": 8.5866,
  "medianPB": 4.14,
  "hienTaiPB": 3.205634429121694,
  "minPE": -477.2157,
  "maxPE": 234.8386,
  "medianPE": 29.93,
  "hienTaiPE": 48.495266515795684,
  "minPS": 1.1274,
  "maxPS": 9.0968,
  "medianPS": 2.25,
  "hienTaiPS": 1.1655152243389215
}