{
  "minPB": 1.5985,
  "maxPB": 8.5866,
  "medianPB": 4.14,
  "hienTaiPB": 3.2674641733035665,
  "minPE": -477.2157,
  "maxPE": 234.8386,
  "medianPE": 29.93,
  "hienTaiPE": 49.43063515779174,
  "minPS": 1.1274,
  "maxPS": 9.0968,
  "medianPS": 2.25,
  "hienTaiPS": 1.1879954883098502
}