{
  "minPB": 1.5985,
  "maxPB": 8.5866,
  "medianPB": 4.14,
  "hienTaiPB": 3.2199028316252027,
  "minPE": -477.2157,
  "maxPE": 234.8386,
  "medianPE": 29.93,
  "hienTaiPE": 48.71112081779477,
  "minPS": 1.1274,
  "maxPS": 9.0968,
  "medianPS": 2.25,
  "hienTaiPS": 1.170702977562982
}