{
  "minPB": 1.5985,
  "maxPB": 8.5866,
  "medianPB": 4.13,
  "hienTaiPB": 3.2389273682965483,
  "minPE": -477.2157,
  "maxPE": 234.8386,
  "medianPE": 29.94,
  "hienTaiPE": 48.99892655379356,
  "minPS": 1.1276,
  "maxPS": 9.3441,
  "medianPS": 2.32,
  "hienTaiPS": 1.1776199818617292
}