{
  "minPB": 0.7252,
  "maxPB": 2.1924,
  "medianPB": 1.23,
  "hienTaiPB": 1.8226342839235345,
  "minPE": -408.5149,
  "maxPE": 429.9019,
  "medianPE": 42.03,
  "hienTaiPE": -15.139,
  "minPS": 0.7842,
  "maxPS": 4.9775,
  "medianPS": 2.48,
  "hienTaiPS": 1.5464185597004831
}