{
  "minPB": 0.9754,
  "maxPB": 1.3201,
  "medianPB": 1.06,
  "hienTaiPB": 1.435335794042708,
  "minPE": -7.3572,
  "maxPE": -5.2442,
  "medianPE": -5.69,
  "hienTaiPE": -8.5949,
  "minPS": 0.7878,
  "maxPS": 4.9474,
  "medianPS": 2.48,
  "hienTaiPS": 1.2178141994190617
}