{
  "minPB": 0.9754,
  "maxPB": 1.1456,
  "medianPB": 1.06,
  "hienTaiPB": 1.1566543794854358,
  "minPE": -7.274,
  "maxPE": -5.2442,
  "medianPE": -5.69,
  "hienTaiPE": -7.3572,
  "minPS": 0.7878,
  "maxPS": 4.9474,
  "medianPS": 2.48,
  "hienTaiPS": 0.9813662649561816
}