{
  "minPB": 0.7252,
  "maxPB": 2.1924,
  "medianPB": 1.23,
  "hienTaiPB": 2.1145087874968125,
  "minPE": -408.5149,
  "maxPE": 429.9019,
  "medianPE": 41.99,
  "hienTaiPE": -15.2524,
  "minPS": 0.7842,
  "maxPS": 4.9775,
  "medianPS": 2.48,
  "hienTaiPS": 1.7940602031230195
}