{
  "minPB": 0.7252,
  "maxPB": 2.1924,
  "medianPB": 1.23,
  "hienTaiPB": 1.7620906562473437,
  "minPE": -408.5149,
  "maxPE": 429.9019,
  "medianPE": 42.06,
  "hienTaiPE": -11.55,
  "minPS": 0.7842,
  "maxPS": 4.9775,
  "medianPS": 2.48,
  "hienTaiPS": 1.4950501692691829
}