{
  "minPB": 0.7252,
  "maxPB": 2.1924,
  "medianPB": 1.23,
  "hienTaiPB": 2.039235889206862,
  "minPE": -408.5149,
  "maxPE": 429.9019,
  "medianPE": 42.06,
  "hienTaiPE": -14.9391,
  "minPS": 0.7842,
  "maxPS": 4.9775,
  "medianPS": 2.48,
  "hienTaiPS": 1.730194726661418
}