{
  "minPB": 0.2452,
  "maxPB": 1.606,
  "medianPB": 0.51,
  "hienTaiPB": 0.6089940142778124,
  "minPE": 3.2369,
  "maxPE": 32.0952,
  "medianPE": 11.13,
  "hienTaiPE": 30.154191270685914,
  "minPS": 0.3107,
  "maxPS": 2.5848,
  "medianPS": 1.03,
  "hienTaiPS": 0.40570928341343476
}