{
  "minPB": 0.2452,
  "maxPB": 1.606,
  "medianPB": 0.51,
  "hienTaiPB": 0.6179498086054273,
  "minPE": 3.2369,
  "maxPE": 32.0952,
  "medianPE": 11.13,
  "hienTaiPE": 30.597635259960708,
  "minPS": 0.3107,
  "maxPS": 2.5848,
  "medianPS": 1.03,
  "hienTaiPS": 0.41167559640480883
}