{
  "minPB": 0.2512,
  "maxPB": 1.6103,
  "medianPB": 0.51,
  "hienTaiPB": 0.6269056029330422,
  "minPE": 3.4231,
  "maxPE": 32.0952,
  "medianPE": 11.1,
  "hienTaiPE": 31.0410792492355,
  "minPS": 0.3127,
  "maxPS": 2.5776,
  "medianPS": 1.02,
  "hienTaiPS": 0.4176172549200199
}