{
  "minPB": 0.2452,
  "maxPB": 1.6103,
  "medianPB": 0.51,
  "hienTaiPB": 0.6000382199501975,
  "minPE": 3.2039,
  "maxPE": 32.3714,
  "medianPE": 11.1,
  "hienTaiPE": 29.710747281411123,
  "minPS": 0.3107,
  "maxPS": 2.5848,
  "medianPS": 1.03,
  "hienTaiPS": 0.39974297042206075
}