{
  "minPB": 0.2512,
  "maxPB": 1.6103,
  "medianPB": 0.51,
  "hienTaiPB": 0.6179498086054273,
  "minPE": 3.4231,
  "maxPE": 32.3714,
  "medianPE": 11.13,
  "hienTaiPE": 30.597635259960708,
  "minPS": 0.3127,
  "maxPS": 2.5848,
  "medianPS": 1.03,
  "hienTaiPS": 0.41165129413544815
}