{
  "minPB": 0.4656,
  "maxPB": 1.5315,
  "medianPB": 0.83,
  "hienTaiPB": 1.6757454127769493,
  "minPE": 33.9559,
  "maxPE": 111.6841,
  "medianPE": 60.31,
  "hienTaiPE": 123.75392949134722,
  "minPS": 0.1274,
  "maxPS": 1.0994,
  "medianPS": 0.34,
  "hienTaiPS": 1.2368552591503308
}