{
  "minPB": 0.4656,
  "maxPB": 1.905,
  "medianPB": 0.9,
  "hienTaiPB": 1.9049699393142125,
  "minPE": 33.9559,
  "maxPE": 124.1206,
  "medianPE": 60.04,
  "hienTaiPE": 55.72704184517689,
  "minPS": 0.1274,
  "maxPS": 1.1363,
  "medianPS": 0.34,
  "hienTaiPS": 1.4027371953378407
}