{
  "minPB": 0.1255,
  "maxPB": 1.3402,
  "medianPB": 0.41,
  "hienTaiPB": 2.6210486104720974,
  "minPE": -299.0395,
  "maxPE": 36.1942,
  "medianPE": 5.95,
  "hienTaiPE": 76.67485065229111,
  "minPS": 0.1274,
  "maxPS": 1.2055,
  "medianPS": 0.33,
  "hienTaiPS": 1.9300264538669636
}