{
  "minPB": 0.4656,
  "maxPB": 1.8995,
  "medianPB": 0.9,
  "hienTaiPB": 2.009914268444443,
  "minPE": 33.9559,
  "maxPE": 124.1206,
  "medianPE": 60.31,
  "hienTaiPE": 58.79703098262214,
  "minPS": 0.1274,
  "maxPS": 1.1236,
  "medianPS": 0.34,
  "hienTaiPS": 1.4800136451508734
}