{
  "minPB": 0.1255,
  "maxPB": 1.3169,
  "medianPB": 0.41,
  "hienTaiPB": 2.953491768214398,
  "minPE": -299.0395,
  "maxPE": 35.14,
  "medianPE": 5.95,
  "hienTaiPE": 86.39997721744695,
  "minPS": 0.1274,
  "maxPS": 1.1832,
  "medianPS": 0.33,
  "hienTaiPS": 2.1748231685429804
}