{
  "minPB": 0.1255,
  "maxPB": 1.3193,
  "medianPB": 0.41,
  "hienTaiPB": 3.040825926993019,
  "minPE": -299.0395,
  "maxPE": 35.2393,
  "medianPE": 5.95,
  "hienTaiPE": 88.9548072020721,
  "minPS": 0.1274,
  "maxPS": 1.1901,
  "medianPS": 0.33,
  "hienTaiPS": 2.2391322531190943
}