{
  "minPB": 0.7425,
  "maxPB": 0.8676,
  "medianPB": 0.81,
  "hienTaiPB": 0.791076858953696,
  "minPE": 9.4023,
  "maxPE": 12.75,
  "medianPE": 12.48,
  "hienTaiPE": 9.30227385154118,
  "minPS": 0.0285,
  "maxPS": 0.0792,
  "medianPS": 0.05,
  "hienTaiPS": 0.034186045314089114
}