{
  "minPB": 0.7425,
  "maxPB": 0.8676,
  "medianPB": 0.81,
  "hienTaiPB": 0.8506202784448343,
  "minPE": 9.4023,
  "maxPE": 12.75,
  "medianPE": 12.48,
  "hienTaiPE": 10.002445001657183,
  "minPS": 0.0285,
  "maxPS": 0.0792,
  "medianPS": 0.05,
  "hienTaiPS": 0.03675918850977324
}