{
  "minPB": 0.7687,
  "maxPB": 1.5381,
  "medianPB": 1.26,
  "hienTaiPB": 0.8336078728759376,
  "minPE": 6.0331,
  "maxPE": 45.2065,
  "medianPE": 13.07,
  "hienTaiPE": 9.802396101624039,
  "minPS": 0.0285,
  "maxPS": 0.0795,
  "medianPS": 0.05,
  "hienTaiPS": 0.03602400473957778
}