{
  "minPB": 0.7687,
  "maxPB": 1.5381,
  "medianPB": 1.26,
  "hienTaiPB": 0.842114075660386,
  "minPE": 6.0331,
  "maxPE": 45.2065,
  "medianPE": 13.13,
  "hienTaiPE": 9.902420551640612,
  "minPS": 0.0285,
  "maxPS": 0.0795,
  "medianPS": 0.05,
  "hienTaiPS": 0.03639159662467551
}