{
  "minPB": 0.7687,
  "maxPB": 1.5381,
  "medianPB": 1.26,
  "hienTaiPB": 0.7995830617381443,
  "minPE": 6.0331,
  "maxPE": 45.2065,
  "medianPE": 13.12,
  "hienTaiPE": 9.402298301557751,
  "minPS": 0.0285,
  "maxPS": 0.0795,
  "medianPS": 0.05,
  "hienTaiPS": 0.034553637199186846
}