{
  "minPB": 0.7687,
  "maxPB": 1.5381,
  "medianPB": 1.26,
  "hienTaiPB": 0.7682802354913744,
  "minPE": 6.0331,
  "maxPE": 45.2065,
  "medianPE": 13.12,
  "hienTaiPE": 9.034208325496767,
  "minPS": 0.0285,
  "maxPS": 0.0795,
  "medianPS": 0.05,
  "hienTaiPS": 0.033200899062027195
}