{
  "minPB": 0,
  "maxPB": 1.7987,
  "medianPB": 1.1,
  "hienTaiPB": 1.402645239975144,
  "minPE": 0,
  "maxPE": 23.3246,
  "medianPE": 7.5,
  "hienTaiPE": 10.914987695730495,
  "minPS": 0,
  "maxPS": 0.5828,
  "medianPS": 0.31,
  "hienTaiPS": 0.456437847282
}