{
  "minPB": 0,
  "maxPB": 1.7987,
  "medianPB": 1.1,
  "hienTaiPB": 1.6598989521103231,
  "minPE": 0,
  "maxPE": 23.3246,
  "medianPE": 7.48,
  "hienTaiPE": 12.916863168309888,
  "minPS": 0,
  "maxPS": 0.5828,
  "medianPS": 0.31,
  "hienTaiPS": 0.5401513389232402
}