{
  "minPB": 0,
  "maxPB": 1.7987,
  "medianPB": 1.1,
  "hienTaiPB": 1.751775277872887,
  "minPE": 0,
  "maxPE": 23.3246,
  "medianPE": 7.48,
  "hienTaiPE": 13.631818694231098,
  "minPS": 0,
  "maxPS": 0.5828,
  "medianPS": 0.31,
  "hienTaiPS": 0.5700490145093974
}