{
  "minPB": 0,
  "maxPB": 1.7987,
  "medianPB": 1.1,
  "hienTaiPB": 1.4087703283593147,
  "minPE": 0,
  "maxPE": 23.3246,
  "medianPE": 7.48,
  "hienTaiPE": 10.962651397458576,
  "minPS": 0,
  "maxPS": 0.5828,
  "medianPS": 0.31,
  "hienTaiPS": 0.45843102565441046
}