{
  "minPB": 0,
  "maxPB": 1.7987,
  "medianPB": 1.09,
  "hienTaiPB": 1.218892588450016,
  "minPE": 0,
  "maxPE": 23.3246,
  "medianPE": 7.46,
  "hienTaiPE": 9.485076643888073,
  "minPS": 0.0621,
  "maxPS": 0.5828,
  "medianPS": 0.32,
  "hienTaiPS": 0.3966424961096856
}