{
  "minPB": 0,
  "maxPB": 1.7987,
  "medianPB": 1.1,
  "hienTaiPB": 1.304643825828409,
  "minPE": 0,
  "maxPE": 23.3246,
  "medianPE": 7.48,
  "hienTaiPE": 10.152368468081203,
  "minPS": 0.0621,
  "maxPS": 0.5844,
  "medianPS": 0.32,
  "hienTaiPS": 0.4245469933234323
}