{
  "minPB": 0,
  "maxPB": 1.7987,
  "medianPB": 1.09,
  "hienTaiPB": 1.2678932955233833,
  "minPE": 0,
  "maxPE": 23.3246,
  "medianPE": 7.46,
  "hienTaiPE": 9.866386257712719,
  "minPS": 0.0621,
  "maxPS": 0.5828,
  "medianPS": 0.33,
  "hienTaiPS": 0.4125879230889694
}