{
  "minPB": 0.6608,
  "maxPB": 0.8223,
  "medianPB": 0.72,
  "hienTaiPB": 0.9381034851494885,
  "minPE": 9.6135,
  "maxPE": 11.768,
  "medianPE": 10.42,
  "hienTaiPE": 13.425029801416057,
  "minPS": 1.0967,
  "maxPS": 3.3275,
  "medianPS": 1.58,
  "hienTaiPS": 1.9064082928026531
}