{
  "minPB": 0.5126,
  "maxPB": 1.2727,
  "medianPB": 0.87,
  "hienTaiPB": 0.9335177837556013,
  "minPE": -18.021,
  "maxPE": 31.3861,
  "medianPE": 9.74,
  "hienTaiPE": 13.359404655738743,
  "minPS": 1.0942,
  "maxPS": 3.3389,
  "medianPS": 1.6,
  "hienTaiPS": 1.8970892578518022
}