{
  "minPB": 0.6608,
  "maxPB": 0.7961,
  "medianPB": 0.72,
  "hienTaiPB": 0.8223145249538376,
  "minPE": 9.6135,
  "maxPE": 11.5821,
  "medianPE": 10.37,
  "hienTaiPE": 11.7679948730639,
  "minPS": 1.0967,
  "maxPS": 3.3275,
  "medianPS": 1.58,
  "hienTaiPS": 1.6711026602936663
}