{
  "minPB": 0.6608,
  "maxPB": 0.794,
  "medianPB": 0.72,
  "hienTaiPB": 0.7533652289957484,
  "minPE": 9.6135,
  "maxPE": 11.5517,
  "medianPE": 10.32,
  "hienTaiPE": 10.781273932701442,
  "minPS": 1.0967,
  "maxPS": 3.3275,
  "medianPS": 1.58,
  "hienTaiPS": 1.530984313354086
}