{
  "minPB": 0.5126,
  "maxPB": 1.2727,
  "medianPB": 0.87,
  "hienTaiPB": 0.9626697426167412,
  "minPE": -18.021,
  "maxPE": 31.3861,
  "medianPE": 9.73,
  "hienTaiPE": 13.776593081830233,
  "minPS": 1.0942,
  "maxPS": 3.3389,
  "medianPS": 1.6,
  "hienTaiPS": 1.9563316943250688
}