{
  "minPB": 0.6608,
  "maxPB": 0.9361,
  "medianPB": 0.72,
  "hienTaiPB": 0.9361381845521083,
  "minPE": 9.6135,
  "maxPE": 13.3969,
  "medianPE": 10.42,
  "hienTaiPE": 13.396904738982922,
  "minPS": 1.0967,
  "maxPS": 3.3275,
  "medianPS": 1.58,
  "hienTaiPS": 1.9024144206808598
}