{
  "minPB": 0.5126,
  "maxPB": 1.2727,
  "medianPB": 0.87,
  "hienTaiPB": 0.9712679327302797,
  "minPE": -18.021,
  "maxPE": 31.3861,
  "medianPE": 9.73,
  "hienTaiPE": 13.899640229975196,
  "minPS": 1.0942,
  "maxPS": 3.3389,
  "medianPS": 1.6,
  "hienTaiPS": 1.9738048848579144
}