{
  "minPB": 0.5126,
  "maxPB": 1.2727,
  "medianPB": 0.87,
  "hienTaiPB": 0.9826502986901067,
  "minPE": -18.021,
  "maxPE": 31.3861,
  "medianPE": 9.73,
  "hienTaiPE": 14.062531216567098,
  "minPS": 1.0942,
  "maxPS": 3.3389,
  "medianPS": 1.6,
  "hienTaiPS": 1.9969360608966338
}