{
  "minPB": 0.5126,
  "maxPB": 1.2727,
  "medianPB": 0.87,
  "hienTaiPB": 0.884385268821096,
  "minPE": -18.021,
  "maxPE": 31.3861,
  "medianPE": 9.76,
  "hienTaiPE": 12.65627809491039,
  "minPS": 1.0942,
  "maxPS": 3.3389,
  "medianPS": 1.6,
  "hienTaiPS": 1.7972424548069703
}