{
  "minPB": 0.5126,
  "maxPB": 1.2727,
  "medianPB": 0.87,
  "hienTaiPB": 0.9253290312665171,
  "minPE": -18.021,
  "maxPE": 31.3861,
  "medianPE": 9.75,
  "hienTaiPE": 13.242216895600684,
  "minPS": 1.0942,
  "maxPS": 3.3389,
  "medianPS": 1.6,
  "hienTaiPS": 1.8804481240109967
}