{
  "minPB": 1.6576,
  "maxPB": 7.6622,
  "medianPB": 2.73,
  "hienTaiPB": 7.960381952545313,
  "minPE": -487,
  "maxPE": 307.2427,
  "medianPE": 23.33,
  "hienTaiPE": 49.384924788599456,
  "minPS": 1.0461,
  "maxPS": 4.9602,
  "medianPS": 1.6,
  "hienTaiPS": 5.851138711274824
}