{
  "minPB": 1.6576,
  "maxPB": 7.7083,
  "medianPB": 2.73,
  "hienTaiPB": 7.466153418090529,
  "minPE": -487,
  "maxPE": 307.2427,
  "medianPE": 23.43,
  "hienTaiPE": 46.31881073177018,
  "minPS": 1.0461,
  "maxPS": 5.1219,
  "medianPS": 1.6,
  "hienTaiPS": 5.487864721734615
}