{
  "minPB": 1.6576,
  "maxPB": 7.6611,
  "medianPB": 2.73,
  "hienTaiPB": 8.532274978104766,
  "minPE": -487,
  "maxPE": 307.2427,
  "medianPE": 23.33,
  "hienTaiPE": 52.932856812809376,
  "minPS": 1.0461,
  "maxPS": 4.9592,
  "medianPS": 1.6,
  "hienTaiPS": 6.2714986186897015
}