{
  "minPB": 1.6576,
  "maxPB": 7.7083,
  "medianPB": 2.73,
  "hienTaiPB": 7.775900331397101,
  "minPE": -487,
  "maxPE": 307.2427,
  "medianPE": 23.35,
  "hienTaiPE": 48.24043058724141,
  "minPS": 1.0461,
  "maxPS": 5.0604,
  "medianPS": 1.6,
  "hienTaiPS": 5.715538741140993
}