{
  "minPB": 3.1405,
  "maxPB": 8.4976,
  "medianPB": 5.07,
  "hienTaiPB": 8.117095246343611,
  "minPE": 19.307,
  "maxPE": 52.7175,
  "medianPE": 31.18,
  "hienTaiPE": 50.357148769023915,
  "minPS": 1.0461,
  "maxPS": 5.1355,
  "medianPS": 1.62,
  "hienTaiPS": 5.966328060904136
}