{
  "minPB": 1.6576,
  "maxPB": 7.7083,
  "medianPB": 2.73,
  "hienTaiPB": 7.41810867280037,
  "minPE": -487,
  "maxPE": 307.2427,
  "medianPE": 23.56,
  "hienTaiPE": 46.02074888664939,
  "minPS": 1.0461,
  "maxPS": 5.2853,
  "medianPS": 1.6,
  "hienTaiPS": 5.452550276935808
}