{
  "minPB": 3.1405,
  "maxPB": 8.4976,
  "medianPB": 4.86,
  "hienTaiPB": 8.519591866650828,
  "minPE": 19.307,
  "maxPE": 52.7175,
  "medianPE": 29.86,
  "hienTaiPE": 52.85417283646601,
  "minPS": 1.0461,
  "maxPS": 5.0604,
  "medianPS": 1.62,
  "hienTaiPS": 6.262176120743001
}