{
  "minPB": 3.1405,
  "maxPB": 8.4976,
  "medianPB": 4.93,
  "hienTaiPB": 8.08951908734906,
  "minPE": 19.307,
  "maxPE": 52.7175,
  "medianPE": 30.31,
  "hienTaiPE": 50.18607072955008,
  "minPS": 1.0461,
  "maxPS": 5.0755,
  "medianPS": 1.62,
  "hienTaiPS": 5.946058690368506
}