{
  "minPB": 1.6576,
  "maxPB": 7.6956,
  "medianPB": 2.73,
  "hienTaiPB": 7.910802516861731,
  "minPE": -487,
  "maxPE": 307.2427,
  "medianPE": 23.33,
  "hienTaiPE": 49.07734197198448,
  "minPS": 1.0461,
  "maxPS": 5.0525,
  "medianPS": 1.6,
  "hienTaiPS": 5.814696219301357
}