{
  "minPB": 3.1405,
  "maxPB": 8.3305,
  "medianPB": 4.78,
  "hienTaiPB": 8.503449724800358,
  "minPE": 19.307,
  "maxPE": 51.6811,
  "medianPE": 29.41,
  "hienTaiPE": 52.754029593847186,
  "minPS": 1.0461,
  "maxPS": 5.0525,
  "medianPS": 1.62,
  "hienTaiPS": 6.2503111233562905
}