{
  "minPB": 1.6576,
  "maxPB": 7.7083,
  "medianPB": 2.73,
  "hienTaiPB": 7.705951050045071,
  "minPE": -487,
  "maxPE": 307.2427,
  "medianPE": 23.37,
  "hienTaiPE": 47.806476535893154,
  "minPS": 1.0461,
  "maxPS": 5.0745,
  "medianPS": 1.6,
  "hienTaiPS": 5.664123752465248
}