{
  "minPB": 2.3897,
  "maxPB": 8.5101,
  "medianPB": 4.49,
  "hienTaiPB": 2.9695593111828256,
  "minPE": 9.4095,
  "maxPE": 93.4758,
  "medianPE": 15.61,
  "hienTaiPE": 22.146862706091262,
  "minPS": 0.3529,
  "maxPS": 1.1449,
  "medianPS": 0.58,
  "hienTaiPS": 0.6135700612929127
}