{
  "minPB": 2.3897,
  "maxPB": 8.5101,
  "medianPB": 4.48,
  "hienTaiPB": 2.8695209655933334,
  "minPE": 9.4095,
  "maxPE": 93.4757,
  "medianPE": 15.61,
  "hienTaiPE": 21.400780451808046,
  "minPS": 0.3544,
  "maxPS": 1.1449,
  "medianPS": 0.58,
  "hienTaiPS": 0.5929001478805628
}