{
  "minPB": 2.3897,
  "maxPB": 8.5101,
  "medianPB": 4.48,
  "hienTaiPB": 3.069597656772318,
  "minPE": 9.4095,
  "maxPE": 93.4757,
  "medianPE": 15.62,
  "hienTaiPE": 22.89294496037448,
  "minPS": 0.3544,
  "maxPS": 1.1449,
  "medianPS": 0.58,
  "hienTaiPS": 0.6342399747052626
}