{
  "minPB": 0,
  "maxPB": 0.9444,
  "medianPB": 0.65,
  "hienTaiPB": 0.7543993915790673,
  "minPE": 0,
  "maxPE": 17.9828,
  "medianPE": 12.38,
  "hienTaiPE": 13.086587384672999,
  "minPS": 0.153,
  "maxPS": 0.3505,
  "medianPS": 0.25,
  "hienTaiPS": 0.21419515665923725
}