{
  "minPB": 0,
  "maxPB": 0.9444,
  "medianPB": 0.66,
  "hienTaiPB": 0.6818964912092882,
  "minPE": 0,
  "maxPE": 17.9828,
  "medianPE": 12.2,
  "hienTaiPE": 11.828877540361823,
  "minPS": 0.153,
  "maxPS": 0.3505,
  "medianPS": 0.24,
  "hienTaiPS": 0.1936095487222427
}