{
  "minPB": 0,
  "maxPB": 0.9444,
  "medianPB": 0.66,
  "hienTaiPB": 0.6797146909666791,
  "minPE": 0,
  "maxPE": 17.9828,
  "medianPE": 12.19,
  "hienTaiPE": 11.791029790417273,
  "minPS": 0.153,
  "maxPS": 0.3505,
  "medianPS": 0.24,
  "hienTaiPS": 0.1929900744093239
}