{
  "minPB": 0,
  "maxPB": 0.9444,
  "medianPB": 0.65,
  "hienTaiPB": 0.7027075089080211,
  "minPE": 0,
  "maxPE": 17.9828,
  "medianPE": 12.29,
  "hienTaiPE": 12.189886847525216,
  "minPS": 0.153,
  "maxPS": 0.3505,
  "medianPS": 0.25,
  "hienTaiPS": 0.19951838063008373
}