{
  "minPB": 0,
  "maxPB": 0.9444,
  "medianPB": 0.64,
  "hienTaiPB": 0.6461485333880777,
  "minPE": 0,
  "maxPE": 17.9828,
  "medianPE": 12.18,
  "hienTaiPE": 11.208756714347285,
  "minPS": 0.153,
  "maxPS": 0.3505,
  "medianPS": 0.26,
  "hienTaiPS": 0.183459700364419
}