{
  "minPB": 0.5986,
  "maxPB": 1.4162,
  "medianPB": 1.1,
  "hienTaiPB": 1.223915129836468,
  "minPE": 3.8879,
  "maxPE": 10.3271,
  "medianPE": 6.39,
  "hienTaiPE": 6.544751513490226,
  "minPS": 0.5646,
  "maxPS": 2.7304,
  "medianPS": 1.19,
  "hienTaiPS": 2.974056777685813
}