{
  "minPB": 0.5986,
  "maxPB": 1.4162,
  "medianPB": 1.1,
  "hienTaiPB": 1.2136301287454054,
  "minPE": 3.8879,
  "maxPE": 10.3271,
  "medianPE": 6.4,
  "hienTaiPE": 6.489753601612157,
  "minPS": 0.5646,
  "maxPS": 2.7304,
  "medianPS": 1.2,
  "hienTaiPS": 2.949064703923747
}