{
  "minPB": 0.5972,
  "maxPB": 1.4168,
  "medianPB": 1.1,
  "hienTaiPB": 1.186203459169238,
  "minPE": 3.879,
  "maxPE": 10.3549,
  "medianPE": 6.39,
  "hienTaiPE": 6.343092503270639,
  "minPS": 0.564,
  "maxPS": 2.7344,
  "medianPS": 1.19,
  "hienTaiPS": 2.8824191738915723
}