{
  "minPB": 0.5958,
  "maxPB": 1.4174,
  "medianPB": 1.1,
  "hienTaiPB": 1.1759184580781752,
  "minPE": 3.8701,
  "maxPE": 10.3828,
  "medianPE": 6.38,
  "hienTaiPE": 6.2880945913925705,
  "minPS": 0.5651,
  "maxPS": 2.7597,
  "medianPS": 1.85,
  "hienTaiPS": 2.8574271001295064
}