{
  "minPB": 0.5958,
  "maxPB": 1.4174,
  "medianPB": 1.1,
  "hienTaiPB": 1.1930601265632799,
  "minPE": 3.8701,
  "maxPE": 10.3828,
  "medianPE": 6.38,
  "hienTaiPE": 6.379757777856018,
  "minPS": 0.5651,
  "maxPS": 2.7723,
  "medianPS": 1.85,
  "hienTaiPS": 2.899080556399616
}