{
  "minPB": 0.6818,
  "maxPB": 2.7195,
  "medianPB": 1.65,
  "hienTaiPB": 1.1021131709684624,
  "minPE": 6.8307,
  "maxPE": 30.3428,
  "medianPE": 16.23,
  "hienTaiPE": 9.197868805642214,
  "minPS": 0.3615,
  "maxPS": 2.9486,
  "medianPS": 1.06,
  "hienTaiPS": 0.7543737745303697
}