{
  "minPB": 0.6818,
  "maxPB": 2.7195,
  "medianPB": 1.65,
  "hienTaiPB": 1.1105909645912966,
  "minPE": 6.8307,
  "maxPE": 30.3428,
  "medianPE": 16.25,
  "hienTaiPE": 9.268621642608693,
  "minPS": 0.3667,
  "maxPS": 2.9383,
  "medianPS": 1.03,
  "hienTaiPS": 0.7601766497190647
}