{
  "minPB": 0.6818,
  "maxPB": 2.7195,
  "medianPB": 1.65,
  "hienTaiPB": 1.119068758214131,
  "minPE": 6.8307,
  "maxPE": 30.3428,
  "medianPE": 16.26,
  "hienTaiPE": 9.339374479575172,
  "minPS": 0.3667,
  "maxPS": 2.9383,
  "medianPS": 1.04,
  "hienTaiPS": 0.7659795249077599
}