{
  "minPB": 0.6818,
  "maxPB": 2.7195,
  "medianPB": 1.65,
  "hienTaiPB": 1.1049391021760737,
  "minPE": 6.8307,
  "maxPE": 30.3428,
  "medianPE": 16.24,
  "hienTaiPE": 9.22145308463104,
  "minPS": 0.3615,
  "maxPS": 2.9486,
  "medianPS": 1.06,
  "hienTaiPS": 0.7563080662599347
}