{
  "minPB": 0.2296,
  "maxPB": 1.5465,
  "medianPB": 0.55,
  "hienTaiPB": 0.9335648763073395,
  "minPE": -3.497,
  "maxPE": 77.2369,
  "medianPE": 7.9,
  "hienTaiPE": 13.776887801726222,
  "minPS": 0.066,
  "maxPS": 0.618,
  "medianPS": 0.19,
  "hienTaiPS": 0.1406095063567329
}