{
  "minPB": 0.2296,
  "maxPB": 1.5465,
  "medianPB": 0.55,
  "hienTaiPB": 0.9669064790326016,
  "minPE": -3.497,
  "maxPE": 77.2369,
  "medianPE": 7.9,
  "hienTaiPE": 14.268919508930729,
  "minPS": 0.0626,
  "maxPS": 0.6144,
  "medianPS": 0.19,
  "hienTaiPS": 0.14563127444090193
}