{
  "minPB": 0.2296,
  "maxPB": 1.5465,
  "medianPB": 0.55,
  "hienTaiPB": 0.9546310193177412,
  "minPE": -3.497,
  "maxPE": 82.7586,
  "medianPE": 7.89,
  "hienTaiPE": 14.78060616482463,
  "minPS": 0.0662,
  "maxPS": 0.5763,
  "medianPS": 0.19,
  "hienTaiPS": 0.1472281673213517
}