{
  "minPB": 0.2296,
  "maxPB": 1.5465,
  "medianPB": 0.55,
  "hienTaiPB": 0.9585710783512861,
  "minPE": -3.497,
  "maxPE": 77.2369,
  "medianPE": 7.89,
  "hienTaiPE": 14.145911582129603,
  "minPS": 0.0662,
  "maxPS": 0.5763,
  "medianPS": 0.19,
  "hienTaiPS": 0.14437583241985966
}