{
  "minPB": 0.2296,
  "maxPB": 1.5465,
  "medianPB": 0.55,
  "hienTaiPB": 0.9502356776699705,
  "minPE": -3.497,
  "maxPE": 77.2369,
  "medianPE": 7.9,
  "hienTaiPE": 14.022903655328475,
  "minPS": 0.0626,
  "maxPS": 0.6144,
  "medianPS": 0.19,
  "hienTaiPS": 0.1431203903988174
}