{
  "minPB": 0.2296,
  "maxPB": 1.5465,
  "medianPB": 0.55,
  "hienTaiPB": 1.0169188831204947,
  "minPE": -3.497,
  "maxPE": 77.2369,
  "medianPE": 7.9,
  "hienTaiPE": 15.006967069737492,
  "minPS": 0.0626,
  "maxPS": 0.6144,
  "medianPS": 0.19,
  "hienTaiPS": 0.15316392656715547
}