{
  "minPB": 0.2296,
  "maxPB": 1.5465,
  "medianPB": 0.55,
  "hienTaiPB": 0.941900276988655,
  "minPE": -3.497,
  "maxPE": 77.2369,
  "medianPE": 7.89,
  "hienTaiPE": 14.650951724782308,
  "minPS": 0.0662,
  "maxPS": 0.5763,
  "medianPS": 0.19,
  "hienTaiPS": 0.14593669216941002
}