{
  "minPB": 0.2296,
  "maxPB": 1.5465,
  "medianPB": 0.55,
  "hienTaiPB": 1.0585958865270724,
  "minPE": -3.497,
  "maxPE": 77.2369,
  "medianPE": 7.9,
  "hienTaiPE": 15.622006703743127,
  "minPS": 0.0626,
  "maxPS": 0.6144,
  "medianPS": 0.19,
  "hienTaiPS": 0.15944113667236676
}