{
  "minPB": 0.5238,
  "maxPB": 1.3905,
  "medianPB": 1.05,
  "hienTaiPB": 1.0112765361417073,
  "minPE": 8.3997,
  "maxPE": 31.5497,
  "medianPE": 14.18,
  "hienTaiPE": 14.507181479564315,
  "minPS": 0,
  "maxPS": 1.7614,
  "medianPS": 1.3,
  "hienTaiPS": 1.1797999771681495
}