{
  "minPB": 0.5238,
  "maxPB": 1.3905,
  "medianPB": 1.06,
  "hienTaiPB": 1.0649017172632986,
  "minPE": 8.3997,
  "maxPE": 31.5497,
  "medianPE": 14.2,
  "hienTaiPE": 15.244724272086353,
  "minPS": 0.6428,
  "maxPS": 1.7614,
  "medianPS": 1.31,
  "hienTaiPS": 1.2425552951026255
}