{
  "minPB": 1.4654,
  "maxPB": 7.0558,
  "medianPB": 1.9,
  "hienTaiPB": 4.0984217416293305,
  "minPE": -622.6299,
  "maxPE": 161.5054,
  "medianPE": 9.01,
  "hienTaiPE": 12.109659738182543,
  "minPS": 0.391,
  "maxPS": 1.092,
  "medianPS": 0.49,
  "hienTaiPS": 0.6431881423627109
}