{
  "minPB": 1.4654,
  "maxPB": 7.0558,
  "medianPB": 1.9,
  "hienTaiPB": 3.4624597472385723,
  "minPE": -622.6299,
  "maxPE": 161.5054,
  "medianPE": 9.01,
  "hienTaiPE": 10.230574606395598,
  "minPS": 0.391,
  "maxPS": 1.092,
  "medianPS": 0.49,
  "hienTaiPS": 0.5433830857891868
}