{
  "minPB": 1.4654,
  "maxPB": 7.0558,
  "medianPB": 1.9,
  "hienTaiPB": 3.9470022191553404,
  "minPE": -622.6299,
  "maxPE": 161.5054,
  "medianPE": 9.01,
  "hienTaiPE": 11.662258516328508,
  "minPS": 0.391,
  "maxPS": 1.092,
  "medianPS": 0.49,
  "hienTaiPS": 0.619425033654729
}