{
  "minPB": 0.4705,
  "maxPB": 1.8073,
  "medianPB": 0.78,
  "hienTaiPB": 1.3447983692123524,
  "minPE": -18.0956,
  "maxPE": 18.9653,
  "medianPE": 6.84,
  "hienTaiPE": 7.825777377930057,
  "minPS": 0.257,
  "maxPS": 3.2629,
  "medianPS": 0.64,
  "hienTaiPS": 1.4124339060580489
}