{
  "minPB": 0.4705,
  "maxPB": 1.8073,
  "medianPB": 0.78,
  "hienTaiPB": 1.3196954663203886,
  "minPE": -18.0956,
  "maxPE": 18.9653,
  "medianPE": 6.85,
  "hienTaiPE": 7.679696200208696,
  "minPS": 0.257,
  "maxPS": 3.2629,
  "medianPS": 0.64,
  "hienTaiPS": 1.3860684731449653
}