{
  "minPB": 0.4705,
  "maxPB": 1.8091,
  "medianPB": 0.78,
  "hienTaiPB": 1.3053509503821235,
  "minPE": -18.8194,
  "maxPE": 18.9653,
  "medianPE": 6.84,
  "hienTaiPE": 7.596221241510775,
  "minPS": 0.257,
  "maxPS": 3.2629,
  "medianPS": 0.64,
  "hienTaiPS": 1.3710025114803461
}