{
  "minPB": 0.4705,
  "maxPB": 1.8092,
  "medianPB": 0.77,
  "hienTaiPB": 1.2838341764747259,
  "minPE": -18.8194,
  "maxPE": 18.9653,
  "medianPE": 6.83,
  "hienTaiPE": 7.471008803463894,
  "minPS": 0.2566,
  "maxPS": 3.2629,
  "medianPS": 0.62,
  "hienTaiPS": 1.3484035689834173
}