{
  "minPB": 0.4602,
  "maxPB": 1.5826,
  "medianPB": 0.9,
  "hienTaiPB": 0.7931879858031118,
  "minPE": -1044.8371,
  "maxPE": 26050.4094,
  "medianPE": 264.45,
  "hienTaiPE": 87.72736527079172,
  "minPS": 0.6841,
  "maxPS": 2.9994,
  "medianPS": 1.22,
  "hienTaiPS": 0.9183714563194595
}