{
  "minPB": 0.244,
  "maxPB": 2.3861,
  "medianPB": 0.98,
  "hienTaiPB": 1.223722988385955,
  "minPE": 1.8141,
  "maxPE": 513.4961,
  "medianPE": 13.76,
  "hienTaiPE": 1903.639438553582,
  "minPS": 0.6078,
  "maxPS": 32.6124,
  "medianPS": 3.25,
  "hienTaiPS": 33.288686858209495
}