{
  "minPB": 0.2411,
  "maxPB": 2.3964,
  "medianPB": 0.98,
  "hienTaiPB": 1.187812381503297,
  "minPE": 1.8015,
  "maxPE": 513.4961,
  "medianPE": 13.74,
  "hienTaiPE": 1847.7764301987365,
  "minPS": 0.6057,
  "maxPS": 32.7627,
  "medianPS": 3.2,
  "hienTaiPS": 32.3118179436345
}