{
  "minPB": 0.2411,
  "maxPB": 2.3964,
  "medianPB": 0.98,
  "hienTaiPB": 1.2043865077568314,
  "minPE": 1.8015,
  "maxPE": 513.4961,
  "medianPE": 13.74,
  "hienTaiPE": 1873.559357131742,
  "minPS": 0.6057,
  "maxPS": 32.7627,
  "medianPS": 3.19,
  "hienTaiPS": 32.762680519592195
}