{
  "minPB": 0.2411,
  "maxPB": 2.3964,
  "medianPB": 0.98,
  "hienTaiPB": 1.174000609625352,
  "minPE": 1.8015,
  "maxPE": 507.9447,
  "medianPE": 13.74,
  "hienTaiPE": 1826.290657754565,
  "minPS": 0.6057,
  "maxPS": 32.6007,
  "medianPS": 3.18,
  "hienTaiPS": 31.936099130336427
}