{
  "minPB": 0.2411,
  "maxPB": 2.3964,
  "medianPB": 0.98,
  "hienTaiPB": 1.1988617990056534,
  "minPE": 1.8015,
  "maxPE": 513.4961,
  "medianPE": 13.75,
  "hienTaiPE": 1864.9650481540734,
  "minPS": 0.6078,
  "maxPS": 32.5372,
  "medianPS": 3.25,
  "hienTaiPS": 32.61239299427296
}