{
  "minPB": 0.2411,
  "maxPB": 2.3964,
  "medianPB": 0.98,
  "hienTaiPB": 1.223722988385955,
  "minPE": 1.8015,
  "maxPE": 513.4961,
  "medianPE": 13.74,
  "hienTaiPE": 1903.639438553582,
  "minPS": 0.6057,
  "maxPS": 32.6875,
  "medianPS": 3.18,
  "hienTaiPS": 33.288686858209495
}