{
  "minPB": 0.4582,
  "maxPB": 1.4699,
  "medianPB": 0.77,
  "hienTaiPB": 0.8179794118417382,
  "minPE": -1.5912,
  "maxPE": 25.2056,
  "medianPE": 4.18,
  "hienTaiPE": 11.809168163452743,
  "minPS": 0.0792,
  "maxPS": 0.2802,
  "medianPS": 0.13,
  "hienTaiPS": 0.15258619925264688
}