{
  "minPB": 0.4582,
  "maxPB": 1.4699,
  "medianPB": 0.77,
  "hienTaiPB": 0.8320825051493543,
  "minPE": -1.5912,
  "maxPE": 25.2056,
  "medianPE": 4.18,
  "hienTaiPE": 12.01277451109848,
  "minPS": 0.0792,
  "maxPS": 0.2802,
  "medianPS": 0.13,
  "hienTaiPS": 0.15521699579148562
}