{
  "minPB": 0,
  "maxPB": 1.4261,
  "medianPB": 0.71,
  "hienTaiPB": 0.7897732252265057,
  "minPE": -1.5628,
  "maxPE": 24.913,
  "medianPE": 3.69,
  "hienTaiPE": 11.401955468161269,
  "minPS": 0,
  "maxPS": 0.2743,
  "medianPS": 0.13,
  "hienTaiPS": 0.1473246061749694
}