{
  "minPB": 0.4582,
  "maxPB": 1.4699,
  "medianPB": 0.77,
  "hienTaiPB": 0.7474639453036572,
  "minPE": -1.5912,
  "maxPE": 25.2056,
  "medianPE": 4.18,
  "hienTaiPE": 10.791136425224058,
  "minPS": 0.0792,
  "maxPS": 0.2802,
  "medianPS": 0.13,
  "hienTaiPS": 0.13943221655845317
}