{
  "minPB": 0,
  "maxPB": 1.4261,
  "medianPB": 0.71,
  "hienTaiPB": 0.8179794118417382,
  "minPE": -1.5628,
  "maxPE": 24.913,
  "medianPE": 3.69,
  "hienTaiPE": 11.809168163452743,
  "minPS": 0,
  "maxPS": 0.2743,
  "medianPS": 0.13,
  "hienTaiPS": 0.15258619925264688
}