{
  "minPB": 0,
  "maxPB": 1.4261,
  "medianPB": 0.71,
  "hienTaiPB": 0.7686185852650815,
  "minPE": -1.5628,
  "maxPE": 24.913,
  "medianPE": 3.69,
  "hienTaiPE": 11.096545946692663,
  "minPS": 0,
  "maxPS": 0.2743,
  "medianPS": 0.13,
  "hienTaiPS": 0.14337841136671128
}