{
  "minPB": 0.5553,
  "maxPB": 1.8085,
  "medianPB": 0.82,
  "hienTaiPB": 0.6862893540224274,
  "minPE": -23.2347,
  "maxPE": 21.9386,
  "medianPE": 6.54,
  "hienTaiPE": -17.2378,
  "minPS": 0.1179,
  "maxPS": 0.6572,
  "medianPS": 0.26,
  "hienTaiPS": 0.13745632941173808
}