{
  "minPB": 0.2577,
  "maxPB": 1.194,
  "medianPB": 0.89,
  "hienTaiPB": 1.2946152206844574,
  "minPE": 2.7023,
  "maxPE": 10.732,
  "medianPE": 6.93,
  "hienTaiPE": 9.673212279959415,
  "minPS": 0.9061,
  "maxPS": 3.0272,
  "medianPS": 1.79,
  "hienTaiPS": 2.377847659263587
}