{
  "minPB": 0.2577,
  "maxPB": 1.194,
  "medianPB": 0.89,
  "hienTaiPB": 1.261589322197609,
  "minPE": 2.7023,
  "maxPE": 10.732,
  "medianPE": 6.92,
  "hienTaiPE": 9.426446660572696,
  "minPS": 0.9061,
  "maxPS": 3.0272,
  "medianPS": 1.79,
  "hienTaiPS": 2.31718828020074
}