{
  "minPB": 1.1238,
  "maxPB": 1.2936,
  "medianPB": 1.19,
  "hienTaiPB": 1.2417737831055,
  "minPE": 8.3444,
  "maxPE": 9.6057,
  "medianPE": 8.83,
  "hienTaiPE": 9.278387288940664,
  "minPS": 0.9061,
  "maxPS": 3.0272,
  "medianPS": 1.8,
  "hienTaiPS": 2.280792652763032
}