{
  "minPB": 0.2577,
  "maxPB": 1.194,
  "medianPB": 0.89,
  "hienTaiPB": 1.2483789628028696,
  "minPE": 2.7023,
  "maxPE": 10.732,
  "medianPE": 6.9,
  "hienTaiPE": 9.327740412818008,
  "minPS": 0.9061,
  "maxPS": 3.0272,
  "medianPS": 1.79,
  "hienTaiPS": 2.2929245285756013
}