{
  "minPB": 1.1238,
  "maxPB": 1.2936,
  "medianPB": 1.18,
  "hienTaiPB": 1.261589322197609,
  "minPE": 8.3444,
  "maxPE": 9.6057,
  "medianPE": 8.83,
  "hienTaiPE": 9.426446660572696,
  "minPS": 0.9061,
  "maxPS": 3.0272,
  "medianPS": 1.8,
  "hienTaiPS": 2.31718828020074
}