{
  "minPB": 0.2577,
  "maxPB": 1.194,
  "medianPB": 0.89,
  "hienTaiPB": 1.307825580079197,
  "minPE": 2.7023,
  "maxPE": 10.732,
  "medianPE": 6.93,
  "hienTaiPE": 9.771918527714103,
  "minPS": 0.9061,
  "maxPS": 3.0272,
  "medianPS": 1.79,
  "hienTaiPS": 2.4021114108887254
}