{
  "minPB": 0.2577,
  "maxPB": 1.194,
  "medianPB": 0.89,
  "hienTaiPB": 1.2549841425002395,
  "minPE": 2.7023,
  "maxPE": 10.732,
  "medianPE": 6.9,
  "hienTaiPE": 9.377093536695352,
  "minPS": 0.9061,
  "maxPS": 3.0272,
  "medianPS": 1.79,
  "hienTaiPS": 2.305056404388171
}