{
  "minPB": 0.5843,
  "maxPB": 2.517,
  "medianPB": 1.31,
  "hienTaiPB": 2.114786598971663,
  "minPE": 3.7933,
  "maxPE": 27.6319,
  "medianPE": 11.81,
  "hienTaiPE": 12.62107861647005,
  "minPS": 0.1668,
  "maxPS": 1.0483,
  "medianPS": 0.35,
  "hienTaiPS": 0.42346275723229887
}