{
  "minPB": 0.5934,
  "maxPB": 2.5359,
  "medianPB": 1.31,
  "hienTaiPB": 1.808382858779746,
  "minPE": 4.2389,
  "maxPE": 27.6319,
  "medianPE": 11.83,
  "hienTaiPE": 10.792456430561037,
  "minPS": 0.2398,
  "maxPS": 0.5835,
  "medianPS": 0.32,
  "hienTaiPS": 0.36210877820148285
}