{
  "minPB": 0.5934,
  "maxPB": 2.5359,
  "medianPB": 1.31,
  "hienTaiPB": 1.9165253553180694,
  "minPE": 4.2389,
  "maxPE": 27.6319,
  "medianPE": 11.87,
  "hienTaiPE": 11.437852496175983,
  "minPS": 0.2398,
  "maxPS": 1.0483,
  "medianPS": 0.36,
  "hienTaiPS": 0.38376312374177085
}