{
  "minPB": 0.5934,
  "maxPB": 2.5359,
  "medianPB": 1.31,
  "hienTaiPB": 1.9285411882667722,
  "minPE": 4.2389,
  "maxPE": 27.6319,
  "medianPE": 11.9,
  "hienTaiPE": 11.5095631701332,
  "minPS": 0.2398,
  "maxPS": 1.0483,
  "medianPS": 0.36,
  "hienTaiPS": 0.3861691621351362
}