{
  "minPB": 0.5843,
  "maxPB": 2.517,
  "medianPB": 1.31,
  "hienTaiPB": 2.1268024319203653,
  "minPE": 3.7933,
  "maxPE": 27.6319,
  "medianPE": 11.8,
  "hienTaiPE": 12.692789290427266,
  "minPS": 0.1668,
  "maxPS": 1.0483,
  "medianPS": 0.35,
  "hienTaiPS": 0.4258687956256642
}