{
  "minPB": 0.4404,
  "maxPB": 0.8746,
  "medianPB": 0.6,
  "hienTaiPB": 0.5275900549349637,
  "minPE": -69.0208,
  "maxPE": 11.5827,
  "medianPE": -6.02,
  "hienTaiPE": 12.318426122240215,
  "minPS": 0.214,
  "maxPS": 0.5001,
  "medianPS": 0.31,
  "hienTaiPS": 0.24636895772480893
}