{
  "minPB": 0.4404,
  "maxPB": 0.8746,
  "medianPB": 0.6,
  "hienTaiPB": 0.49982215730680774,
  "minPE": -69.0208,
  "maxPE": 11.453,
  "medianPE": -6.04,
  "hienTaiPE": 11.670087905280203,
  "minPS": 0.214,
  "maxPS": 0.5001,
  "medianPS": 0.31,
  "hienTaiPS": 0.2334021704761348
}