{
  "minPB": 0.4404,
  "maxPB": 0.8746,
  "medianPB": 0.6,
  "hienTaiPB": 0.5013312821779031,
  "minPE": -69.0208,
  "maxPE": 11.5151,
  "medianPE": -6.03,
  "hienTaiPE": 11.705323677941074,
  "minPS": 0.214,
  "maxPS": 0.5001,
  "medianPS": 0.31,
  "hienTaiPS": 0.2341068871744323
}