{
  "minPB": 0.4282,
  "maxPB": 0.5405,
  "medianPB": 0.48,
  "hienTaiPB": 0.5010294572036841,
  "minPE": -9.5781,
  "maxPE": -7.5878,
  "medianPE": -8.42,
  "hienTaiPE": -8.0442,
  "minPS": 0.2129,
  "maxPS": 0.5001,
  "medianPS": 0.3,
  "hienTaiPS": 0.24545922159068892
}