{
  "minPB": 0.4282,
  "maxPB": 0.5422,
  "medianPB": 0.48,
  "hienTaiPB": 0.49607952762649105,
  "minPE": -9.5781,
  "maxPE": 12.1422,
  "medianPE": -8.41,
  "hienTaiPE": 11.582703189081245,
  "minPS": 0.2129,
  "maxPS": 0.5001,
  "medianPS": 0.3,
  "hienTaiPS": 0.23165447306435696
}