{
  "minPB": 0.4282,
  "maxPB": 0.5422,
  "medianPB": 0.48,
  "hienTaiPB": 0.5707510262482931,
  "minPE": -9.5781,
  "maxPE": 11.6433,
  "medianPE": -8.42,
  "hienTaiPE": 13.326169220341102,
  "minPS": 0.2129,
  "maxPS": 0.5001,
  "medianPS": 0.3,
  "hienTaiPS": 0.26652385529611766
}