{
  "minPB": 0.4282,
  "maxPB": 0.5422,
  "medianPB": 0.48,
  "hienTaiPB": 0.5200444305794866,
  "minPE": -9.5781,
  "maxPE": 12.1422,
  "medianPE": -8.41,
  "hienTaiPE": 12.142247258935864,
  "minPS": 0.2129,
  "maxPS": 0.5001,
  "medianPS": 0.3,
  "hienTaiPS": 0.2428453742333214
}