{
  "minPB": 2.5364,
  "maxPB": 2.7839,
  "medianPB": 2.71,
  "hienTaiPB": 2.6640034454842216,
  "minPE": 7.758,
  "maxPE": 8.6833,
  "medianPE": 7.98,
  "hienTaiPE": 8.875928515575257,
  "minPS": 0.5848,
  "maxPS": 3.0614,
  "medianPS": 1.09,
  "hienTaiPS": 0.6641218288013012
}