{
  "minPB": 2.5364,
  "maxPB": 2.7839,
  "medianPB": 2.71,
  "hienTaiPB": 2.6653802931007595,
  "minPE": 7.758,
  "maxPE": 8.8759,
  "medianPE": 7.98,
  "hienTaiPE": 8.880515897412899,
  "minPS": 0.5848,
  "maxPS": 3.0614,
  "medianPS": 1.09,
  "hienTaiPS": 0.6644650695574744
}