{
  "minPB": 1.5945,
  "maxPB": 5.9857,
  "medianPB": 3.4,
  "hienTaiPB": 2.507829587265492,
  "minPE": -51.5309,
  "maxPE": 62.6136,
  "medianPE": 8.82,
  "hienTaiPE": 8.35558834713412,
  "minPS": 0.5867,
  "maxPS": 3.1159,
  "medianPS": 1.1,
  "hienTaiPS": 0.6251885201725185
}