{
  "minPB": 2.5364,
  "maxPB": 2.7839,
  "medianPB": 2.72,
  "hienTaiPB": 2.58552313134156,
  "minPE": 7.758,
  "maxPE": 8.6521,
  "medianPE": 7.98,
  "hienTaiPE": 8.614447750829648,
  "minPS": 0.5848,
  "maxPS": 3.0614,
  "medianPS": 1.09,
  "hienTaiPS": 0.6445571056994318
}