{
  "minPB": 1.5945,
  "maxPB": 5.9857,
  "medianPB": 3.41,
  "hienTaiPB": 2.60548742178136,
  "minPE": -51.5309,
  "maxPE": 62.6136,
  "medianPE": 8.82,
  "hienTaiPE": 8.68096478747546,
  "minPS": 0.5867,
  "maxPS": 3.1159,
  "medianPS": 1.1,
  "hienTaiPS": 0.6495340966639425
}