{
  "minPB": 2.5364,
  "maxPB": 2.7839,
  "medianPB": 2.72,
  "hienTaiPB": 2.5766719680923877,
  "minPE": 7.758,
  "maxPE": 8.6521,
  "medianPE": 7.98,
  "hienTaiPE": 8.584957439016232,
  "minPS": 0.5848,
  "maxPS": 3.0614,
  "medianPS": 1.1,
  "hienTaiPS": 0.6423505579811759
}