{
  "minPB": 2.836,
  "maxPB": 8.4681,
  "medianPB": 4.93,
  "hienTaiPB": 5.4722146091146255,
  "minPE": 7.1418,
  "maxPE": 13.6665,
  "medianPE": 9.58,
  "hienTaiPE": 11.465410153411593,
  "minPS": 2.3032,
  "maxPS": 4.612,
  "medianPS": 3.17,
  "hienTaiPS": 3.3195834952942027
}