{
  "minPB": 2.836,
  "maxPB": 8.4681,
  "medianPB": 4.93,
  "hienTaiPB": 5.401937880401681,
  "minPE": 7.1418,
  "maxPE": 13.6665,
  "medianPE": 9.59,
  "hienTaiPE": 11.318166016167437,
  "minPS": 2.3032,
  "maxPS": 4.612,
  "medianPS": 3.17,
  "hienTaiPS": 3.276951857940253
}