{
  "minPB": 2.8337,
  "maxPB": 8.7222,
  "medianPB": 4.93,
  "hienTaiPB": 5.331661151688736,
  "minPE": 7.1418,
  "maxPE": 15.3601,
  "medianPE": 9.58,
  "hienTaiPE": 11.170921878923282,
  "minPS": 2.3032,
  "maxPS": 4.6136,
  "medianPS": 3.18,
  "hienTaiPS": 3.2343202205863033
}