{
  "minPB": 2.836,
  "maxPB": 8.4681,
  "medianPB": 4.93,
  "hienTaiPB": 5.434733687134388,
  "minPE": 7.1418,
  "maxPE": 13.6665,
  "medianPE": 9.58,
  "hienTaiPE": 11.386879946881377,
  "minPS": 2.3032,
  "maxPS": 4.612,
  "medianPS": 3.17,
  "hienTaiPS": 3.2968466220387627
}