{
  "minPB": 2.8314,
  "maxPB": 8.9764,
  "medianPB": 4.93,
  "hienTaiPB": 5.322290921193677,
  "minPE": 7.1418,
  "maxPE": 17.0537,
  "medianPE": 9.58,
  "hienTaiPE": 11.151289327290728,
  "minPS": 2.3032,
  "maxPS": 4.6136,
  "medianPS": 3.18,
  "hienTaiPS": 3.2286360022724434
}