{
  "minPB": 2.2379,
  "maxPB": 2.3912,
  "medianPB": 2.3,
  "hienTaiPB": 2.3223199504951895,
  "minPE": 11.8379,
  "maxPE": 12.6487,
  "medianPE": 12.07,
  "hienTaiPE": 12.01658340156645,
  "minPS": 1.3419,
  "maxPS": 5.3103,
  "medianPS": 3.44,
  "hienTaiPS": 5.342203747332823
}