{
  "minPB": 0.2776,
  "maxPB": 2.4947,
  "medianPB": 1.57,
  "hienTaiPB": 2.436765398360961,
  "minPE": 0,
  "maxPE": 878.5683,
  "medianPE": 8.7,
  "hienTaiPE": 12.602006695488917,
  "minPS": 1.3419,
  "maxPS": 5.2936,
  "medianPS": 3.44,
  "hienTaiPS": 5.602464955536217
}