{
  "minPB": 0.2776,
  "maxPB": 2.4947,
  "medianPB": 1.57,
  "hienTaiPB": 2.3223199504951895,
  "minPE": 0,
  "maxPE": 878.5683,
  "medianPE": 8.7,
  "hienTaiPE": 12.01658340156645,
  "minPS": 1.3419,
  "maxPS": 5.2845,
  "medianPS": 3.44,
  "hienTaiPS": 5.342203747332823
}