{
  "minPB": 0.4711,
  "maxPB": 1.6143,
  "medianPB": 0.82,
  "hienTaiPB": 0.6055046887650983,
  "minPE": -4.7465,
  "maxPE": 16.316,
  "medianPE": 5.65,
  "hienTaiPE": 18.22586316391169,
  "minPS": 0.4305,
  "maxPS": 20.919,
  "medianPS": 1.74,
  "hienTaiPS": 11.853455757991494
}