{
  "minPB": 0.4711,
  "maxPB": 1.6143,
  "medianPB": 0.82,
  "hienTaiPB": 0.5923415433571614,
  "minPE": -4.7465,
  "maxPE": 15.8241,
  "medianPE": 5.65,
  "hienTaiPE": 17.829648747304912,
  "minPS": 0.4305,
  "maxPS": 20.919,
  "medianPS": 1.74,
  "hienTaiPS": 11.59577193716559
}