{
  "minPB": 0.4711,
  "maxPB": 1.6143,
  "medianPB": 0.82,
  "hienTaiPB": 0.5989231160611299,
  "minPE": -4.7465,
  "maxPE": 15.4141,
  "medianPE": 5.64,
  "hienTaiPE": 18.0277559556083,
  "minPS": 0.4358,
  "maxPS": 20.7945,
  "medianPS": 1.76,
  "hienTaiPS": 11.724613847578542
}