{
  "minPB": 0.4711,
  "maxPB": 1.6143,
  "medianPB": 0.82,
  "hienTaiPB": 0.6252494068770037,
  "minPE": -4.7465,
  "maxPE": 17.2353,
  "medianPE": 5.65,
  "hienTaiPE": 18.82018478882185,
  "minPS": 0.4305,
  "maxPS": 20.919,
  "medianPS": 1.74,
  "hienTaiPS": 12.239981489230345
}