{
  "minPB": 0.4711,
  "maxPB": 1.6143,
  "medianPB": 0.82,
  "hienTaiPB": 0.6120862614690668,
  "minPE": -4.7465,
  "maxPE": 15.9061,
  "medianPE": 5.65,
  "hienTaiPE": 18.423970372215077,
  "minPS": 0.4305,
  "maxPS": 20.919,
  "medianPS": 1.74,
  "hienTaiPS": 11.982297668404444
}