{
  "minPB": 0.909,
  "maxPB": 1.0765,
  "medianPB": 0.96,
  "hienTaiPB": 1.0035388760097745,
  "minPE": -0.8706,
  "maxPE": -0.7351,
  "medianPE": -0.77,
  "hienTaiPE": -0.8339,
  "minPS": 0.0493,
  "maxPS": 0.3414,
  "medianPS": 0.08,
  "hienTaiPS": 0.05897581818309603
}