{
  "minPB": 0.909,
  "maxPB": 1.0765,
  "medianPB": 0.96,
  "hienTaiPB": 0.9852927146277787,
  "minPE": -0.8706,
  "maxPE": -0.7351,
  "medianPE": -0.77,
  "hienTaiPE": -0.8148,
  "minPS": 0.0493,
  "maxPS": 0.3414,
  "medianPS": 0.08,
  "hienTaiPS": 0.05925559199242123
}