{
  "minPB": 0.2667,
  "maxPB": 1.8281,
  "medianPB": 0.56,
  "hienTaiPB": 0.9743450177985812,
  "minPE": -12.1952,
  "maxPE": 457.1053,
  "medianPE": 2.41,
  "hienTaiPE": -0.9043,
  "minPS": 0.0493,
  "maxPS": 0.3438,
  "medianPS": 0.09,
  "hienTaiPS": 0.05859719652583877
}