{
  "minPB": 0.4668,
  "maxPB": 0.9519,
  "medianPB": 0.82,
  "hienTaiPB": 0.64176504538483,
  "minPE": 5.5979,
  "maxPE": 19.6625,
  "medianPE": 9.3,
  "hienTaiPE": 7.084414809550881,
  "minPS": 0.658,
  "maxPS": 1.6125,
  "medianPS": 1.19,
  "hienTaiPS": 0.8504324782484781
}