{
  "minPB": 0.6095,
  "maxPB": 0.6625,
  "medianPB": 0.61,
  "hienTaiPB": 0.64176504538483,
  "minPE": 7.0844,
  "maxPE": 9.1234,
  "medianPE": 8.39,
  "hienTaiPE": 7.084414809550881,
  "minPS": 0.658,
  "maxPS": 1.6126,
  "medianPS": 1.19,
  "hienTaiPS": 0.8504324782484781
}