{
  "minPB": 0.4496,
  "maxPB": 1.1914,
  "medianPB": 0.8,
  "hienTaiPB": 0.4600513612903356,
  "minPE": -53.2125,
  "maxPE": 20.8714,
  "medianPE": 6.64,
  "hienTaiPE": 332.2378689936832,
  "minPS": 0.2315,
  "maxPS": 1.8054,
  "medianPS": 0.4,
  "hienTaiPS": 1.0338545948505475
}