{
  "minPB": 0.4496,
  "maxPB": 1.1914,
  "medianPB": 0.8,
  "hienTaiPB": 0.4426909325623984,
  "minPE": -53.2125,
  "maxPE": 18.7446,
  "medianPE": 6.64,
  "hienTaiPE": 319.7005909184499,
  "minPS": 0.2315,
  "maxPS": 1.8054,
  "medianPS": 0.4,
  "hienTaiPS": 0.994841213912791
}