{
  "minPB": 0.4517,
  "maxPB": 1.1914,
  "medianPB": 0.81,
  "hienTaiPB": 0.4600513612903356,
  "minPE": -53.2125,
  "maxPE": 18.3106,
  "medianPE": 6.62,
  "hienTaiPE": 332.2378689936832,
  "minPS": 0.2315,
  "maxPS": 1.7924,
  "medianPS": 0.4,
  "hienTaiPS": 1.0338545948505475
}