{
  "minPB": 0.4496,
  "maxPB": 1.1914,
  "medianPB": 0.8,
  "hienTaiPB": 0.451371146926367,
  "minPE": -53.2125,
  "maxPE": 19.7241,
  "medianPE": 6.64,
  "hienTaiPE": 325.96922995606656,
  "minPS": 0.2315,
  "maxPS": 1.8054,
  "medianPS": 0.4,
  "hienTaiPS": 1.0143479043816692
}