{
  "minPB": 0.5915,
  "maxPB": 0.6349,
  "medianPB": 0.61,
  "hienTaiPB": 0.6142194955978136,
  "minPE": 14.6652,
  "maxPE": 15.7418,
  "medianPE": 15.01,
  "hienTaiPE": 15.43779408837393,
  "minPS": 1.6436,
  "maxPS": 7.6198,
  "medianPS": 2.52,
  "hienTaiPS": 3.578297517571449
}