{
  "minPB": 0.4183,
  "maxPB": 6.0914,
  "medianPB": 0.89,
  "hienTaiPB": 0.6276579092851717,
  "minPE": -535.7497,
  "maxPE": 112.0578,
  "medianPE": 9.74,
  "hienTaiPE": 12.726212907323173,
  "minPS": 1.6436,
  "maxPS": 7.6198,
  "medianPS": 2.47,
  "hienTaiPS": 3.48075405782646
}