{
  "minPB": 0.4183,
  "maxPB": 6.0914,
  "medianPB": 0.89,
  "hienTaiPB": 0.6131276244857158,
  "minPE": -535.7497,
  "maxPE": 112.0578,
  "medianPE": 9.74,
  "hienTaiPE": 12.43160099337069,
  "minPS": 1.6436,
  "maxPS": 7.6198,
  "medianPS": 2.47,
  "hienTaiPS": 3.4001745780989108
}