{
  "minPB": 0.5915,
  "maxPB": 0.6349,
  "medianPB": 0.61,
  "hienTaiPB": 0.611279842603704,
  "minPE": 14.5659,
  "maxPE": 15.7418,
  "medianPE": 15.01,
  "hienTaiPE": 12.394135894486558,
  "minPS": 1.6436,
  "maxPS": 7.6198,
  "medianPS": 2.52,
  "hienTaiPS": 3.3899274766306675
}