{
  "minPB": 0.4186,
  "maxPB": 6.0914,
  "medianPB": 0.89,
  "hienTaiPB": 0.6215266330403146,
  "minPE": -535.7497,
  "maxPE": 111.9297,
  "medianPE": 9.74,
  "hienTaiPE": 12.601896897389466,
  "minPS": 1.6436,
  "maxPS": 7.5998,
  "medianPS": 2.47,
  "hienTaiPS": 3.4467523120454713
}