{
  "minPB": 1.527,
  "maxPB": 4.2961,
  "medianPB": 2.39,
  "hienTaiPB": 3.4978470989658117,
  "minPE": 3.6677,
  "maxPE": 12.6925,
  "medianPE": 9.43,
  "hienTaiPE": 8.953956084172997,
  "minPS": 0.4479,
  "maxPS": 1.2461,
  "medianPS": 0.68,
  "hienTaiPS": 1.1194701603614023
}