{
  "minPB": 1.527,
  "maxPB": 4.2961,
  "medianPB": 2.39,
  "hienTaiPB": 3.472439008658554,
  "minPE": 3.6677,
  "maxPE": 12.6925,
  "medianPE": 9.42,
  "hienTaiPE": 8.88891524094656,
  "minPS": 0.4479,
  "maxPS": 1.2461,
  "medianPS": 0.68,
  "hienTaiPS": 1.1113384158551451
}