{
  "minPB": 1.5257,
  "maxPB": 4.2961,
  "medianPB": 2.39,
  "hienTaiPB": 3.637591595655729,
  "minPE": 3.6677,
  "maxPE": 12.6925,
  "medianPE": 9.43,
  "hienTaiPE": 9.311680721918407,
  "minPS": 0.4475,
  "maxPS": 1.2461,
  "medianPS": 0.69,
  "hienTaiPS": 1.1641947551458167
}