{
  "minPB": 0.4455,
  "maxPB": 1.9674,
  "medianPB": 1.08,
  "hienTaiPB": 1.6364277259240587,
  "minPE": 4.1864,
  "maxPE": 18.212,
  "medianPE": 9.33,
  "hienTaiPE": 8.195032303212638,
  "minPS": 0.1448,
  "maxPS": 0.5419,
  "medianPS": 0.34,
  "hienTaiPS": 0.3956982568131134
}