{
  "minPB": 0.4455,
  "maxPB": 1.9674,
  "medianPB": 1.08,
  "hienTaiPB": 1.4656700501754614,
  "minPE": 4.1864,
  "maxPE": 18.212,
  "medianPE": 9.33,
  "hienTaiPE": 7.339898497660015,
  "minPS": 0.1448,
  "maxPS": 0.5419,
  "medianPS": 0.32,
  "hienTaiPS": 0.35440800392826677
}