{
  "minPB": 0.4455,
  "maxPB": 1.9674,
  "medianPB": 1.08,
  "hienTaiPB": 1.536819081737377,
  "minPE": 4.1864,
  "maxPE": 18.212,
  "medianPE": 9.33,
  "hienTaiPE": 7.696204249973609,
  "minPS": 0.1448,
  "maxPS": 0.5419,
  "medianPS": 0.32,
  "hienTaiPS": 0.3716122759636195
}