{
  "minPB": 0.4455,
  "maxPB": 1.9674,
  "medianPB": 1.08,
  "hienTaiPB": 1.5652786943621433,
  "minPE": 4.1864,
  "maxPE": 18.212,
  "medianPE": 9.33,
  "hienTaiPE": 7.838726550899046,
  "minPS": 0.1448,
  "maxPS": 0.5419,
  "medianPS": 0.33,
  "hienTaiPS": 0.3784939847777606
}