{
  "minPB": 0.4455,
  "maxPB": 1.9674,
  "medianPB": 1.08,
  "hienTaiPB": 1.7218065637983575,
  "minPE": 4.1864,
  "maxPE": 18.212,
  "medianPE": 9.33,
  "hienTaiPE": 8.62259920598895,
  "minPS": 0.1448,
  "maxPS": 0.5419,
  "medianPS": 0.33,
  "hienTaiPS": 0.41634338325553666
}