{
  "minPB": 0.3302,
  "maxPB": 5.6431,
  "medianPB": 1,
  "hienTaiPB": 2.1826037466016985,
  "minPE": -86.933,
  "maxPE": 691.3404,
  "medianPE": 9.82,
  "hienTaiPE": 17.853382065092358,
  "minPS": 0.6562,
  "maxPS": 13.95,
  "medianPS": 1.46,
  "hienTaiPS": 7.020289730900524
}