{
  "minPB": 0.3302,
  "maxPB": 5.5864,
  "medianPB": 1,
  "hienTaiPB": 2.336669893420642,
  "minPE": -86.933,
  "maxPE": 691.3404,
  "medianPE": 9.82,
  "hienTaiPE": 19.113620799098875,
  "minPS": 0.6542,
  "maxPS": 14.0462,
  "medianPS": 1.45,
  "hienTaiPS": 7.515839594258208
}