{
  "minPB": 0.3302,
  "maxPB": 5.6431,
  "medianPB": 1,
  "hienTaiPB": 2.0927318276239815,
  "minPE": -86.933,
  "maxPE": 691.3404,
  "medianPE": 9.82,
  "hienTaiPE": 17.118242803588554,
  "minPS": 0.6615,
  "maxPS": 13.9036,
  "medianPS": 1.46,
  "hienTaiPS": 6.731218977275208
}