{
  "minPB": 0.3302,
  "maxPB": 5.6431,
  "medianPB": 1,
  "hienTaiPB": 2.1355279795181326,
  "minPE": -86.933,
  "maxPE": 691.3404,
  "medianPE": 9.82,
  "hienTaiPE": 17.468309118590366,
  "minPS": 0.6532,
  "maxPS": 14.0462,
  "medianPS": 1.45,
  "hienTaiPS": 6.868871717096787
}