{
  "minPB": 0.3302,
  "maxPB": 5.6431,
  "medianPB": 1,
  "hienTaiPB": 2.1226891339498875,
  "minPE": -86.933,
  "maxPE": 691.3404,
  "medianPE": 9.82,
  "hienTaiPE": 17.363289224089822,
  "minPS": 0.6615,
  "maxPS": 13.9036,
  "medianPS": 1.46,
  "hienTaiPS": 6.827575895150313
}