{
  "minPB": 0.3302,
  "maxPB": 5.6431,
  "medianPB": 1,
  "hienTaiPB": 2.1740445162228683,
  "minPE": -86.933,
  "maxPE": 691.3404,
  "medianPE": 9.82,
  "hienTaiPE": 17.783368802091996,
  "minPS": 0.6588,
  "maxPS": 13.9268,
  "medianPS": 1.46,
  "hienTaiPS": 6.992759182936208
}