{
  "minPB": 0.6785,
  "maxPB": 2.4305,
  "medianPB": 1.69,
  "hienTaiPB": 1.826785906866764,
  "minPE": -84.029,
  "maxPE": 46.8097,
  "medianPE": 7.62,
  "hienTaiPE": 2013.537766747491,
  "minPS": 0.2975,
  "maxPS": 7.3157,
  "medianPS": 0.89,
  "hienTaiPS": 1.9978754010245008
}