{
  "minPB": 0.6958,
  "maxPB": 4.6189,
  "medianPB": 1.66,
  "hienTaiPB": 0.7069144823489893,
  "minPE": 3.3645,
  "maxPE": 36.9773,
  "medianPE": 9.05,
  "hienTaiPE": 11.14444931539962,
  "minPS": 0.3544,
  "maxPS": 2.1619,
  "medianPS": 0.61,
  "hienTaiPS": 0.45704111207942705
}