{
  "minPB": 0.6984,
  "maxPB": 4.6189,
  "medianPB": 1.67,
  "hienTaiPB": 0.7042265945834038,
  "minPE": 3.3645,
  "maxPE": 36.9773,
  "medianPE": 9.03,
  "hienTaiPE": 11.102074983401902,
  "minPS": 0.3544,
  "maxPS": 2.1607,
  "medianPS": 0.61,
  "hienTaiPS": 0.4553033131741821
}