{
  "minPB": 0.6984,
  "maxPB": 4.6189,
  "medianPB": 1.66,
  "hienTaiPB": 0.6961629312866473,
  "minPE": 3.3645,
  "maxPE": 36.9773,
  "medianPE": 9.04,
  "hienTaiPE": 10.974951987408751,
  "minPS": 0.3544,
  "maxPS": 2.1607,
  "medianPS": 0.6,
  "hienTaiPS": 0.4500899164584472
}