{
  "minPB": 0.6984,
  "maxPB": 4.6189,
  "medianPB": 1.67,
  "hienTaiPB": 0.6907871557554762,
  "minPE": 3.3645,
  "maxPE": 36.9773,
  "medianPE": 9.03,
  "hienTaiPE": 10.890203323413317,
  "minPS": 0.3544,
  "maxPS": 2.1607,
  "medianPS": 0.6,
  "hienTaiPS": 0.44661431864795725
}