{
  "minPB": 0.9185,
  "maxPB": 6.3674,
  "medianPB": 2.51,
  "hienTaiPB": 0.9414551459813517,
  "minPE": -406.3002,
  "maxPE": 548.6944,
  "medianPE": 6.84,
  "hienTaiPE": 13.277802338046659,
  "minPS": 0.368,
  "maxPS": 3.2966,
  "medianPS": 0.96,
  "hienTaiPS": 0.7664014749025879
}