{
  "minPB": 0.9185,
  "maxPB": 6.3674,
  "medianPB": 2.5,
  "hienTaiPB": 0.9547776244622199,
  "minPE": -406.3002,
  "maxPE": 548.6944,
  "medianPE": 6.86,
  "hienTaiPE": 12.491072436866563,
  "minPS": 0.3667,
  "maxPS": 3.3069,
  "medianPS": 1,
  "hienTaiPS": 0.741212762577094
}