{
  "minPB": 0.9185,
  "maxPB": 6.3674,
  "medianPB": 2.5,
  "hienTaiPB": 0.9370143198210623,
  "minPE": -406.3002,
  "maxPE": 548.6944,
  "medianPE": 6.85,
  "hienTaiPE": 12.258680391529511,
  "minPS": 0.3667,
  "maxPS": 3.3069,
  "medianPS": 1.01,
  "hienTaiPS": 0.7274227576919388
}