{
  "minPB": 0.3689,
  "maxPB": 1.9918,
  "medianPB": 0.97,
  "hienTaiPB": 0.7533199474262263,
  "minPE": -51.8999,
  "maxPE": 32.0676,
  "medianPE": 4.78,
  "hienTaiPE": 9.76372664881707,
  "minPS": 0.0645,
  "maxPS": 0.4523,
  "medianPS": 0.16,
  "hienTaiPS": 0.21461705709306506
}