{
  "minPB": 0.3689,
  "maxPB": 1.9918,
  "medianPB": 0.97,
  "hienTaiPB": 0.7560103758098914,
  "minPE": -51.8999,
  "maxPE": 32.0676,
  "medianPE": 4.78,
  "hienTaiPE": 9.798597101134273,
  "minPS": 0.0645,
  "maxPS": 0.4523,
  "medianPS": 0.16,
  "hienTaiPS": 0.21538354658268313
}