{
  "minPB": 0.3689,
  "maxPB": 1.9918,
  "medianPB": 0.97,
  "hienTaiPB": 0.7264156635895754,
  "minPE": -51.8999,
  "maxPE": 32.0676,
  "medianPE": 4.78,
  "hienTaiPE": 9.41502212564503,
  "minPS": 0.0652,
  "maxPS": 0.4485,
  "medianPS": 0.16,
  "hienTaiPS": 0.20695216219688414
}