{
  "minPB": 0.3689,
  "maxPB": 1.9899,
  "medianPB": 0.97,
  "hienTaiPB": 0.8555562260054999,
  "minPE": -33.1513,
  "maxPE": 31.9945,
  "medianPE": 4.79,
  "hienTaiPE": 11.088803836870815,
  "minPS": 0.0652,
  "maxPS": 0.4501,
  "medianPS": 0.16,
  "hienTaiPS": 0.24374365769855244
}