{
  "minPB": 0.3689,
  "maxPB": 1.9918,
  "medianPB": 0.97,
  "hienTaiPB": 0.7613912325772216,
  "minPE": -51.8999,
  "maxPE": 32.0676,
  "medianPE": 4.78,
  "hienTaiPE": 9.868338005768681,
  "minPS": 0.0652,
  "maxPS": 0.4485,
  "medianPS": 0.16,
  "hienTaiPS": 0.21691652556191932
}