{
  "minPB": 1.0873,
  "maxPB": 2.3664,
  "medianPB": 1.5,
  "hienTaiPB": 1.309800247542598,
  "minPE": 6.4365,
  "maxPE": 89.62,
  "medianPE": 15.33,
  "hienTaiPE": 24.734278598507206,
  "minPS": 1.3834,
  "maxPS": 6.9208,
  "medianPS": 2.75,
  "hienTaiPS": 1.760545945717035
}