{
  "minPB": 1.0869,
  "maxPB": 2.3673,
  "medianPB": 1.5,
  "hienTaiPB": 1.3456306494510581,
  "minPE": 6.4341,
  "maxPE": 89.9633,
  "medianPE": 15.32,
  "hienTaiPE": 25.410900201505882,
  "minPS": 1.3772,
  "maxPS": 6.8736,
  "medianPS": 2.76,
  "hienTaiPS": 1.8087067770588383
}