{
  "minPB": 1.0869,
  "maxPB": 2.3673,
  "medianPB": 1.5,
  "hienTaiPB": 1.3715081619405016,
  "minPE": 6.4341,
  "maxPE": 89.9633,
  "medianPE": 15.32,
  "hienTaiPE": 25.89957135922715,
  "minPS": 1.3772,
  "maxPS": 6.8736,
  "medianPS": 2.77,
  "hienTaiPS": 1.8434895996945853
}