{
  "minPB": 1.0869,
  "maxPB": 2.3673,
  "medianPB": 1.5,
  "hienTaiPB": 1.3794704734757148,
  "minPE": 6.4341,
  "maxPE": 89.9633,
  "medianPE": 15.32,
  "hienTaiPE": 26.049931715449077,
  "minPS": 1.3772,
  "maxPS": 6.8736,
  "medianPS": 2.76,
  "hienTaiPS": 1.8541920066594304
}