{
  "minPB": 1.066,
  "maxPB": 3.6574,
  "medianPB": 2.32,
  "hienTaiPB": 1.536189530424902,
  "minPE": 2.8572,
  "maxPE": 21.5293,
  "medianPE": 6.61,
  "hienTaiPE": 10.226478221462841,
  "minPS": 0.8803,
  "maxPS": 5.0869,
  "medianPS": 1.92,
  "hienTaiPS": 2.3127619050058748
}