{
  "minPB": 1.066,
  "maxPB": 3.6574,
  "medianPB": 2.32,
  "hienTaiPB": 1.512795781230614,
  "minPE": 2.8572,
  "maxPE": 21.5294,
  "medianPE": 6.6,
  "hienTaiPE": 10.07074505057762,
  "minPS": 0.8803,
  "maxPS": 5.0869,
  "medianPS": 1.93,
  "hienTaiPS": 2.277542180564161
}