{
  "minPB": 1.066,
  "maxPB": 3.6574,
  "medianPB": 2.32,
  "hienTaiPB": 1.4140221735213987,
  "minPE": 2.8572,
  "maxPE": 21.5294,
  "medianPE": 6.6,
  "hienTaiPE": 9.41320499572891,
  "minPS": 0.8803,
  "maxPS": 5.0869,
  "medianPS": 1.93,
  "hienTaiPS": 2.128836677365814
}