{
  "minPB": 0.5027,
  "maxPB": 0.8907,
  "medianPB": 0.68,
  "hienTaiPB": 0.6201739825338768,
  "minPE": 4.7741,
  "maxPE": 36.9265,
  "medianPE": 7.33,
  "hienTaiPE": 9.996487653919596,
  "minPS": 0.1325,
  "maxPS": 0.5247,
  "medianPS": 0.21,
  "hienTaiPS": 0.24438351688297227
}