{
  "minPB": 0.5027,
  "maxPB": 0.8907,
  "medianPB": 0.68,
  "hienTaiPB": 0.6232103300615823,
  "minPE": 4.7741,
  "maxPE": 36.9265,
  "medianPE": 7.3,
  "hienTaiPE": 10.045430065933889,
  "minPS": 0.1325,
  "maxPS": 0.5247,
  "medianPS": 0.2,
  "hienTaiPS": 0.2455800090096943
}