{
  "minPB": 0.5027,
  "maxPB": 0.8907,
  "medianPB": 0.69,
  "hienTaiPB": 0.6695146298590934,
  "minPE": 4.7741,
  "maxPE": 36.9265,
  "medianPE": 7.24,
  "hienTaiPE": 7.045382343666872,
  "minPS": 0.1325,
  "maxPS": 0.5247,
  "medianPS": 0.21,
  "hienTaiPS": 0.24299737157498008
}