{
  "minPB": 0.5027,
  "maxPB": 0.8907,
  "medianPB": 0.69,
  "hienTaiPB": 0.6292830251169936,
  "minPE": 4.7741,
  "maxPE": 36.9265,
  "medianPE": 7.24,
  "hienTaiPE": 6.622020366099588,
  "minPS": 0.1325,
  "maxPS": 0.5247,
  "medianPS": 0.21,
  "hienTaiPS": 0.22839548870256063
}