{
  "minPB": 0.5027,
  "maxPB": 0.8907,
  "medianPB": 0.69,
  "hienTaiPB": 0.6459829365193747,
  "minPE": 4.7741,
  "maxPE": 36.9265,
  "medianPE": 7.24,
  "hienTaiPE": 6.797755526599215,
  "minPS": 0.1325,
  "maxPS": 0.5247,
  "medianPS": 0.21,
  "hienTaiPS": 0.23445664763073473
}