{
  "minPB": 0.5027,
  "maxPB": 0.8907,
  "medianPB": 0.68,
  "hienTaiPB": 0.6224512431796559,
  "minPE": 4.7741,
  "maxPE": 36.9265,
  "medianPE": 7.31,
  "hienTaiPE": 10.033194462930316,
  "minPS": 0.1325,
  "maxPS": 0.5247,
  "medianPS": 0.2,
  "hienTaiPS": 0.24528088597801379
}