{
  "minPB": 0.5027,
  "maxPB": 0.8907,
  "medianPB": 0.68,
  "hienTaiPB": 0.6186558087700239,
  "minPE": 4.7741,
  "maxPE": 36.9265,
  "medianPE": 7.29,
  "hienTaiPE": 9.972016447912448,
  "minPS": 0.1325,
  "maxPS": 0.5247,
  "medianPS": 0.2,
  "hienTaiPS": 0.24378527081961127
}