{
  "minPB": 0.5027,
  "maxPB": 0.8907,
  "medianPB": 0.68,
  "hienTaiPB": 0.6118240268326862,
  "minPE": 4.7741,
  "maxPE": 36.9265,
  "medianPE": 7.29,
  "hienTaiPE": 9.861896020880286,
  "minPS": 0.1325,
  "maxPS": 0.5247,
  "medianPS": 0.2,
  "hienTaiPS": 0.24109316353448673
}