{
  "minPB": 0.7097,
  "maxPB": 0.715,
  "medianPB": 0.72,
  "hienTaiPB": 0.7096611752872058,
  "minPE": 8.8702,
  "maxPE": 9.3862,
  "medianPE": 8.87,
  "hienTaiPE": 9.3861575454285,
  "minPS": 1.0221,
  "maxPS": 4.4578,
  "medianPS": 2.59,
  "hienTaiPS": 1.0318152976600439
}