{
  "minPB": 0.9212,
  "maxPB": 1.0878,
  "medianPB": 1.09,
  "hienTaiPB": 0.9985730272742231,
  "minPE": 10.6818,
  "maxPE": 12.3873,
  "medianPE": 12.39,
  "hienTaiPE": 11.717982424875652,
  "minPS": 0.4517,
  "maxPS": 4.8829,
  "medianPS": 1.03,
  "hienTaiPS": 0.8087418646374723
}