{
  "minPB": 0.4219,
  "maxPB": 2.8018,
  "medianPB": 1.12,
  "hienTaiPB": 0.9985730272742231,
  "minPE": 5.5638,
  "maxPE": 32.3632,
  "medianPE": 14.42,
  "hienTaiPE": 11.717982424875652,
  "minPS": 0.4517,
  "maxPS": 4.8829,
  "medianPS": 1.07,
  "hienTaiPS": 0.8087418646374723
}