{
  "minPB": 0.6931,
  "maxPB": 0.6982,
  "medianPB": 0.69,
  "hienTaiPB": 0.698209321259459,
  "minPE": 6.8576,
  "maxPE": 7.9892,
  "medianPE": 6.86,
  "hienTaiPE": 7.98916084971347,
  "minPS": 0.9042,
  "maxPS": 2.1574,
  "medianPS": 1.33,
  "hienTaiPS": 0.83374485098516
}