{
  "minPB": 0.6931,
  "maxPB": 0.9958,
  "medianPB": 0.79,
  "hienTaiPB": 0.698209321259459,
  "minPE": 5.7183,
  "maxPE": 27.3492,
  "medianPE": 12.83,
  "hienTaiPE": 7.98916084971347,
  "minPS": 0.9042,
  "maxPS": 2.1574,
  "medianPS": 1.33,
  "hienTaiPS": 0.83374485098516
}