{
  "minPB": 0.2893,
  "maxPB": 3.5768,
  "medianPB": 0.96,
  "hienTaiPB": 0.5390514485674925,
  "minPE": -79.26,
  "maxPE": 54.6064,
  "medianPE": 6.15,
  "hienTaiPE": -8.9527,
  "minPS": 0.4249,
  "maxPS": 112.8444,
  "medianPS": 3.54,
  "hienTaiPS": 113.29177800477541
}