{
  "minPB": 0.2893,
  "maxPB": 3.5768,
  "medianPB": 0.96,
  "hienTaiPB": 0.5133823319690405,
  "minPE": -79.26,
  "maxPE": 54.6064,
  "medianPE": 6.16,
  "hienTaiPE": -8.3657,
  "minPS": 0.4249,
  "maxPS": 112.8444,
  "medianPS": 3.53,
  "hienTaiPS": 107.89693143311945
}