{
  "minPB": 0.2893,
  "maxPB": 3.6235,
  "medianPB": 0.97,
  "hienTaiPB": 0.4021494933757484,
  "minPE": -79.26,
  "maxPE": 54.6064,
  "medianPE": 6.18,
  "hienTaiPE": -6.3109,
  "minPS": 0.4249,
  "maxPS": 112.8444,
  "medianPS": 3.67,
  "hienTaiPS": 84.51926295594356
}