{
  "minPB": 0.2893,
  "maxPB": 3.6235,
  "medianPB": 0.96,
  "hienTaiPB": 0.4192622377747164,
  "minPE": -79.26,
  "maxPE": 54.6064,
  "medianPE": 6.16,
  "hienTaiPE": -7.0448,
  "minPS": 0.4249,
  "maxPS": 112.8444,
  "medianPS": 3.53,
  "hienTaiPS": 88.11582733704755
}