{
  "minPB": 0.6173,
  "maxPB": 2.9837,
  "medianPB": 0.98,
  "hienTaiPB": 1.3530831777528858,
  "minPE": 20.615,
  "maxPE": 135.0691,
  "medianPE": 44.64,
  "hienTaiPE": 40.91670983252204,
  "minPS": 0.7611,
  "maxPS": 4.6965,
  "medianPS": 1.32,
  "hienTaiPS": 1.0748762862260366
}