{
  "minPB": 0.6173,
  "maxPB": 2.9837,
  "medianPB": 0.98,
  "hienTaiPB": 1.594705173780187,
  "minPE": 20.615,
  "maxPE": 135.0691,
  "medianPE": 44.67,
  "hienTaiPE": 48.223265159758114,
  "minPS": 0.7611,
  "maxPS": 4.6965,
  "medianPS": 1.32,
  "hienTaiPS": 1.2668184801949718
}