{
  "minPB": 0.6173,
  "maxPB": 2.9837,
  "medianPB": 0.98,
  "hienTaiPB": 1.401407576958346,
  "minPE": 20.615,
  "maxPE": 135.0691,
  "medianPE": 44.64,
  "hienTaiPE": 42.37802089796926,
  "minPS": 0.7611,
  "maxPS": 4.6965,
  "medianPS": 1.32,
  "hienTaiPS": 1.1132647250198235
}