{
  "minPB": 0.6173,
  "maxPB": 2.9837,
  "medianPB": 0.98,
  "hienTaiPB": 1.3997645473853604,
  "minPE": 20.615,
  "maxPE": 135.0691,
  "medianPE": 44.65,
  "hienTaiPE": 42.32833632174405,
  "minPS": 0.7611,
  "maxPS": 4.6965,
  "medianPS": 1.32,
  "hienTaiPS": 1.1119595181008348
}