{
  "minPB": 1.3407,
  "maxPB": 1.7115,
  "medianPB": 1.65,
  "hienTaiPB": 1.3530831777528858,
  "minPE": 20.3717,
  "maxPE": 42.0858,
  "medianPE": 25.57,
  "hienTaiPE": 40.91670983252204,
  "minPS": 0.7611,
  "maxPS": 4.6965,
  "medianPS": 1.33,
  "hienTaiPS": 1.0748762862260366
}