{
  "minPB": 0.6173,
  "maxPB": 2.9837,
  "medianPB": 0.98,
  "hienTaiPB": 1.5657105342569109,
  "minPE": 20.615,
  "maxPE": 135.0691,
  "medianPE": 44.65,
  "hienTaiPE": 47.34647852048979,
  "minPS": 0.7611,
  "maxPS": 4.6965,
  "medianPS": 1.32,
  "hienTaiPS": 1.2437854169186995
}