{
  "minPB": 1.3407,
  "maxPB": 1.7115,
  "medianPB": 1.65,
  "hienTaiPB": 1.3627480575939779,
  "minPE": 20.3717,
  "maxPE": 42.0858,
  "medianPE": 25.57,
  "hienTaiPE": 41.20897204561148,
  "minPS": 0.7611,
  "maxPS": 4.6965,
  "medianPS": 1.33,
  "hienTaiPS": 1.082553973984794
}