{
  "minPB": 0.6173,
  "maxPB": 2.9837,
  "medianPB": 0.98,
  "hienTaiPB": 1.5560456544158188,
  "minPE": 20.615,
  "maxPE": 135.0691,
  "medianPE": 44.66,
  "hienTaiPE": 47.054216307400345,
  "minPS": 0.7611,
  "maxPS": 4.6965,
  "medianPS": 1.32,
  "hienTaiPS": 1.236107729159942
}