{
  "minPB": 0.9608,
  "maxPB": 2.6799,
  "medianPB": 1.6,
  "hienTaiPB": 1.1100132862390815,
  "minPE": 4.8642,
  "maxPE": 11.4548,
  "medianPE": 7.24,
  "hienTaiPE": 7.091581119273524,
  "minPS": 0.5938,
  "maxPS": 1.8829,
  "medianPS": 0.97,
  "hienTaiPS": 0.6308663008206522
}