{
  "minPB": 0.9608,
  "maxPB": 2.6799,
  "medianPB": 1.6,
  "hienTaiPB": 1.0165650687400005,
  "minPE": 4.8642,
  "maxPE": 11.4548,
  "medianPE": 7.24,
  "hienTaiPE": 6.060474567549663,
  "minPS": 0.5938,
  "maxPS": 1.8862,
  "medianPS": 0.94,
  "hienTaiPS": 0.6258831093336391
}