{
  "minPB": 0.9608,
  "maxPB": 2.6799,
  "medianPB": 1.6,
  "hienTaiPB": 1.021616323739951,
  "minPE": 4.8642,
  "maxPE": 11.4548,
  "medianPE": 7.24,
  "hienTaiPE": 6.090588726891525,
  "minPS": 0.5938,
  "maxPS": 1.8862,
  "medianPS": 0.94,
  "hienTaiPS": 0.6289930875166634
}