{
  "minPB": 0.9609,
  "maxPB": 2.6799,
  "medianPB": 1.6,
  "hienTaiPB": 1.1087504724890938,
  "minPE": 4.8642,
  "maxPE": 11.4548,
  "medianPE": 7.24,
  "hienTaiPE": 7.08351333643021,
  "minPS": 0.5938,
  "maxPS": 1.8829,
  "medianPS": 0.97,
  "hienTaiPS": 0.6301485917184672
}