{
  "minPB": 0.9608,
  "maxPB": 2.6799,
  "medianPB": 1.6,
  "hienTaiPB": 1.120115796238982,
  "minPE": 4.8642,
  "maxPE": 11.4548,
  "medianPE": 7.24,
  "hienTaiPE": 7.1561233820200405,
  "minPS": 0.5938,
  "maxPS": 1.8829,
  "medianPS": 0.97,
  "hienTaiPS": 0.6366079736381326
}