{
  "minPB": 0.9608,
  "maxPB": 2.6799,
  "medianPB": 1.6,
  "hienTaiPB": 1.0127766274900378,
  "minPE": 4.8642,
  "maxPE": 11.4548,
  "medianPE": 7.24,
  "hienTaiPE": 6.037888948043268,
  "minPS": 0.5938,
  "maxPS": 1.8862,
  "medianPS": 0.94,
  "hienTaiPS": 0.6235506256963709
}