{
  "minPB": 0.9608,
  "maxPB": 2.6799,
  "medianPB": 1.6,
  "hienTaiPB": 1.1239042374889447,
  "minPE": 4.8642,
  "maxPE": 11.4548,
  "medianPE": 7.24,
  "hienTaiPE": 7.180326730549985,
  "minPS": 0.5938,
  "maxPS": 1.8829,
  "medianPS": 0.97,
  "hienTaiPS": 0.6387611009446876
}