{
  "minPB": 0.1141,
  "maxPB": 1.4194,
  "medianPB": 0.45,
  "hienTaiPB": 0.3997650387659808,
  "minPE": -103.6667,
  "maxPE": 413.4973,
  "medianPE": 28.05,
  "hienTaiPE": 50.784266014113314,
  "minPS": 0.0305,
  "maxPS": 0.3184,
  "medianPS": 0.1,
  "hienTaiPS": 0.09396875607966913
}