{
  "minPB": 0.1141,
  "maxPB": 1.4194,
  "medianPB": 0.45,
  "hienTaiPB": 0.5127421149389754,
  "minPE": -103.6667,
  "maxPE": 413.4973,
  "medianPE": 28.42,
  "hienTaiPE": 65.13634119201491,
  "minPS": 0.0305,
  "maxPS": 0.3187,
  "medianPS": 0.11,
  "hienTaiPS": 0.1205251436674017
}