{
  "minPB": 0.1141,
  "maxPB": 1.4194,
  "medianPB": 0.44,
  "hienTaiPB": 0.47797993765497704,
  "minPE": -103.6667,
  "maxPE": 413.4973,
  "medianPE": 28.17,
  "hienTaiPE": 60.72031806035288,
  "minPS": 0.0305,
  "maxPS": 0.3187,
  "medianPS": 0.11,
  "hienTaiPS": 0.11235394748656091
}