{
  "minPB": 0.1141,
  "maxPB": 1.4194,
  "medianPB": 0.44,
  "hienTaiPB": 0.5040515706179758,
  "minPE": -103.6667,
  "maxPE": 413.4973,
  "medianPE": 28.3,
  "hienTaiPE": 64.0323354090994,
  "minPS": 0.0305,
  "maxPS": 0.3187,
  "medianPS": 0.11,
  "hienTaiPS": 0.11848234462219151
}