{
  "minPB": 0.1141,
  "maxPB": 1.4194,
  "medianPB": 0.45,
  "hienTaiPB": 0.41714612740797996,
  "minPE": -103.6667,
  "maxPE": 413.4973,
  "medianPE": 28.05,
  "hienTaiPE": 52.99227757994433,
  "minPS": 0.0305,
  "maxPS": 0.3184,
  "medianPS": 0.1,
  "hienTaiPS": 0.09805435417008952
}