{
  "minPB": 0.1141,
  "maxPB": 1.4194,
  "medianPB": 0.44,
  "hienTaiPB": 0.521432659259975,
  "minPE": -103.6667,
  "maxPE": 413.4973,
  "medianPE": 28.19,
  "hienTaiPE": 66.24034697493042,
  "minPS": 0.0305,
  "maxPS": 0.3187,
  "medianPS": 0.11,
  "hienTaiPS": 0.1225679427126119
}