{
  "minPB": 0.1141,
  "maxPB": 1.4194,
  "medianPB": 0.44,
  "hienTaiPB": 0.5475042922229737,
  "minPE": -103.6667,
  "maxPE": 413.4973,
  "medianPE": 28.41,
  "hienTaiPE": 69.55236432367693,
  "minPS": 0.0305,
  "maxPS": 0.3187,
  "medianPS": 0.11,
  "hienTaiPS": 0.1286963398482425
}