{
  "minPB": 0,
  "maxPB": 1.5268,
  "medianPB": 0.62,
  "hienTaiPB": 0.6918605586711508,
  "minPE": -25.7888,
  "maxPE": 72.0754,
  "medianPE": 6.65,
  "hienTaiPE": 7.0963866503985455,
  "minPS": 0,
  "maxPS": 0.3221,
  "medianPS": 0.13,
  "hienTaiPS": 0.14945003191820042
}