{
  "minPB": 0.3831,
  "maxPB": 1.5857,
  "medianPB": 0.65,
  "hienTaiPB": 0.6322174070615688,
  "minPE": -41.4494,
  "maxPE": 78.2357,
  "medianPE": 7.25,
  "hienTaiPE": 6.484629180536602,
  "minPS": 0.0791,
  "maxPS": 0.3296,
  "medianPS": 0.14,
  "hienTaiPS": 0.13656640847697624
}