{
  "minPB": 0.3871,
  "maxPB": 2.1062,
  "medianPB": 1.51,
  "hienTaiPB": 1.5493932476446972,
  "minPE": -0.3032,
  "maxPE": 199.9417,
  "medianPE": 10.78,
  "hienTaiPE": 84.5550623915154,
  "minPS": 0.2348,
  "maxPS": 23.7452,
  "medianPS": 1.04,
  "hienTaiPS": 1.0278589056449166
}