{
  "minPB": 0.3871,
  "maxPB": 2.1062,
  "medianPB": 1.51,
  "hienTaiPB": 1.5311650917900537,
  "minPE": -0.3032,
  "maxPE": 199.9417,
  "medianPE": 10.77,
  "hienTaiPE": 83.56029695161523,
  "minPS": 0.2348,
  "maxPS": 23.7452,
  "medianPS": 1.04,
  "hienTaiPS": 1.0157664479314468
}