{
  "minPB": 0.3871,
  "maxPB": 2.1062,
  "medianPB": 1.51,
  "hienTaiPB": 1.5202281982772676,
  "minPE": -0.3032,
  "maxPE": 199.9417,
  "medianPE": 10.78,
  "hienTaiPE": 82.96343768767512,
  "minPS": 0.2348,
  "maxPS": 23.7452,
  "medianPS": 1.04,
  "hienTaiPS": 1.008510973303365
}