{
  "minPB": 0.3872,
  "maxPB": 2.1062,
  "medianPB": 1.51,
  "hienTaiPB": 1.4363786813459074,
  "minPE": -0.3031,
  "maxPE": 199.9417,
  "medianPE": 10.77,
  "hienTaiPE": 22.823754212953077,
  "minPS": 0.2348,
  "maxPS": 23.4871,
  "medianPS": 1.04,
  "hienTaiPS": 1.0579974113752681
}