{
  "minPB": 2.3402,
  "maxPB": 8.7519,
  "medianPB": 4.43,
  "hienTaiPB": 4.693436589018275,
  "minPE": 3.8632,
  "maxPE": 20.9936,
  "medianPE": 12.43,
  "hienTaiPE": 16.820808740464333,
  "minPS": 3.3836,
  "maxPS": 23.6864,
  "medianPS": 13.9,
  "hienTaiPS": 14.47774436591867
}