{
  "minPB": 2.3402,
  "maxPB": 8.7519,
  "medianPB": 4.43,
  "hienTaiPB": 4.915368434920246,
  "minPE": 3.8632,
  "maxPE": 20.9936,
  "medianPE": 12.46,
  "hienTaiPE": 17.61619034678451,
  "minPS": 3.3836,
  "maxPS": 23.6864,
  "medianPS": 13.95,
  "hienTaiPS": 15.162332826992836
}