{
  "minPB": 2.3271,
  "maxPB": 8.774,
  "medianPB": 4.42,
  "hienTaiPB": 4.447943123337899,
  "minPE": 3.8596,
  "maxPE": 21.1332,
  "medianPE": 12.42,
  "hienTaiPE": 15.940984638247775,
  "minPS": 3.3802,
  "maxPS": 23.7494,
  "medianPS": 13.86,
  "hienTaiPS": 13.72047587571684
}