{
  "minPB": 2.3337,
  "maxPB": 8.763,
  "medianPB": 4.43,
  "hienTaiPB": 4.631804129382485,
  "minPE": 3.8614,
  "maxPE": 21.0634,
  "medianPE": 12.43,
  "hienTaiPE": 16.599924150659984,
  "minPS": 3.3819,
  "maxPS": 23.7179,
  "medianPS": 13.9,
  "hienTaiPS": 14.287628024017392
}