{
  "minPB": 3.8857,
  "maxPB": 4.6382,
  "medianPB": 4.34,
  "hienTaiPB": 4.4479219728713115,
  "minPE": 15.9591,
  "maxPE": 19.6031,
  "medianPE": 18.69,
  "hienTaiPE": 15.940908837084493,
  "minPS": 3.3993,
  "maxPS": 23.6864,
  "medianPS": 14.4,
  "hienTaiPS": 13.720410633320855
}