{
  "minPB": 3.8857,
  "maxPB": 4.6382,
  "medianPB": 4.34,
  "hienTaiPB": 4.452173216655386,
  "minPE": 15.9745,
  "maxPE": 19.6031,
  "medianPE": 18.78,
  "hienTaiPE": 15.956144870904215,
  "minPS": 3.3993,
  "maxPS": 23.6864,
  "medianPS": 14.41,
  "hienTaiPS": 13.733524354913907
}