{
  "minPB": 2.3402,
  "maxPB": 8.7519,
  "medianPB": 4.43,
  "hienTaiPB": 4.699633675728394,
  "minPE": 3.8632,
  "maxPE": 20.9936,
  "medianPE": 12.46,
  "hienTaiPE": 16.843018481306018,
  "minPS": 3.3836,
  "maxPS": 23.6864,
  "medianPS": 13.93,
  "hienTaiPS": 14.496860387942377
}