{
  "minPB": 2.3271,
  "maxPB": 8.774,
  "medianPB": 4.42,
  "hienTaiPB": 4.558369709390905,
  "minPE": 3.8596,
  "maxPE": 21.1332,
  "medianPE": 12.43,
  "hienTaiPE": 16.33674251174417,
  "minPS": 3.3802,
  "maxPS": 23.7494,
  "medianPS": 13.9,
  "hienTaiPS": 14.061106425156295
}