{
  "minPB": 3.8857,
  "maxPB": 4.6382,
  "medianPB": 4.34,
  "hienTaiPB": 4.424148848427033,
  "minPE": 15.9409,
  "maxPE": 19.6031,
  "medianPE": 18.66,
  "hienTaiPE": 15.855708329555293,
  "minPS": 3.3993,
  "maxPS": 23.6864,
  "medianPS": 14.4,
  "hienTaiPS": 13.647078180233333
}