{
  "minPB": 2.3402,
  "maxPB": 8.7519,
  "medianPB": 4.43,
  "hienTaiPB": 4.665792929188496,
  "minPE": 3.8632,
  "maxPE": 20.9936,
  "medianPE": 12.44,
  "hienTaiPE": 16.72173662005449,
  "minPS": 3.3836,
  "maxPS": 23.6864,
  "medianPS": 13.91,
  "hienTaiPS": 14.392472554365833
}