{
  "minPB": 1.9791,
  "maxPB": 3.7589,
  "medianPB": 2.67,
  "hienTaiPB": 3.4781344573625463,
  "minPE": 6.7946,
  "maxPE": 15.1253,
  "medianPE": 10.05,
  "hienTaiPE": 11.92177379975634,
  "minPS": 3.1321,
  "maxPS": 6.1174,
  "medianPS": 3.9,
  "hienTaiPS": 5.680449872272157
}