{
  "minPB": 1.9791,
  "maxPB": 3.7589,
  "medianPB": 2.67,
  "hienTaiPB": 3.5641660517142704,
  "minPE": 6.7946,
  "maxPE": 15.1253,
  "medianPE": 10.05,
  "hienTaiPE": 12.216658664061265,
  "minPS": 3.1321,
  "maxPS": 6.1174,
  "medianPS": 3.91,
  "hienTaiPS": 5.8209556995015035
}