{
  "minPB": 0.618,
  "maxPB": 5.5956,
  "medianPB": 1.17,
  "hienTaiPB": 1.2544684546904052,
  "minPE": 2.2967,
  "maxPE": 77.701,
  "medianPE": 7.46,
  "hienTaiPE": 3.603845753807636,
  "minPS": 0.9028,
  "maxPS": 4.5129,
  "medianPS": 1.85,
  "hienTaiPS": 1.5191267583035246
}