{
  "minPB": 0.618,
  "maxPB": 5.5956,
  "medianPB": 1.17,
  "hienTaiPB": 1.2754345012869022,
  "minPE": 2.2967,
  "maxPE": 77.701,
  "medianPE": 7.45,
  "hienTaiPE": 3.6640771591637527,
  "minPS": 0.9028,
  "maxPS": 4.5129,
  "medianPS": 1.85,
  "hienTaiPS": 1.5445160634562298
}