{
  "minPB": 1.0935,
  "maxPB": 4.3322,
  "medianPB": 2.02,
  "hienTaiPB": 2.464588771520665,
  "minPE": 4.2999,
  "maxPE": 15.7376,
  "medianPE": 9.15,
  "hienTaiPE": 11.566733279940784,
  "minPS": 0.5609,
  "maxPS": 1.7038,
  "medianPS": 1,
  "hienTaiPS": 1.5043014865305948
}