{
  "minPB": 0,
  "maxPB": 4.2588,
  "medianPB": 1.84,
  "hienTaiPB": 2.5966940323056926,
  "minPE": 0,
  "maxPE": 15.6075,
  "medianPE": 8.6,
  "hienTaiPE": 12.186725683555702,
  "minPS": 0,
  "maxPS": 1.7679,
  "medianPS": 0.95,
  "hienTaiPS": 1.584934062023022
}