{
  "minPB": 0,
  "maxPB": 4.2588,
  "medianPB": 1.84,
  "hienTaiPB": 2.621463768702885,
  "minPE": 0,
  "maxPE": 15.6075,
  "medianPE": 8.61,
  "hienTaiPE": 12.3029742592335,
  "minPS": 0,
  "maxPS": 1.7679,
  "medianPS": 0.95,
  "hienTaiPS": 1.6000526699278521
}