{
  "minPB": 0,
  "maxPB": 4.2588,
  "medianPB": 1.84,
  "hienTaiPB": 2.646233505100078,
  "minPE": 0,
  "maxPE": 15.6075,
  "medianPE": 8.61,
  "hienTaiPE": 12.419222834911295,
  "minPS": 0,
  "maxPS": 1.7679,
  "medianPS": 0.95,
  "hienTaiPS": 1.615171277832682
}