{
  "minPB": 0,
  "maxPB": 4.2588,
  "medianPB": 1.84,
  "hienTaiPB": 2.642105215700546,
  "minPE": 0,
  "maxPE": 15.6075,
  "medianPE": 8.61,
  "hienTaiPE": 12.39984807229833,
  "minPS": 0,
  "maxPS": 1.7679,
  "medianPS": 0.95,
  "hienTaiPS": 1.6126515098485439
}