{
  "minPB": 0,
  "maxPB": 4.2588,
  "medianPB": 1.85,
  "hienTaiPB": 2.6710032414972704,
  "minPE": 0,
  "maxPE": 15.6075,
  "medianPE": 8.61,
  "hienTaiPE": 12.535471410589093,
  "minPS": 0,
  "maxPS": 1.7679,
  "medianPS": 0.95,
  "hienTaiPS": 1.6302898857375123
}