{
  "minPB": 0.7743,
  "maxPB": 1.6563,
  "medianPB": 1.06,
  "hienTaiPB": 1.1814443407289668,
  "minPE": -219.7608,
  "maxPE": 769.3044,
  "medianPE": -2.49,
  "hienTaiPE": 6.896162967918442,
  "minPS": 0.1119,
  "maxPS": 0.3784,
  "medianPS": 0.21,
  "hienTaiPS": 0.18304021710466928
}