{
  "minPB": 0.8735,
  "maxPB": 1.5474,
  "medianPB": 1.05,
  "hienTaiPB": 1.4152718664982413,
  "minPE": 4.8356,
  "maxPE": 8.566,
  "medianPE": 5.82,
  "hienTaiPE": 8.261028555318967,
  "minPS": 0.1119,
  "maxPS": 0.3784,
  "medianPS": 0.21,
  "hienTaiPS": 0.21926692673996842
}