{
  "minPB": 0.8735,
  "maxPB": 1.5474,
  "medianPB": 1.05,
  "hienTaiPB": 1.3537383070852744,
  "minPE": 4.8356,
  "maxPE": 8.566,
  "medianPE": 5.8,
  "hienTaiPE": 7.901853400739881,
  "minPS": 0.1119,
  "maxPS": 0.3784,
  "medianPS": 0.21,
  "hienTaiPS": 0.20973358209910023
}