{
  "minPB": 0.8735,
  "maxPB": 1.5474,
  "medianPB": 1.06,
  "hienTaiPB": 1.402965154615648,
  "minPE": 4.8356,
  "maxPE": 8.566,
  "medianPE": 5.84,
  "hienTaiPE": 8.18919352440315,
  "minPS": 0.1119,
  "maxPS": 0.3784,
  "medianPS": 0.21,
  "hienTaiPS": 0.21736025781179477
}