{
  "minPB": 0.495,
  "maxPB": 1.7163,
  "medianPB": 1.09,
  "hienTaiPB": 1.1362888409021978,
  "minPE": 1.3409,
  "maxPE": 20.7496,
  "medianPE": 11.07,
  "hienTaiPE": 18.021786829879954,
  "minPS": 1.0109,
  "maxPS": 2.2005,
  "medianPS": 1.27,
  "hienTaiPS": 1.1314166384711855
}