{
  "minPB": 0.5771,
  "maxPB": 0.9446,
  "medianPB": 0.74,
  "hienTaiPB": 0.8244470356783316,
  "minPE": 5.1298,
  "maxPE": 11.0026,
  "medianPE": 8.03,
  "hienTaiPE": 9.21813161353679,
  "minPS": 0.2117,
  "maxPS": 0.3665,
  "medianPS": 0.26,
  "hienTaiPS": 0.2616209726716108
}