{
  "minPB": 0.5766,
  "maxPB": 4.8621,
  "medianPB": 2.83,
  "hienTaiPB": 0.47366455793003365,
  "minPE": -56.1623,
  "maxPE": 52.7991,
  "medianPE": 24.09,
  "hienTaiPE": -2.856,
  "minPS": 2.2238,
  "maxPS": 17.7786,
  "medianPS": 5.33,
  "hienTaiPS": 1.9773194442451347
}