{
  "minPB": 0.5761,
  "maxPB": 4.8621,
  "medianPB": 2.83,
  "hienTaiPB": 0.4762388218318273,
  "minPE": -56.1623,
  "maxPE": 52.7991,
  "medianPE": 24.05,
  "hienTaiPE": -2.7434,
  "minPS": 2.1943,
  "maxPS": 17.7924,
  "medianPS": 5.38,
  "hienTaiPS": 1.9880657455725539
}