{
  "minPB": 0.571,
  "maxPB": 4.8598,
  "medianPB": 2.83,
  "hienTaiPB": 0.5457439471802562,
  "minPE": -56.1623,
  "maxPE": 52.7991,
  "medianPE": 24.02,
  "hienTaiPE": -3.0719,
  "minPS": 2.1787,
  "maxPS": 17.7859,
  "medianPS": 5.37,
  "hienTaiPS": 2.2782158814128723
}