{
  "minPB": 0.5775,
  "maxPB": 4.8621,
  "medianPB": 2.83,
  "hienTaiPB": 0.48653587743900195,
  "minPE": -56.1623,
  "maxPE": 52.7991,
  "medianPE": 24.09,
  "hienTaiPE": -2.856,
  "minPS": 2.2333,
  "maxPS": 17.7786,
  "medianPS": 5.34,
  "hienTaiPS": 2.0310509508822308
}