{
  "minPB": 0.2264,
  "maxPB": 6.0024,
  "medianPB": 1.5,
  "hienTaiPB": 3.4865778341057254,
  "minPE": -88.8684,
  "maxPE": 915.0396,
  "medianPE": -1.62,
  "hienTaiPE": -76.1718,
  "minPS": 0.8707,
  "maxPS": 8.6024,
  "medianPS": 2.02,
  "hienTaiPS": 1.762993061568644
}