{
  "minPB": 0.2264,
  "maxPB": 6.0024,
  "medianPB": 1.51,
  "hienTaiPB": 3.4647867226425646,
  "minPE": -89.1634,
  "maxPE": 912.4755,
  "medianPE": -1.62,
  "hienTaiPE": -75.6958,
  "minPS": 0.8625,
  "maxPS": 8.7358,
  "medianPS": 2.04,
  "hienTaiPS": 1.75197435493384
}