{
  "minPB": 0.799,
  "maxPB": 1.8343,
  "medianPB": 1.02,
  "hienTaiPB": 0.8875431827233387,
  "minPE": 5.2366,
  "maxPE": 9.3906,
  "medianPE": 7.06,
  "hienTaiPE": 8.856130481367465,
  "minPS": 1.3994,
  "maxPS": 4.216,
  "medianPS": 1.64,
  "hienTaiPS": 3.2660716248908135
}