{
  "minPB": 0.799,
  "maxPB": 1.8343,
  "medianPB": 1.02,
  "hienTaiPB": 0.9186850487838066,
  "minPE": 5.2366,
  "maxPE": 9.3906,
  "medianPE": 7.06,
  "hienTaiPE": 9.166871901766322,
  "minPS": 1.3994,
  "maxPS": 4.216,
  "medianPS": 1.63,
  "hienTaiPS": 3.380670629272947
}