{
  "minPB": 0.799,
  "maxPB": 1.8343,
  "medianPB": 1.02,
  "hienTaiPB": 0.8836504494657801,
  "minPE": 5.2366,
  "maxPE": 9.3906,
  "medianPE": 7.05,
  "hienTaiPE": 8.817287803817608,
  "minPS": 1.4066,
  "maxPS": 4.216,
  "medianPS": 2.47,
  "hienTaiPS": 3.2517467493430465
}