{
  "minPB": 0.799,
  "maxPB": 1.8343,
  "medianPB": 1.02,
  "hienTaiPB": 0.8953286492384557,
  "minPE": 5.2366,
  "maxPE": 9.3906,
  "medianPE": 7.05,
  "hienTaiPE": 8.93381583646718,
  "minPS": 1.4066,
  "maxPS": 4.216,
  "medianPS": 2.4,
  "hienTaiPS": 3.294721375986347
}