{
  "minPB": 0.799,
  "maxPB": 1.8343,
  "medianPB": 1.02,
  "hienTaiPB": 0.8992213824960141,
  "minPE": 5.2366,
  "maxPE": 9.3906,
  "medianPE": 7.06,
  "hienTaiPE": 8.972658514017036,
  "minPS": 1.3994,
  "maxPS": 4.216,
  "medianPS": 1.63,
  "hienTaiPS": 3.3090462515341135
}