{
  "minPB": 0.7717,
  "maxPB": 2.537,
  "medianPB": 1.21,
  "hienTaiPB": 0.9481580342288135,
  "minPE": -320.7582,
  "maxPE": 194.9179,
  "medianPE": 15.59,
  "hienTaiPE": 8.260892816781917,
  "minPS": 0.8901,
  "maxPS": 10.7729,
  "medianPS": 1.89,
  "hienTaiPS": 1.4850292955299251
}