{
  "minPB": 0.7717,
  "maxPB": 2.537,
  "medianPB": 1.21,
  "hienTaiPB": 0.935169568006501,
  "minPE": -320.7582,
  "maxPE": 194.9179,
  "medianPE": 15.58,
  "hienTaiPE": 8.147729901483535,
  "minPS": 0.8892,
  "maxPS": 11.4205,
  "medianPS": 1.95,
  "hienTaiPS": 1.4646864284678713
}