{
  "minPB": 0.7717,
  "maxPB": 2.537,
  "medianPB": 1.21,
  "hienTaiPB": 1.0390772977850011,
  "minPE": -320.7582,
  "maxPE": 194.9179,
  "medianPE": 15.59,
  "hienTaiPE": 9.053033223870594,
  "minPS": 0.8901,
  "maxPS": 10.7729,
  "medianPS": 1.89,
  "hienTaiPS": 1.6274293649643015
}