{
  "minPB": 0.7717,
  "maxPB": 2.537,
  "medianPB": 1.21,
  "hienTaiPB": 0.961146500451126,
  "minPE": -320.7582,
  "maxPE": 194.9179,
  "medianPE": 15.58,
  "hienTaiPE": 8.374055732080299,
  "minPS": 0.8892,
  "maxPS": 11.4205,
  "medianPS": 1.95,
  "hienTaiPS": 1.505372162591979
}