{
  "minPB": 0.7717,
  "maxPB": 2.537,
  "medianPB": 1.21,
  "hienTaiPB": 0.9741349666734386,
  "minPE": -320.7582,
  "maxPE": 194.9179,
  "medianPE": 15.59,
  "hienTaiPE": 14.521557889224523,
  "minPS": 0.8901,
  "maxPS": 10.7729,
  "medianPS": 1.89,
  "hienTaiPS": 1.534139032507654
}