{
  "minPB": 0.411,
  "maxPB": 8.3546,
  "medianPB": 2.11,
  "hienTaiPB": 2.03051410517874,
  "minPE": -56.5161,
  "maxPE": 242.9381,
  "medianPE": 17.92,
  "hienTaiPE": 11.167205075191255,
  "minPS": 0.3455,
  "maxPS": 32.4949,
  "medianPS": 1.7,
  "hienTaiPS": 1.3622959724026926
}