{
  "minPB": 0.411,
  "maxPB": 8.3546,
  "medianPB": 2.11,
  "hienTaiPB": 1.9905258624071673,
  "minPE": -56.5161,
  "maxPE": 242.9381,
  "medianPE": 17.94,
  "hienTaiPE": 10.947281999312215,
  "minPS": 0.3447,
  "maxPS": 32.4949,
  "medianPS": 1.62,
  "hienTaiPS": 1.335467386512924
}