{
  "minPB": 0.411,
  "maxPB": 8.3546,
  "medianPB": 2.11,
  "hienTaiPB": 2.110490590721885,
  "minPE": -56.5161,
  "maxPE": 242.9381,
  "medianPE": 17.91,
  "hienTaiPE": 11.607051226949336,
  "minPS": 0.3455,
  "maxPS": 32.4949,
  "medianPS": 1.7,
  "hienTaiPS": 1.4159531441822297
}