{
  "minPB": 0.411,
  "maxPB": 8.3546,
  "medianPB": 2.11,
  "hienTaiPB": 2.1282631430648062,
  "minPE": -56.5161,
  "maxPE": 242.9381,
  "medianPE": 17.92,
  "hienTaiPE": 11.70479481622891,
  "minPS": 0.3455,
  "maxPS": 32.4949,
  "medianPS": 1.7,
  "hienTaiPS": 1.427876960133238
}