{
  "minPB": 0.411,
  "maxPB": 8.3546,
  "medianPB": 2.11,
  "hienTaiPB": 2.0527297956073913,
  "minPE": -56.5161,
  "maxPE": 242.9381,
  "medianPE": 17.94,
  "hienTaiPE": 11.289384561790722,
  "minPS": 0.3447,
  "maxPS": 32.4949,
  "medianPS": 1.62,
  "hienTaiPS": 1.377200742341453
}