{
  "minPB": 0.411,
  "maxPB": 8.3546,
  "medianPB": 2.11,
  "hienTaiPB": 1.9994121385786279,
  "minPE": -56.5161,
  "maxPE": 242.9381,
  "medianPE": 17.98,
  "hienTaiPE": 42.27151542361079,
  "minPS": 0.3447,
  "maxPS": 32.4949,
  "medianPS": 1.62,
  "hienTaiPS": 1.3495244733885492
}