{
  "minPB": 0.411,
  "maxPB": 8.3546,
  "medianPB": 2.11,
  "hienTaiPB": 1.9994121385786279,
  "minPE": -56.5161,
  "maxPE": 242.9381,
  "medianPE": 17.93,
  "hienTaiPE": 10.996153793952002,
  "minPS": 0.3455,
  "maxPS": 32.4949,
  "medianPS": 1.7,
  "hienTaiPS": 1.341429294488428
}