{
  "minPB": 0.411,
  "maxPB": 8.3546,
  "medianPB": 2.11,
  "hienTaiPB": 2.4437259471516564,
  "minPE": -56.5161,
  "maxPE": 242.9381,
  "medianPE": 17.89,
  "hienTaiPE": 13.439743525941337,
  "minPS": 0.3455,
  "maxPS": 32.4949,
  "medianPS": 1.69,
  "hienTaiPS": 1.6395246932636345
}