{
  "minPB": 0.411,
  "maxPB": 8.3546,
  "medianPB": 2.11,
  "hienTaiPB": 2.1016043145504244,
  "minPE": -56.5161,
  "maxPE": 242.9381,
  "medianPE": 17.9,
  "hienTaiPE": 11.558179432309549,
  "minPS": 0.3455,
  "maxPS": 32.4949,
  "medianPS": 1.7,
  "hienTaiPS": 1.4099912362067255
}