{
  "minPB": 1.0842,
  "maxPB": 1.2757,
  "medianPB": 1.19,
  "hienTaiPB": 1.2466856318949855,
  "minPE": 31.8706,
  "maxPE": 45.2864,
  "medianPE": 41.87,
  "hienTaiPE": 31.87063480739476,
  "minPS": 0.0825,
  "maxPS": 0.3789,
  "medianPS": 0.13,
  "hienTaiPS": 0.10468155723872767
}