{
  "minPB": 0.7456,
  "maxPB": 2.1408,
  "medianPB": 1.22,
  "hienTaiPB": 1.3159459447780402,
  "minPE": -102.173,
  "maxPE": 81.5637,
  "medianPE": 29.04,
  "hienTaiPE": 33.641225630027805,
  "minPS": 0.0831,
  "maxPS": 0.3836,
  "medianPS": 0.14,
  "hienTaiPS": 0.11049719930754587
}