{
  "minPB": 0.7456,
  "maxPB": 2.1408,
  "medianPB": 1.22,
  "hienTaiPB": 1.334943059168821,
  "minPE": -102.173,
  "maxPE": 81.5637,
  "medianPE": 29.03,
  "hienTaiPE": 34.12687339852144,
  "minPS": 0.0831,
  "maxPS": 0.3836,
  "medianPS": 0.14,
  "hienTaiPS": 0.11209234684642172
}