{
  "minPB": 0,
  "maxPB": 1.4881,
  "medianPB": 0.52,
  "hienTaiPB": 0.4283491177640409,
  "minPE": -8.5571,
  "maxPE": 19.2249,
  "medianPE": 6.07,
  "hienTaiPE": 32.93713062895023,
  "minPS": 0,
  "maxPS": 0.4353,
  "medianPS": 0.1,
  "hienTaiPS": 0.07537027010704253
}