{
  "minPB": 0.2909,
  "maxPB": 1.4982,
  "medianPB": 0.52,
  "hienTaiPB": 0.46728994665168094,
  "minPE": -8.5571,
  "maxPE": 19.2249,
  "medianPE": 6.19,
  "hienTaiPE": 35.931415231582065,
  "minPS": 0.0597,
  "maxPS": 0.3409,
  "medianPS": 0.1,
  "hienTaiPS": 0.0822221128440464
}