{
  "minPB": 0.2909,
  "maxPB": 1.4982,
  "medianPB": 0.52,
  "hienTaiPB": 0.44392544931909694,
  "minPE": -8.5571,
  "maxPE": 19.3605,
  "medianPE": 6.2,
  "hienTaiPE": 34.13484447000297,
  "minPS": 0.0597,
  "maxPS": 0.4383,
  "medianPS": 0.1,
  "hienTaiPS": 0.07811100720184408
}