{
  "minPB": 0,
  "maxPB": 1.4881,
  "medianPB": 0.51,
  "hienTaiPB": 0.44392544931909694,
  "minPE": -8.5571,
  "maxPE": 19.463,
  "medianPE": 6.07,
  "hienTaiPE": 34.13484447000297,
  "minPS": 0,
  "maxPS": 0.4353,
  "medianPS": 0.1,
  "hienTaiPS": 0.07811100720184408
}