{
  "minPB": 0.8854,
  "maxPB": 2.7716,
  "medianPB": 1.96,
  "hienTaiPB": 1.940023769524682,
  "minPE": 5.3351,
  "maxPE": 17.1943,
  "medianPE": 12.17,
  "hienTaiPE": 14.72110695408261,
  "minPS": 0.7869,
  "maxPS": 1.8468,
  "medianPS": 1.34,
  "hienTaiPS": 1.6267716493475752
}