{
  "minPB": 0.8854,
  "maxPB": 2.7716,
  "medianPB": 1.96,
  "hienTaiPB": 1.8532747391800823,
  "minPE": 5.3351,
  "maxPE": 17.1943,
  "medianPE": 12.16,
  "hienTaiPE": 14.062846074022005,
  "minPS": 0.7845,
  "maxPS": 1.8509,
  "medianPS": 1.34,
  "hienTaiPS": 1.5540298276287812
}