{
  "minPB": 0.8854,
  "maxPB": 2.7716,
  "medianPB": 1.96,
  "hienTaiPB": 1.8138433617507188,
  "minPE": 5.3351,
  "maxPE": 17.1943,
  "medianPE": 12.16,
  "hienTaiPE": 13.763636583085367,
  "minPS": 0.7845,
  "maxPS": 1.8509,
  "medianPS": 1.34,
  "hienTaiPS": 1.5209653632111477
}