{
  "minPB": 0.8854,
  "maxPB": 2.7716,
  "medianPB": 1.96,
  "hienTaiPB": 1.8453884636942097,
  "minPE": 5.3351,
  "maxPE": 17.1943,
  "medianPE": 12.16,
  "hienTaiPE": 14.003004175834677,
  "minPS": 0.7869,
  "maxPS": 1.8468,
  "medianPS": 1.34,
  "hienTaiPS": 1.5474169347452544
}