{
  "minPB": 0.8854,
  "maxPB": 2.7716,
  "medianPB": 1.96,
  "hienTaiPB": 1.8887629788665095,
  "minPE": 5.3333,
  "maxPE": 17.1943,
  "medianPE": 12.16,
  "hienTaiPE": 14.33213461586498,
  "minPS": 0.7869,
  "maxPS": 1.7295,
  "medianPS": 1.34,
  "hienTaiPS": 1.5837878456046515
}