{
  "minPB": 0.2433,
  "maxPB": 3.1643,
  "medianPB": 0.98,
  "hienTaiPB": 1.2298663189258412,
  "minPE": -279.737,
  "maxPE": 122.9142,
  "medianPE": 5.85,
  "hienTaiPE": 12.718150782803455,
  "minPS": 0.546,
  "maxPS": 11.2195,
  "medianPS": 3.25,
  "hienTaiPS": 2.32126069183829
}