{
  "minPB": 0.2433,
  "maxPB": 3.1643,
  "medianPB": 0.98,
  "hienTaiPB": 1.285574549399834,
  "minPE": -279.737,
  "maxPE": 122.9142,
  "medianPE": 5.85,
  "hienTaiPE": 13.294234267738803,
  "minPS": 0.5367,
  "maxPS": 11.2195,
  "medianPS": 3.27,
  "hienTaiPS": 2.4264049043605818
}