{
  "minPB": 0.2433,
  "maxPB": 3.0723,
  "medianPB": 0.98,
  "hienTaiPB": 1.341282779873827,
  "minPE": -277.834,
  "maxPE": 122.9142,
  "medianPE": 5.85,
  "hienTaiPE": 13.870317752674152,
  "minPS": 0.5389,
  "maxPS": 11.2195,
  "medianPS": 3.27,
  "hienTaiPS": 2.5315491168828737
}