{
  "minPB": 0.2433,
  "maxPB": 3.0723,
  "medianPB": 0.98,
  "hienTaiPB": 1.3498532768698257,
  "minPE": -277.834,
  "maxPE": 122.9142,
  "medianPE": 5.85,
  "hienTaiPE": 13.958945981125744,
  "minPS": 0.5367,
  "maxPS": 11.2195,
  "medianPS": 3.27,
  "hienTaiPS": 2.547725149578611
}