{
  "minPB": 0.2433,
  "maxPB": 3.1643,
  "medianPB": 0.98,
  "hienTaiPB": 1.2898597978978334,
  "minPE": -279.737,
  "maxPE": 122.9142,
  "medianPE": 5.85,
  "hienTaiPE": 13.3385483819646,
  "minPS": 0.5367,
  "maxPS": 11.2195,
  "medianPS": 3.28,
  "hienTaiPS": 2.4344929207084505
}