{
  "minPB": 0.7513,
  "maxPB": 3.842,
  "medianPB": 1.89,
  "hienTaiPB": 1.8678974937052863,
  "minPE": 5.2942,
  "maxPE": 18.8082,
  "medianPE": 9.82,
  "hienTaiPE": 14.292205557575972,
  "minPS": 0.2243,
  "maxPS": 1.1812,
  "medianPS": 0.5,
  "hienTaiPS": 0.5646015706845027
}