{
  "minPB": 0.7513,
  "maxPB": 3.8425,
  "medianPB": 1.9,
  "hienTaiPB": 1.86307088519442,
  "minPE": 5.2942,
  "maxPE": 18.8082,
  "medianPE": 9.82,
  "hienTaiPE": 14.255274793861306,
  "minPS": 0.2243,
  "maxPS": 1.1812,
  "medianPS": 0.5,
  "hienTaiPS": 0.5631426518972041
}