{
  "minPB": 0.7513,
  "maxPB": 3.842,
  "medianPB": 1.89,
  "hienTaiPB": 1.8268713213629222,
  "minPE": 5.2942,
  "maxPE": 18.8082,
  "medianPE": 9.82,
  "hienTaiPE": 13.978294066001306,
  "minPS": 0.2244,
  "maxPS": 1.1806,
  "medianPS": 0.5,
  "hienTaiPS": 0.5522007609924657
}