{
  "minPB": 0.7513,
  "maxPB": 3.843,
  "medianPB": 1.9,
  "hienTaiPB": 1.8316979298737885,
  "minPE": 5.2942,
  "maxPE": 18.8082,
  "medianPE": 9.82,
  "hienTaiPE": 14.015224829715972,
  "minPS": 0.2244,
  "maxPS": 1.1035,
  "medianPS": 0.49,
  "hienTaiPS": 0.5536596797797643
}