{
  "minPB": 0.7513,
  "maxPB": 3.842,
  "medianPB": 1.89,
  "hienTaiPB": 1.8461777554063876,
  "minPE": 5.2942,
  "maxPE": 18.8082,
  "medianPE": 9.82,
  "hienTaiPE": 14.126017120859974,
  "minPS": 0.2243,
  "maxPS": 1.1812,
  "medianPS": 0.5,
  "hienTaiPS": 0.5580364361416595
}