{
  "minPB": 0.7513,
  "maxPB": 3.843,
  "medianPB": 1.9,
  "hienTaiPB": 1.8896172320041849,
  "minPE": 5.2942,
  "maxPE": 18.8082,
  "medianPE": 9.82,
  "hienTaiPE": 14.458393994291972,
  "minPS": 0.2244,
  "maxPS": 1.1035,
  "medianPS": 0.48,
  "hienTaiPS": 0.5711667052273457
}