{
  "minPB": 0.5507,
  "maxPB": 2.628,
  "medianPB": 1.32,
  "hienTaiPB": 1.1285006494816963,
  "minPE": 2.9139,
  "maxPE": 32.3107,
  "medianPE": 14.73,
  "hienTaiPE": 9.575991598755738,
  "minPS": 0.261,
  "maxPS": 2.8285,
  "medianPS": 0.79,
  "hienTaiPS": 0.35172845854968443
}