{
  "minPB": 0.5507,
  "maxPB": 2.628,
  "medianPB": 1.33,
  "hienTaiPB": 1.1098648589397968,
  "minPE": 2.9139,
  "maxPE": 32.3107,
  "medianPE": 14.75,
  "hienTaiPE": 9.41785595767537,
  "minPS": 0.2626,
  "maxPS": 2.8285,
  "medianPS": 0.77,
  "hienTaiPS": 0.3459200986837263
}