{
  "minPB": 0.5507,
  "maxPB": 2.628,
  "medianPB": 1.32,
  "hienTaiPB": 1.105723572152708,
  "minPE": 2.9139,
  "maxPE": 32.3107,
  "medianPE": 14.73,
  "hienTaiPE": 9.382714704101954,
  "minPS": 0.2626,
  "maxPS": 2.8285,
  "medianPS": 0.77,
  "hienTaiPS": 0.34462935204684675
}