{
  "minPB": 0.5507,
  "maxPB": 2.628,
  "medianPB": 1.33,
  "hienTaiPB": 1.095370355184986,
  "minPE": 2.9139,
  "maxPE": 32.3107,
  "medianPE": 14.74,
  "hienTaiPE": 9.294861570168415,
  "minPS": 0.2626,
  "maxPS": 2.8285,
  "medianPS": 0.77,
  "hienTaiPS": 0.3414024854546478
}