{
  "minPB": 0.5507,
  "maxPB": 2.628,
  "medianPB": 1.32,
  "hienTaiPB": 1.1699135173525843,
  "minPE": 2.9139,
  "maxPE": 32.3107,
  "medianPE": 14.73,
  "hienTaiPE": 9.927404134489894,
  "minPS": 0.261,
  "maxPS": 2.8285,
  "medianPS": 0.79,
  "hienTaiPS": 0.3646359249184802
}