{
  "minPB": 2.4959,
  "maxPB": 7.6086,
  "medianPB": 3.69,
  "hienTaiPB": 3.7309998737569683,
  "minPE": 0,
  "maxPE": 15.4646,
  "medianPE": 7.93,
  "hienTaiPE": -425.4219,
  "minPS": 2604.4243,
  "maxPS": 4209.9777,
  "medianPS": 2665.24,
  "hienTaiPS": 4209.977655792608
}