{
  "minPB": 2.4959,
  "maxPB": 7.6086,
  "medianPB": 3.69,
  "hienTaiPB": 2.843548290881773,
  "minPE": 0,
  "maxPE": 15.4646,
  "medianPE": 7.95,
  "hienTaiPE": -335.7272,
  "minPS": 2604.4243,
  "maxPS": 3208.5969,
  "medianPS": 2660.51,
  "hienTaiPS": 3208.596937240024
}