{
  "minPB": 1.9215,
  "maxPB": 2.7396,
  "medianPB": 2.31,
  "hienTaiPB": 2.5294353982843676,
  "minPE": -334.0815,
  "maxPE": 1203.8798,
  "medianPE": 1074.54,
  "hienTaiPE": -334.0815,
  "minPS": 0,
  "maxPS": 3091.3392,
  "medianPS": 2846.16,
  "hienTaiPS": 2854.158903475138
}