{
  "minPB": 2.4959,
  "maxPB": 7.6086,
  "medianPB": 3.69,
  "hienTaiPB": 3.287840902576689,
  "minPE": 0,
  "maxPE": 15.4646,
  "medianPE": 7.92,
  "hienTaiPE": -488.6747,
  "minPS": 2604.4243,
  "maxPS": 3886.3163,
  "medianPS": 2669.96,
  "hienTaiPS": 3709.9268839456663
}