{
  "minPB": 2.4959,
  "maxPB": 7.6086,
  "medianPB": 3.69,
  "hienTaiPB": 3.7788017154575058,
  "minPE": 0,
  "maxPE": 15.4646,
  "medianPE": 7.92,
  "hienTaiPE": -489.4666,
  "minPS": 2604.4243,
  "maxPS": 4263.9162,
  "medianPS": 2671.63,
  "hienTaiPS": 4263.916195667806
}