{
  "minPB": 1.9215,
  "maxPB": 2.7396,
  "medianPB": 2.31,
  "hienTaiPB": 2.7396312437066914,
  "minPE": -334.0815,
  "maxPE": 1203.8798,
  "medianPE": 1074.54,
  "hienTaiPE": -334.0815,
  "minPS": 0,
  "maxPS": 3091.3392,
  "medianPS": 2835.5,
  "hienTaiPS": 3091.3392418591593
}