{
  "minPB": 1.9215,
  "maxPB": 2.5542,
  "medianPB": 2.31,
  "hienTaiPB": 2.5506911579338163,
  "minPE": -334.0815,
  "maxPE": 1203.8798,
  "medianPE": 1074.54,
  "hienTaiPE": -330.221,
  "minPS": 0,
  "maxPS": 2878.1434,
  "medianPS": 2835.5,
  "hienTaiPS": 2878.143432075769
}