{
  "minPB": 2.4959,
  "maxPB": 7.6086,
  "medianPB": 3.68,
  "hienTaiPB": 3.2592164795820984,
  "minPE": 0,
  "maxPE": 15.4646,
  "medianPE": 7.86,
  "hienTaiPE": -412.6773,
  "minPS": 2604.4243,
  "maxPS": 3940.0442,
  "medianPS": 2906.42,
  "hienTaiPS": 3677.627718763483
}