{
  "minPB": 2.4959,
  "maxPB": 7.6086,
  "medianPB": 3.69,
  "hienTaiPB": 3.7370459565017002,
  "minPE": 0,
  "maxPE": 15.4646,
  "medianPE": 7.92,
  "hienTaiPE": -430.6311,
  "minPS": 2604.4243,
  "maxPS": 4216.7999,
  "medianPS": 2670.8,
  "hienTaiPS": 4216.799921705677
}