{
  "minPB": 2.4959,
  "maxPB": 7.6086,
  "medianPB": 3.69,
  "hienTaiPB": 3.3442395181798923,
  "minPE": 0,
  "maxPE": 15.4646,
  "medianPE": 7.91,
  "hienTaiPE": -487.0909,
  "minPS": 2604.4243,
  "maxPS": 3940.0442,
  "medianPS": 2799.75,
  "hienTaiPS": 3773.5658331660084
}