{
  "minPB": 0.2336,
  "maxPB": 1.8989,
  "medianPB": 0.43,
  "hienTaiPB": 0.2816365537044306,
  "minPE": -216.3545,
  "maxPE": 1083.2334,
  "medianPE": 17.01,
  "hienTaiPE": 8.345924417566348,
  "minPS": 0.089,
  "maxPS": 0.6546,
  "medianPS": 0.2,
  "hienTaiPS": 0.08913257926011524
}