{
  "minPB": 0.2253,
  "maxPB": 0.2655,
  "medianPB": 0.23,
  "hienTaiPB": 0.27333848199834837,
  "minPE": 7.8689,
  "maxPE": 16.866,
  "medianPE": 15.84,
  "hienTaiPE": 8.100022107090027,
  "minPS": 0.0862,
  "maxPS": 0.6524,
  "medianPS": 0.19,
  "hienTaiPS": 0.08650639837443123
}