{
  "minPB": 0.2336,
  "maxPB": 1.8989,
  "medianPB": 0.43,
  "hienTaiPB": 0.28213443800679555,
  "minPE": -216.3545,
  "maxPE": 1083.2334,
  "medianPE": 16.87,
  "hienTaiPE": 8.360678556194928,
  "minPS": 0.0883,
  "maxPS": 0.6546,
  "medianPS": 0.2,
  "hienTaiPS": 0.08929015011325628
}