{
  "minPB": 0.2253,
  "maxPB": 0.2655,
  "medianPB": 0.23,
  "hienTaiPB": 0.2655382945946311,
  "minPE": 7.8689,
  "maxPE": 16.866,
  "medianPE": 15.84,
  "hienTaiPE": 7.868873935242285,
  "minPS": 0.0861,
  "maxPS": 0.6524,
  "medianPS": 0.19,
  "hienTaiPS": 0.08403778834188827
}