{
  "minPB": 3.1077,
  "maxPB": 3.8354,
  "medianPB": 3.22,
  "hienTaiPB": 3.811185338008313,
  "minPE": 8.1716,
  "maxPE": 10.0511,
  "medianPE": 9.01,
  "hienTaiPE": 8.181055824086137,
  "minPS": 0.6605,
  "maxPS": 2.4602,
  "medianPS": 1.29,
  "hienTaiPS": 1.2591235403163568
}