{
  "minPB": 2.4959,
  "maxPB": 7.6086,
  "medianPB": 3.69,
  "hienTaiPB": 3.8859144622829858,
  "minPE": 0,
  "maxPE": 15.4646,
  "medianPE": 8.05,
  "hienTaiPE": 8.341468683381944,
  "minPS": 0.6585,
  "maxPS": 2.5077,
  "medianPS": 1.29,
  "hienTaiPS": 1.283812237185305
}