{
  "minPB": 2.4959,
  "maxPB": 7.6086,
  "medianPB": 3.69,
  "hienTaiPB": 4.000206064114838,
  "minPE": 0,
  "maxPE": 15.4646,
  "medianPE": 8.1,
  "hienTaiPE": 8.58680599759906,
  "minPS": 0.6585,
  "maxPS": 2.5077,
  "medianPS": 1.29,
  "hienTaiPS": 1.3215714206319316
}