{
  "minPB": 2.4959,
  "maxPB": 7.6086,
  "medianPB": 3.69,
  "hienTaiPB": 4.057439781647558,
  "minPE": 0,
  "maxPE": 15.4646,
  "medianPE": 8.09,
  "hienTaiPE": 8.709663375718554,
  "minPS": 0.6585,
  "maxPS": 2.5077,
  "medianPS": 1.29,
  "hienTaiPS": 1.340480057880973
}