{
  "minPB": 3.1077,
  "maxPB": 3.8907,
  "medianPB": 3.23,
  "hienTaiPB": 3.9188392352722388,
  "minPE": 8.1716,
  "maxPE": 10.0511,
  "medianPE": 9.01,
  "hienTaiPE": 8.412144701977567,
  "minPS": 0.6605,
  "maxPS": 2.4602,
  "medianPS": 1.29,
  "hienTaiPS": 1.2946897865705063
}