{
  "minPB": 2.4959,
  "maxPB": 7.6086,
  "medianPB": 3.69,
  "hienTaiPB": 3.9122894473211054,
  "minPE": 0,
  "maxPE": 15.4646,
  "medianPE": 8.14,
  "hienTaiPE": 8.398084986662816,
  "minPS": 0.6585,
  "maxPS": 2.5077,
  "medianPS": 1.29,
  "hienTaiPS": 1.2925258949037572
}