{
  "minPB": 2.4959,
  "maxPB": 7.6086,
  "medianPB": 3.69,
  "hienTaiPB": 4.070759149091809,
  "minPE": 0,
  "maxPE": 15.4646,
  "medianPE": 8.05,
  "hienTaiPE": 8.738254608875394,
  "minPS": 0.6585,
  "maxPS": 2.5077,
  "medianPS": 1.29,
  "hienTaiPS": 1.3448804550287914
}