{
  "minPB": 3.1077,
  "maxPB": 3.8464,
  "medianPB": 3.22,
  "hienTaiPB": 3.890749876206641,
  "minPE": 8.1716,
  "maxPE": 10.0511,
  "medianPE": 9.01,
  "hienTaiPE": 8.351848338983437,
  "minPS": 0.6605,
  "maxPS": 2.4602,
  "medianPS": 1.29,
  "hienTaiPS": 1.2854097411003544
}