{
  "minPB": 2.4959,
  "maxPB": 7.6086,
  "medianPB": 3.69,
  "hienTaiPB": 4.141180359143589,
  "minPE": 0,
  "maxPE": 15.4646,
  "medianPE": 8.07,
  "hienTaiPE": 8.889420138635325,
  "minPS": 0.6585,
  "maxPS": 2.5077,
  "medianPS": 1.29,
  "hienTaiPS": 1.368145921137059
}