{
  "minPB": 2.4959,
  "maxPB": 7.6086,
  "medianPB": 3.69,
  "hienTaiPB": 4.004601894954525,
  "minPE": 0,
  "maxPE": 15.4646,
  "medianPE": 8.12,
  "hienTaiPE": 8.596242048145871,
  "minPS": 0.6585,
  "maxPS": 2.5077,
  "medianPS": 1.29,
  "hienTaiPS": 1.3230236969183402
}