{
  "minPB": 0.5909,
  "maxPB": 2.233,
  "medianPB": 1.31,
  "hienTaiPB": 0.6783483718269717,
  "minPE": 13.8514,
  "maxPE": 214.89,
  "medianPE": 44.96,
  "hienTaiPE": 21.90094026719083,
  "minPS": 0.5818,
  "maxPS": 2.13,
  "medianPS": 1.32,
  "hienTaiPS": 0.815367142901308
}