{
  "minPB": 0.5909,
  "maxPB": 2.233,
  "medianPB": 1.31,
  "hienTaiPB": 0.6814458529768666,
  "minPE": 13.8514,
  "maxPE": 214.89,
  "medianPE": 45.05,
  "hienTaiPE": 22.00094456064832,
  "minPS": 0.5818,
  "maxPS": 2.13,
  "medianPS": 1.32,
  "hienTaiPS": 0.8190902805401268
}