{
  "minPB": 0.5909,
  "maxPB": 2.233,
  "medianPB": 1.31,
  "hienTaiPB": 0.6848088325110381,
  "minPE": 13.8514,
  "maxPE": 214.89,
  "medianPE": 45.01,
  "hienTaiPE": 22.109520650687884,
  "minPS": 0.5818,
  "maxPS": 2.13,
  "medianPS": 1.32,
  "hienTaiPS": 0.8231325442622728
}