{
  "minPB": 0.5909,
  "maxPB": 2.233,
  "medianPB": 1.31,
  "hienTaiPB": 0.6712684149129263,
  "minPE": 13.8514,
  "maxPE": 214.89,
  "medianPE": 44.93,
  "hienTaiPE": 21.672359025002276,
  "minPS": 0.5818,
  "maxPS": 2.13,
  "medianPS": 1.32,
  "hienTaiPS": 0.8068571140125794
}