{
  "minPB": 0.5909,
  "maxPB": 2.233,
  "medianPB": 1.31,
  "hienTaiPB": 0.6725959068343098,
  "minPE": 13.8514,
  "maxPE": 214.89,
  "medianPE": 44.88,
  "hienTaiPE": 21.71521800791263,
  "minPS": 0.5818,
  "maxPS": 2.13,
  "medianPS": 1.32,
  "hienTaiPS": 0.808452744429216
}