{
  "minPB": 0.5027,
  "maxPB": 1.7534,
  "medianPB": 0.91,
  "hienTaiPB": 0.9076166585173319,
  "minPE": 5.0695,
  "maxPE": 16.2245,
  "medianPE": 7,
  "hienTaiPE": 7.665645268323355,
  "minPS": 0.13,
  "maxPS": 0.412,
  "medianPS": 0.22,
  "hienTaiPS": 0.16852677657653545
}