{
  "minPB": 0.5027,
  "maxPB": 1.7534,
  "medianPB": 0.91,
  "hienTaiPB": 0.8727083254974345,
  "minPE": 5.0695,
  "maxPE": 16.2245,
  "medianPE": 7,
  "hienTaiPE": 7.370812758003225,
  "minPS": 0.1308,
  "maxPS": 0.4112,
  "medianPS": 0.22,
  "hienTaiPS": 0.16204497747743793
}