{
  "minPB": 0.504,
  "maxPB": 1.7427,
  "medianPB": 0.91,
  "hienTaiPB": 0.9145983251213113,
  "minPE": 5.0695,
  "maxPE": 16.177,
  "medianPE": 7,
  "hienTaiPE": 7.724611770387381,
  "minPS": 0.13,
  "maxPS": 0.4116,
  "medianPS": 0.22,
  "hienTaiPS": 0.16982313639635493
}