{
  "minPB": 0.5027,
  "maxPB": 1.7534,
  "medianPB": 0.91,
  "hienTaiPB": 0.8936533253093729,
  "minPE": 5.0695,
  "maxPE": 16.2245,
  "medianPE": 7,
  "hienTaiPE": 7.547712264195303,
  "minPS": 0.13,
  "maxPS": 0.412,
  "medianPS": 0.22,
  "hienTaiPS": 0.16593405693689642
}