{
  "minPB": 0.5027,
  "maxPB": 1.7534,
  "medianPB": 0.91,
  "hienTaiPB": 0.879689992101414,
  "minPE": 5.0695,
  "maxPE": 16.2245,
  "medianPE": 7,
  "hienTaiPE": 7.429779260067251,
  "minPS": 0.1299,
  "maxPS": 0.4112,
  "medianPS": 0.2,
  "hienTaiPS": 0.16334133729725742
}