{
  "minPB": 0.5027,
  "maxPB": 1.7534,
  "medianPB": 0.91,
  "hienTaiPB": 0.9006349919133524,
  "minPE": 5.0695,
  "maxPE": 16.2245,
  "medianPE": 7,
  "hienTaiPE": 7.606678766259329,
  "minPS": 0.13,
  "maxPS": 0.412,
  "medianPS": 0.22,
  "hienTaiPS": 0.16723041675671593
}