{
  "minPB": 0.6578,
  "maxPB": 2.4993,
  "medianPB": 0.85,
  "hienTaiPB": 1.5157400384585726,
  "minPE": 7.4444,
  "maxPE": 30.1558,
  "medianPE": 9.61,
  "hienTaiPE": 17.21868767667313,
  "minPS": 0.1385,
  "maxPS": 1.4021,
  "medianPS": 0.25,
  "hienTaiPS": 0.37628350018578904
}