{
  "minPB": 0.7003,
  "maxPB": 1.1191,
  "medianPB": 0.87,
  "hienTaiPB": 1.004028678085101,
  "minPE": 7.861,
  "maxPE": 12.7131,
  "medianPE": 9.52,
  "hienTaiPE": 11.405686851124804,
  "minPS": 0.1385,
  "maxPS": 1.4021,
  "medianPS": 0.24,
  "hienTaiPS": 0.24925080534322677
}