{
  "minPB": 0.6578,
  "maxPB": 2.4993,
  "medianPB": 0.85,
  "hienTaiPB": 1.447724311376903,
  "minPE": 7.4444,
  "maxPE": 30.1558,
  "medianPE": 9.62,
  "hienTaiPE": 16.446034364095798,
  "minPS": 0.1385,
  "maxPS": 1.4021,
  "medianPS": 0.25,
  "hienTaiPS": 0.35939854946561217
}