{
  "minPB": 0.6578,
  "maxPB": 2.4993,
  "medianPB": 0.85,
  "hienTaiPB": 1.4613820878993267,
  "minPE": 7.4444,
  "maxPE": 30.1558,
  "medianPE": 9.59,
  "hienTaiPE": 16.60118563168161,
  "minPS": 0.1385,
  "maxPS": 1.4021,
  "medianPS": 0.25,
  "hienTaiPS": 0.3627891018190614
}