{
  "minPB": 0.6578,
  "maxPB": 2.4993,
  "medianPB": 0.85,
  "hienTaiPB": 1.24741025571469,
  "minPE": 7.4444,
  "maxPE": 30.1558,
  "medianPE": 9.72,
  "hienTaiPE": 13.218127064681727,
  "minPS": 0.1385,
  "maxPS": 1.4021,
  "medianPS": 0.25,
  "hienTaiPS": 0.2952562662834813
}