{
  "minPB": 0.6578,
  "maxPB": 2.4993,
  "medianPB": 0.85,
  "hienTaiPB": 1.2109895183215604,
  "minPE": 7.4444,
  "maxPE": 30.1558,
  "medianPE": 9.59,
  "hienTaiPE": 13.75674572594177,
  "minPS": 0.1385,
  "maxPS": 1.4021,
  "medianPS": 0.25,
  "hienTaiPS": 0.3006289753391599
}