{
  "minPB": 0.7003,
  "maxPB": 1.1191,
  "medianPB": 0.86,
  "hienTaiPB": 1.119118208247391,
  "minPE": 7.861,
  "maxPE": 12.7131,
  "medianPE": 9.52,
  "hienTaiPE": 12.713094865981224,
  "minPS": 0.1385,
  "maxPS": 1.4021,
  "medianPS": 0.24,
  "hienTaiPS": 0.2778218598416251
}