{
  "minPB": 0.6882,
  "maxPB": 2.0391,
  "medianPB": 1.41,
  "hienTaiPB": 1.5178667889122923,
  "minPE": 6.0451,
  "maxPE": 57.6567,
  "medianPE": 11.88,
  "hienTaiPE": 18.1796196846496,
  "minPS": 0.4132,
  "maxPS": 1.3177,
  "medianPS": 0.84,
  "hienTaiPS": 0.8303990176486694
}