{
  "minPB": 0.6882,
  "maxPB": 2.0391,
  "medianPB": 1.41,
  "hienTaiPB": 1.5048935684942386,
  "minPE": 6.0451,
  "maxPE": 57.6567,
  "medianPE": 11.88,
  "hienTaiPE": 18.02423831982354,
  "minPS": 0.4132,
  "maxPS": 1.3177,
  "medianPS": 0.84,
  "hienTaiPS": 0.8233015901473988
}