{
  "minPB": 0.6882,
  "maxPB": 2.0391,
  "medianPB": 1.41,
  "hienTaiPB": 1.5405699246438864,
  "minPE": 6.0451,
  "maxPE": 57.6566,
  "medianPE": 11.92,
  "hienTaiPE": 18.451537073095217,
  "minPS": 0.406,
  "maxPS": 1.3177,
  "medianPS": 0.85,
  "hienTaiPS": 0.8428195157758931
}