{
  "minPB": 0.6882,
  "maxPB": 2.0391,
  "medianPB": 1.41,
  "hienTaiPB": 1.560029755270967,
  "minPE": 6.0451,
  "maxPE": 57.6566,
  "medianPE": 11.94,
  "hienTaiPE": 18.684609120334315,
  "minPS": 0.406,
  "maxPS": 1.3177,
  "medianPS": 0.85,
  "hienTaiPS": 0.8534656570277992
}