{
  "minPB": 0.6882,
  "maxPB": 2.0391,
  "medianPB": 1.41,
  "hienTaiPB": 1.5632730603754805,
  "minPE": 6.0451,
  "maxPE": 57.6566,
  "medianPE": 11.91,
  "hienTaiPE": 18.72345446154083,
  "minPS": 0.406,
  "maxPS": 1.3177,
  "medianPS": 0.85,
  "hienTaiPS": 0.8552400139031168
}