{
  "minPB": 0.6882,
  "maxPB": 2.0391,
  "medianPB": 1.41,
  "hienTaiPB": 1.530840009330346,
  "minPE": 6.0451,
  "maxPE": 57.6566,
  "medianPE": 11.89,
  "hienTaiPE": 18.335001049475668,
  "minPS": 0.406,
  "maxPS": 1.3177,
  "medianPS": 0.85,
  "hienTaiPS": 0.8374964451499401
}