{
  "minPB": 0.3692,
  "maxPB": 1.4259,
  "medianPB": 0.9,
  "hienTaiPB": 0.9545649513435328,
  "minPE": 3.2601,
  "maxPE": 13.8189,
  "medianPE": 6.21,
  "hienTaiPE": 6.710243542609121,
  "minPS": 0.0311,
  "maxPS": 0.0988,
  "medianPS": 0.06,
  "hienTaiPS": 0.05904101385464287
}