{
  "minPB": 0.3692,
  "maxPB": 1.4217,
  "medianPB": 0.9,
  "hienTaiPB": 0.959697020974412,
  "minPE": 3.265,
  "maxPE": 13.7844,
  "medianPE": 6.22,
  "hienTaiPE": 6.746320120795192,
  "minPS": 0.0311,
  "maxPS": 0.0993,
  "medianPS": 0.06,
  "hienTaiPS": 0.05935843866031299
}