{
  "minPB": 0.3692,
  "maxPB": 1.4259,
  "medianPB": 0.9,
  "hienTaiPB": 0.9904894387596872,
  "minPE": 3.2601,
  "maxPE": 13.8189,
  "medianPE": 6.22,
  "hienTaiPE": 6.962779589911616,
  "minPS": 0.0311,
  "maxPS": 0.0995,
  "medianPS": 0.06,
  "hienTaiPS": 0.06126298749433373
}