{
  "minPB": 0.3692,
  "maxPB": 1.4175,
  "medianPB": 0.9,
  "hienTaiPB": 0.9750932298670496,
  "minPE": 3.2699,
  "maxPE": 13.7498,
  "medianPE": 6.26,
  "hienTaiPE": 6.854549855353404,
  "minPS": 0.0311,
  "maxPS": 0.0992,
  "medianPS": 0.06,
  "hienTaiPS": 0.06031071307732336
}