{
  "minPB": 0.3712,
  "maxPB": 1.3475,
  "medianPB": 0.83,
  "hienTaiPB": 1.1029666301047443,
  "minPE": -177.6035,
  "maxPE": 247.4226,
  "medianPE": 48.74,
  "hienTaiPE": 387.2163990392415,
  "minPS": 0.0285,
  "maxPS": 0.109,
  "medianPS": 0.08,
  "hienTaiPS": 0.8827545933219512
}