{
  "minPB": 0.3712,
  "maxPB": 1.3475,
  "medianPB": 0.83,
  "hienTaiPB": 0.9302977327401037,
  "minPE": -177.6035,
  "maxPE": 252.3711,
  "medianPE": 48.74,
  "hienTaiPE": 326.5978573366126,
  "minPS": 0.0285,
  "maxPS": 0.109,
  "medianPS": 0.08,
  "hienTaiPS": 0.744559784782732
}