{
  "minPB": 0.3712,
  "maxPB": 1.3475,
  "medianPB": 0.83,
  "hienTaiPB": 0.7470572702306894,
  "minPE": -177.6035,
  "maxPE": 254.0041,
  "medianPE": 48.74,
  "hienTaiPE": 262.2679763460677,
  "minPS": 0.0285,
  "maxPS": 0.109,
  "medianPS": 0.08,
  "hienTaiPS": 0.5979040695982545
}