{
  "minPB": 0.6372,
  "maxPB": 0.7916,
  "medianPB": 0.7,
  "hienTaiPB": 0.7094224983152942,
  "minPE": 65.1813,
  "maxPE": 254.0041,
  "medianPE": 72.3,
  "hienTaiPE": 249.05560848108655,
  "minPS": 0.0285,
  "maxPS": 0.109,
  "medianPS": 0.08,
  "hienTaiPS": 0.5677832419411348
}