{
  "minPB": 0.6372,
  "maxPB": 0.7916,
  "medianPB": 0.7,
  "hienTaiPB": 0.7033614676322906,
  "minPE": 65.1813,
  "maxPE": 254.0041,
  "medianPE": 72.3,
  "hienTaiPE": 246.9277739560147,
  "minPS": 0.0285,
  "maxPS": 0.109,
  "medianPS": 0.08,
  "hienTaiPS": 0.5629323221311867
}