{
  "minPB": 0.3712,
  "maxPB": 1.3475,
  "medianPB": 0.83,
  "hienTaiPB": 1.0615260947372305,
  "minPE": -177.6035,
  "maxPE": 249.0556,
  "medianPE": 48.74,
  "hienTaiPE": 372.66794903061054,
  "minPS": 0.0285,
  "maxPS": 0.109,
  "medianPS": 0.08,
  "hienTaiPS": 0.8495878392725386
}