{
  "minPB": 0.3712,
  "maxPB": 1.3475,
  "medianPB": 0.83,
  "hienTaiPB": 0.985269871492928,
  "minPE": -177.6035,
  "maxPE": 247.4226,
  "medianPE": 48.74,
  "hienTaiPE": 345.8968216337761,
  "minPS": 0.0285,
  "maxPS": 0.109,
  "medianPS": 0.08,
  "hienTaiPS": 0.7885564993380753
}