{
  "minPB": 0.3712,
  "maxPB": 1.3475,
  "medianPB": 0.83,
  "hienTaiPB": 0.7611526904237212,
  "minPE": -177.6035,
  "maxPE": 262.2185,
  "medianPE": 48.91,
  "hienTaiPE": 267.2164287299558,
  "minPS": 0.0285,
  "maxPS": 0.109,
  "medianPS": 0.08,
  "hienTaiPS": 0.6091852784585988
}