{
  "minPB": 0.6372,
  "maxPB": 0.7916,
  "medianPB": 0.7,
  "hienTaiPB": 0.7188664298446256,
  "minPE": 65.1813,
  "maxPE": 254.0041,
  "medianPE": 72.3,
  "hienTaiPE": 252.37107157829158,
  "minPS": 0.0285,
  "maxPS": 0.109,
  "medianPS": 0.08,
  "hienTaiPS": 0.5753416518775656
}