{
  "minPB": 0.6372,
  "maxPB": 0.7916,
  "medianPB": 0.7,
  "hienTaiPB": 0.7047710096515937,
  "minPE": 65.1813,
  "maxPE": 254.0041,
  "medianPE": 72.3,
  "hienTaiPE": 247.4226191944035,
  "minPS": 0.0285,
  "maxPS": 0.109,
  "medianPS": 0.08,
  "hienTaiPS": 0.5640604430172211
}