{
  "minPB": 0.3757,
  "maxPB": 2.0426,
  "medianPB": 0.68,
  "hienTaiPB": 0.36900299313516294,
  "minPE": -169.9934,
  "maxPE": 1059.4294,
  "medianPE": 13.61,
  "hienTaiPE": -9.7468,
  "minPS": 0.1098,
  "maxPS": 1.2546,
  "medianPS": 0.31,
  "hienTaiPS": 0.15282618817534493
}