{
  "minPB": 0.3757,
  "maxPB": 2.0426,
  "medianPB": 0.68,
  "hienTaiPB": 0.41661628257195815,
  "minPE": -169.9934,
  "maxPE": 1059.4294,
  "medianPE": 13.54,
  "hienTaiPE": -10.7215,
  "minPS": 0.1098,
  "maxPS": 1.2546,
  "medianPS": 0.31,
  "hienTaiPS": 0.17254569632700237
}