{
  "minPB": 0.3757,
  "maxPB": 2.0426,
  "medianPB": 0.68,
  "hienTaiPB": 0.35709967077596416,
  "minPE": -169.9934,
  "maxPE": 1059.4294,
  "medianPE": 13.64,
  "hienTaiPE": -9.097,
  "minPS": 0.1098,
  "maxPS": 1.2546,
  "medianPS": 0.31,
  "hienTaiPS": 0.1478963111374306
}