{
  "minPB": 0.3599,
  "maxPB": 1.2776,
  "medianPB": 0.88,
  "hienTaiPB": 1.2776134945447186,
  "minPE": 6.0368,
  "maxPE": 31.7839,
  "medianPE": 18.06,
  "hienTaiPE": 26.51674502558832,
  "minPS": 0.5505,
  "maxPS": 1.9061,
  "medianPS": 1.64,
  "hienTaiPS": 1.6882924499850667
}