{
  "minPB": 0.3599,
  "maxPB": 1.2764,
  "medianPB": 0.88,
  "hienTaiPB": 1.2682192776730663,
  "minPE": 6.0368,
  "maxPE": 31.7839,
  "medianPE": 18.06,
  "hienTaiPE": 26.3217689592237,
  "minPS": 0.5505,
  "maxPS": 1.9061,
  "medianPS": 1.66,
  "hienTaiPS": 1.675878534911647
}