{
  "minPB": 0,
  "maxPB": 1.286,
  "medianPB": 0.87,
  "hienTaiPB": 1.371555663261242,
  "minPE": 0,
  "maxPE": 31.7839,
  "medianPE": 17.87,
  "hienTaiPE": 28.46650568923452,
  "minPS": 0,
  "maxPS": 1.8771,
  "medianPS": 1.6,
  "hienTaiPS": 1.8124316007192627
}