{
  "minPB": 0,
  "maxPB": 1.3058,
  "medianPB": 0.87,
  "hienTaiPB": 1.3057961451596756,
  "minPE": 0,
  "maxPE": 31.7839,
  "medianPE": 17.87,
  "hienTaiPE": 27.10167322468218,
  "minPS": 0,
  "maxPS": 1.8771,
  "medianPS": 1.6,
  "hienTaiPS": 1.7255341952053254
}