{
  "minPB": 0,
  "maxPB": 1.286,
  "medianPB": 0.87,
  "hienTaiPB": 1.315190362031328,
  "minPE": 0,
  "maxPE": 31.7839,
  "medianPE": 17.87,
  "hienTaiPE": 27.2966492910468,
  "minPS": 0,
  "maxPS": 1.8771,
  "medianPS": 1.6,
  "hienTaiPS": 1.737948110278745
}