{
  "minPB": 0,
  "maxPB": 1.286,
  "medianPB": 0.87,
  "hienTaiPB": 1.3809498801328943,
  "minPE": 0,
  "maxPE": 31.7839,
  "medianPE": 17.87,
  "hienTaiPE": 28.66148175559914,
  "minPS": 0,
  "maxPS": 1.8771,
  "medianPS": 1.6,
  "hienTaiPS": 1.8248455157926824
}