{
  "minPB": 0.27,
  "maxPB": 1.0281,
  "medianPB": 0.62,
  "hienTaiPB": 1.0077554639124033,
  "minPE": -10.3863,
  "maxPE": 91.4697,
  "medianPE": 10.86,
  "hienTaiPE": 7.580572023522293,
  "minPS": 0.0807,
  "maxPS": 1.1721,
  "medianPS": 0.36,
  "hienTaiPS": 1.232225843621736
}