{
  "minPB": 0.2699,
  "maxPB": 1.0281,
  "medianPB": 0.62,
  "hienTaiPB": 0.9622928114050769,
  "minPE": -10.3863,
  "maxPE": 91.4697,
  "medianPE": 10.84,
  "hienTaiPE": 7.238591330731813,
  "minPS": 0.0783,
  "maxPS": 1.172,
  "medianPS": 0.36,
  "hienTaiPS": 1.1766367078192517
}