{
  "minPB": 0.2699,
  "maxPB": 1.0281,
  "medianPB": 0.62,
  "hienTaiPB": 1.0001783551611823,
  "minPE": -10.3863,
  "maxPE": 91.4697,
  "medianPE": 10.84,
  "hienTaiPE": 7.523575241390546,
  "minPS": 0.0783,
  "maxPS": 1.1628,
  "medianPS": 0.36,
  "hienTaiPS": 1.2229609876546552
}