{
  "minPB": 0.27,
  "maxPB": 1.0281,
  "medianPB": 0.62,
  "hienTaiPB": 0.9774470289075191,
  "minPE": -10.3863,
  "maxPE": 91.4697,
  "medianPE": 10.86,
  "hienTaiPE": 7.3525848949953065,
  "minPS": 0.0807,
  "maxPS": 1.1721,
  "medianPS": 0.36,
  "hienTaiPS": 1.195166419753413
}