{
  "minPB": 0.4773,
  "maxPB": 2.0723,
  "medianPB": 0.71,
  "hienTaiPB": 0.6548296847893759,
  "minPE": -23.4319,
  "maxPE": 113.7237,
  "medianPE": 6.22,
  "hienTaiPE": 9.276235313532963,
  "minPS": 0.1719,
  "maxPS": 0.9688,
  "medianPS": 0.33,
  "hienTaiPS": 0.2835664209446599
}