{
  "minPB": 0.4773,
  "maxPB": 2.0723,
  "medianPB": 0.71,
  "hienTaiPB": 0.6615116203484511,
  "minPE": -23.4319,
  "maxPE": 113.7237,
  "medianPE": 6.26,
  "hienTaiPE": 9.370890775915953,
  "minPS": 0.1719,
  "maxPS": 0.9715,
  "medianPS": 0.33,
  "hienTaiPS": 0.2864599558522585
}