{
  "minPB": 0.4773,
  "maxPB": 2.0723,
  "medianPB": 0.71,
  "hienTaiPB": 0.6481477492303006,
  "minPE": -23.4319,
  "maxPE": 113.7237,
  "medianPE": 6.23,
  "hienTaiPE": 9.181579851149973,
  "minPS": 0.1719,
  "maxPS": 0.9715,
  "medianPS": 0.33,
  "hienTaiPS": 0.2806728860370613
}