{
  "minPB": 0.3009,
  "maxPB": 2.1524,
  "medianPB": 0.53,
  "hienTaiPB": 0.5254516502556321,
  "minPE": -52.9224,
  "maxPE": 271.6082,
  "medianPE": 10.49,
  "hienTaiPE": 17.49773127449235,
  "minPS": 0.3534,
  "maxPS": 3.9036,
  "medianPS": 1.14,
  "hienTaiPS": 1.5852052067925668
}