{
  "minPB": 0.4999,
  "maxPB": 0.5728,
  "medianPB": 0.53,
  "hienTaiPB": 0.5219836693639449,
  "minPE": 11.5643,
  "maxPE": 17.8477,
  "medianPE": 12.61,
  "hienTaiPE": 17.3822462480807,
  "minPS": 0.3534,
  "maxPS": 3.8386,
  "medianPS": 1.17,
  "hienTaiPS": 1.5747428524277358
}