{
  "minPB": 0.3009,
  "maxPB": 2.154,
  "medianPB": 0.53,
  "hienTaiPB": 0.5314417990685463,
  "minPE": -52.9224,
  "maxPE": 271.6082,
  "medianPE": 10.48,
  "hienTaiPE": 17.697205411021564,
  "minPS": 0.3534,
  "maxPS": 3.9036,
  "medianPS": 1.14,
  "hienTaiPS": 1.603276546150002
}