{
  "minPB": 0.3009,
  "maxPB": 2.154,
  "medianPB": 0.53,
  "hienTaiPB": 0.5464697162658574,
  "minPE": -52.9224,
  "maxPE": 271.6082,
  "medianPE": 10.47,
  "hienTaiPE": 18.197640525472043,
  "minPS": 0.3534,
  "maxPS": 3.9036,
  "medianPS": 1.14,
  "hienTaiPS": 1.6486134150642695
}