{
  "minPB": 0.3009,
  "maxPB": 2.154,
  "medianPB": 0.53,
  "hienTaiPB": 0.5149426172505195,
  "minPE": -52.9224,
  "maxPE": 271.6082,
  "medianPE": 10.49,
  "hienTaiPE": 17.147776649002502,
  "minPS": 0.3534,
  "maxPS": 3.9036,
  "medianPS": 1.14,
  "hienTaiPS": 1.5535011026567154
}