{
  "minPB": 0.4999,
  "maxPB": 0.5728,
  "medianPB": 0.53,
  "hienTaiPB": 0.5149426172505195,
  "minPE": 11.5643,
  "maxPE": 17.8477,
  "medianPE": 12.61,
  "hienTaiPE": 17.147776649002502,
  "minPS": 0.3534,
  "maxPS": 3.8386,
  "medianPS": 1.17,
  "hienTaiPS": 1.5535011026567154
}