{
  "minPB": 0.4999,
  "maxPB": 0.5728,
  "medianPB": 0.53,
  "hienTaiPB": 0.5464697162658574,
  "minPE": 11.5643,
  "maxPE": 17.9632,
  "medianPE": 12.61,
  "hienTaiPE": 18.197640525472043,
  "minPS": 0.3534,
  "maxPS": 3.8386,
  "medianPS": 1.17,
  "hienTaiPS": 1.6486134150642695
}