{
  "minPB": 0.7039,
  "maxPB": 4.2655,
  "medianPB": 2.05,
  "hienTaiPB": 3.5256410377777585,
  "minPE": 4.4081,
  "maxPE": 15.5316,
  "medianPE": 9.72,
  "hienTaiPE": 12.58463599733033,
  "minPS": 1.1205,
  "maxPS": 4.325,
  "medianPS": 1.87,
  "hienTaiPS": 3.2686240339622135
}