{
  "minPB": 0.7035,
  "maxPB": 4.2731,
  "medianPB": 2.05,
  "hienTaiPB": 3.355334648664765,
  "minPE": 4.4001,
  "maxPE": 15.5843,
  "medianPE": 9.71,
  "hienTaiPE": 11.976734088984713,
  "minPS": 1.1294,
  "maxPS": 4.325,
  "medianPS": 1.88,
  "hienTaiPS": 3.110732872999632
}