{
  "minPB": 0.7035,
  "maxPB": 4.2731,
  "medianPB": 2.05,
  "hienTaiPB": 3.316492840621451,
  "minPE": 4.4001,
  "maxPE": 15.5843,
  "medianPE": 9.71,
  "hienTaiPE": 11.83808979409887,
  "minPS": 1.1294,
  "maxPS": 4.325,
  "medianPS": 1.88,
  "hienTaiPS": 3.0747226082186923
}