{
  "minPB": 0.7035,
  "maxPB": 4.2731,
  "medianPB": 2.05,
  "hienTaiPB": 3.406127782259868,
  "minPE": 4.4001,
  "maxPE": 15.5843,
  "medianPE": 9.71,
  "hienTaiPE": 12.158038166912354,
  "minPS": 1.1294,
  "maxPS": 4.325,
  "medianPS": 1.88,
  "hienTaiPS": 3.1578232192516302
}