{
  "minPB": 0.7039,
  "maxPB": 4.2655,
  "medianPB": 2.05,
  "hienTaiPB": 3.4419817589152353,
  "minPE": 4.4081,
  "maxPE": 15.5316,
  "medianPE": 9.71,
  "hienTaiPE": 12.286017516037747,
  "minPS": 1.1205,
  "maxPS": 4.325,
  "medianPS": 1.87,
  "hienTaiPS": 3.191063463664805
}