{
  "minPB": 0.7039,
  "maxPB": 4.2655,
  "medianPB": 2.05,
  "hienTaiPB": 3.4808235669585494,
  "minPE": 4.4081,
  "maxPE": 15.5316,
  "medianPE": 9.71,
  "hienTaiPE": 12.424661810923588,
  "minPS": 1.1205,
  "maxPS": 4.325,
  "medianPS": 1.87,
  "hienTaiPS": 3.227073728445745
}