{
  "minPB": 0.7039,
  "maxPB": 4.2655,
  "medianPB": 2.05,
  "hienTaiPB": 3.4658844100188135,
  "minPE": 4.4081,
  "maxPE": 15.5316,
  "medianPE": 9.72,
  "hienTaiPE": 12.371337082121341,
  "minPS": 1.1205,
  "maxPS": 4.325,
  "medianPS": 1.87,
  "hienTaiPS": 3.2132236266069216
}