{
  "minPB": 0.9879,
  "maxPB": 7.4416,
  "medianPB": 1.99,
  "hienTaiPB": 1.475008932255613,
  "minPE": 7.7661,
  "maxPE": 660.2732,
  "medianPE": 20.47,
  "hienTaiPE": 32.07338169288582,
  "minPS": 2.1288,
  "maxPS": 66.0318,
  "medianPS": 8.37,
  "hienTaiPS": 8.311142687669198
}