{
  "minPB": 0.9879,
  "maxPB": 7.441,
  "medianPB": 1.99,
  "hienTaiPB": 1.5287852995774323,
  "minPE": 7.7809,
  "maxPE": 658.1602,
  "medianPE": 20.54,
  "hienTaiPE": 33.24272373377228,
  "minPS": 2.1288,
  "maxPS": 66.0318,
  "medianPS": 8.32,
  "hienTaiPS": 8.61415309815714
}