{
  "minPB": 0.9879,
  "maxPB": 7.4416,
  "medianPB": 1.99,
  "hienTaiPB": 1.4442795795002876,
  "minPE": 7.7661,
  "maxPE": 660.2732,
  "medianPE": 20.44,
  "hienTaiPE": 31.405186240950698,
  "minPS": 2.1305,
  "maxPS": 73.8612,
  "medianPS": 8.55,
  "hienTaiPS": 8.13799388167609
}