{
  "minPB": 0.9879,
  "maxPB": 7.4416,
  "medianPB": 1.99,
  "hienTaiPB": 1.4903736086332755,
  "minPE": 7.7661,
  "maxPE": 660.2732,
  "medianPE": 20.48,
  "hienTaiPE": 32.407479418853384,
  "minPS": 2.1288,
  "maxPS": 66.0318,
  "medianPS": 8.37,
  "hienTaiPS": 8.397717090665754
}