{
  "minPB": 0.9879,
  "maxPB": 7.4416,
  "medianPB": 1.99,
  "hienTaiPB": 1.4942147777276913,
  "minPE": 7.7661,
  "maxPE": 660.2732,
  "medianPE": 20.44,
  "hienTaiPE": 32.49100385034527,
  "minPS": 2.1305,
  "maxPS": 73.8612,
  "medianPS": 8.55,
  "hienTaiPS": 8.419360691414893
}