{
  "minPB": 0.9879,
  "maxPB": 7.4416,
  "medianPB": 1.99,
  "hienTaiPB": 1.4711677631611972,
  "minPE": 7.7661,
  "maxPE": 660.2732,
  "medianPE": 20.49,
  "hienTaiPE": 31.98985726139393,
  "minPS": 2.1288,
  "maxPS": 66.0318,
  "medianPS": 8.36,
  "hienTaiPS": 8.28949908692006
}