{
  "minPB": 0.2635,
  "maxPB": 1.261,
  "medianPB": 0.61,
  "hienTaiPB": 1.055431195510177,
  "minPE": -106.3154,
  "maxPE": 78.2038,
  "medianPE": 10.01,
  "hienTaiPE": 4.700401960538879,
  "minPS": 0.0906,
  "maxPS": 0.5141,
  "medianPS": 0.23,
  "hienTaiPS": 0.7741163605784352
}