{
  "minPB": 1.0081,
  "maxPB": 1.1577,
  "medianPB": 1.1,
  "hienTaiPB": 1.0451778683209525,
  "minPE": 2.814,
  "maxPE": 4.6547,
  "medianPE": 3.08,
  "hienTaiPE": 4.654738387747683,
  "minPS": 0.0906,
  "maxPS": 0.7724,
  "medianPS": 0.24,
  "hienTaiPS": 0.7665959572008322
}