{
  "minPB": 1.0081,
  "maxPB": 1.1577,
  "medianPB": 1.1,
  "hienTaiPB": 1.0422010959111776,
  "minPE": 2.814,
  "maxPE": 4.6842,
  "medianPE": 3.08,
  "hienTaiPE": 4.641481221453465,
  "minPS": 0.0906,
  "maxPS": 0.7729,
  "medianPS": 0.24,
  "hienTaiPS": 0.7644126142847538
}