{
  "minPB": 0.2648,
  "maxPB": 1.261,
  "medianPB": 0.61,
  "hienTaiPB": 1.0607893858477717,
  "minPE": -106.0819,
  "maxPE": 78.1708,
  "medianPE": 10.01,
  "hienTaiPE": 4.724264859868471,
  "minPS": 0.0906,
  "maxPS": 0.5145,
  "medianPS": 0.23,
  "hienTaiPS": 0.7780463778273762
}