{
  "minPB": 0.2635,
  "maxPB": 1.261,
  "medianPB": 0.6,
  "hienTaiPB": 1.0560927004901268,
  "minPE": -106.3154,
  "maxPE": 78.2038,
  "medianPE": 10.01,
  "hienTaiPE": 4.703347997493149,
  "minPS": 0.0906,
  "maxPS": 0.514,
  "medianPS": 0.23,
  "hienTaiPS": 0.7746015478931193
}