{
  "minPB": 0.2661,
  "maxPB": 1.261,
  "medianPB": 0.61,
  "hienTaiPB": 1.0584079679199518,
  "minPE": -105.8485,
  "maxPE": 78.1378,
  "medianPE": 10.01,
  "hienTaiPE": 4.713659126833097,
  "minPS": 0.0906,
  "maxPS": 0.5156,
  "medianPS": 0.23,
  "hienTaiPS": 0.7762997034945136
}