{
  "minPB": 1.0081,
  "maxPB": 1.1577,
  "medianPB": 1.1,
  "hienTaiPB": 1.0424656979031575,
  "minPE": 2.814,
  "maxPE": 4.6842,
  "medianPE": 3.09,
  "hienTaiPE": 4.642659636235173,
  "minPS": 0.0906,
  "maxPS": 0.7729,
  "medianPS": 0.24,
  "hienTaiPS": 0.7646066892106275
}