{
  "minPB": 1.0081,
  "maxPB": 1.1577,
  "medianPB": 1.1,
  "hienTaiPB": 1.0540420350522821,
  "minPE": 2.814,
  "maxPE": 4.6842,
  "medianPE": 3.08,
  "hienTaiPE": 4.69421528293491,
  "minPS": 0.0906,
  "maxPS": 0.7729,
  "medianPS": 0.24,
  "hienTaiPS": 0.7730974672175988
}