{
  "minPB": 0.2661,
  "maxPB": 1.261,
  "medianPB": 0.61,
  "hienTaiPB": 1.0451778683209525,
  "minPE": -105.8485,
  "maxPE": 78.1378,
  "medianPE": 10.01,
  "hienTaiPE": 4.654738387747683,
  "minPS": 0.0906,
  "maxPS": 0.517,
  "medianPS": 0.23,
  "hienTaiPS": 0.7665959572008322
}