{
  "minPB": 0.2635,
  "maxPB": 1.261,
  "medianPB": 0.6,
  "hienTaiPB": 1.0584079679199518,
  "minPE": -106.3154,
  "maxPE": 78.2038,
  "medianPE": 10.01,
  "hienTaiPE": 4.713659126833097,
  "minPS": 0.0906,
  "maxPS": 0.5127,
  "medianPS": 0.23,
  "hienTaiPS": 0.7762997034945136
}