{
  "minPB": 0.2661,
  "maxPB": 1.261,
  "medianPB": 0.61,
  "hienTaiPB": 1.0650230177194515,
  "minPE": -105.8485,
  "maxPE": 78.1378,
  "medianPE": 9.98,
  "hienTaiPE": 4.743119496375804,
  "minPS": 0.0906,
  "maxPS": 0.5188,
  "medianPS": 0.23,
  "hienTaiPS": 0.7811515766413543
}