{
  "minPB": 1.4844,
  "maxPB": 3.605,
  "medianPB": 2.14,
  "hienTaiPB": 2.164783164526863,
  "minPE": -535.5891,
  "maxPE": 626.5586,
  "medianPE": -32.53,
  "hienTaiPE": -46.1246,
  "minPS": 0.1345,
  "maxPS": 0.8164,
  "medianPS": 0.34,
  "hienTaiPS": 0.1913505844964522
}