{
  "minPB": 1.4844,
  "maxPB": 3.605,
  "medianPB": 2.14,
  "hienTaiPB": 2.2986910393593862,
  "minPE": -535.5891,
  "maxPE": 626.5586,
  "medianPE": -32.53,
  "hienTaiPE": -45.0318,
  "minPS": 0.1345,
  "maxPS": 0.8164,
  "medianPS": 0.34,
  "hienTaiPS": 0.20318703561902055
}