{
  "minPB": 1.4844,
  "maxPB": 3.605,
  "medianPB": 2.14,
  "hienTaiPB": 2.4446396767790297,
  "minPE": -535.5891,
  "maxPE": 626.5586,
  "medianPE": -32.53,
  "hienTaiPE": -45.3582,
  "minPS": 0.1345,
  "maxPS": 0.8164,
  "medianPS": 0.34,
  "hienTaiPS": 0.21608779978530757
}