{
  "minPB": 0.3096,
  "maxPB": 1.1764,
  "medianPB": 0.54,
  "hienTaiPB": 0.6323711561911816,
  "minPE": -456.4817,
  "maxPE": 347.9718,
  "medianPE": 3.29,
  "hienTaiPE": 36.12457889021673,
  "minPS": 0.0733,
  "maxPS": 0.4938,
  "medianPS": 0.18,
  "hienTaiPS": 0.1359607861391044
}