{
  "minPB": 0.5155,
  "maxPB": 2.8597,
  "medianPB": 2.1,
  "hienTaiPB": 2.0588146961195752,
  "minPE": 1.7965,
  "maxPE": 15.2472,
  "medianPE": 7.92,
  "hienTaiPE": 10.483851642481028,
  "minPS": 0.0471,
  "maxPS": 0.3376,
  "medianPS": 0.18,
  "hienTaiPS": 0.15795378855971068
}