{
  "minPB": 0.4387,
  "maxPB": 2.2738,
  "medianPB": 0.94,
  "hienTaiPB": 1.196903995653361,
  "minPE": 2.9344,
  "maxPE": 33.4009,
  "medianPE": 7.57,
  "hienTaiPE": 15.069909637213332,
  "minPS": 0.0598,
  "maxPS": 0.2218,
  "medianPS": 0.11,
  "hienTaiPS": 0.1366136774897726
}