{
  "minPB": 0.4387,
  "maxPB": 2.2738,
  "medianPB": 0.93,
  "hienTaiPB": 1.1503032253307914,
  "minPE": 2.9344,
  "maxPE": 33.4034,
  "medianPE": 7.55,
  "hienTaiPE": 14.483171352157894,
  "minPS": 0.0598,
  "maxPS": 0.2095,
  "medianPS": 0.11,
  "hienTaiPS": 0.13129470234160523
}