{
  "minPB": 0.4387,
  "maxPB": 2.2738,
  "medianPB": 0.94,
  "hienTaiPB": 1.1919986514088798,
  "minPE": 2.9344,
  "maxPE": 33.4009,
  "medianPE": 7.57,
  "hienTaiPE": 15.008147712470654,
  "minPS": 0.0598,
  "maxPS": 0.2218,
  "medianPS": 0.11,
  "hienTaiPS": 0.13605378536891288
}