{
  "minPB": 0.4413,
  "maxPB": 0.5427,
  "medianPB": 0.46,
  "hienTaiPB": 0.5625354473077202,
  "minPE": -63.3355,
  "maxPE": 332.4936,
  "medianPE": -57.23,
  "hienTaiPE": 344.6243263038986,
  "minPS": 0.409,
  "maxPS": 60.7348,
  "medianPS": 3.54,
  "hienTaiPS": 1.6365131879918293
}