{
  "minPB": 0.4413,
  "maxPB": 0.5628,
  "medianPB": 0.46,
  "hienTaiPB": 0.5848118510211059,
  "minPE": -63.3355,
  "maxPE": 344.7622,
  "medianPE": -57.22,
  "hienTaiPE": 358.271449625533,
  "minPS": 0.409,
  "maxPS": 60.7348,
  "medianPS": 3.53,
  "hienTaiPS": 1.7013191102363059
}