{
  "minPB": 0.4413,
  "maxPB": 0.5841,
  "medianPB": 0.46,
  "hienTaiPB": 0.5841368084843367,
  "minPE": -63.3355,
  "maxPE": 357.8579,
  "medianPE": -57.2,
  "hienTaiPE": 357.8579004339683,
  "minPS": 0.409,
  "maxPS": 60.7348,
  "medianPS": 3.53,
  "hienTaiPS": 1.6993552944107155
}