{
  "minPB": 0.1111,
  "maxPB": 1.7954,
  "medianPB": 0.33,
  "hienTaiPB": 0.6068632405555685,
  "minPE": -60.6656,
  "maxPE": 254.4154,
  "medianPE": -2.46,
  "hienTaiPE": 371.7807232166458,
  "minPS": 0.409,
  "maxPS": 60.7348,
  "medianPS": 3.44,
  "hienTaiPS": 1.7654704272055854
}