{
  "minPB": 0.1111,
  "maxPB": 1.7954,
  "medianPB": 0.33,
  "hienTaiPB": 0.6052881413031069,
  "minPE": -60.6656,
  "maxPE": 253.4958,
  "medianPE": -2.46,
  "hienTaiPE": 370.8157751029949,
  "minPS": 0.409,
  "maxPS": 60.7348,
  "medianPS": 3.44,
  "hienTaiPS": 1.7608881902792084
}