{
  "minPB": 0.1111,
  "maxPB": 1.7954,
  "medianPB": 0.33,
  "hienTaiPB": 0.5812116241583365,
  "minPE": -60.6656,
  "maxPE": 253.2914,
  "medianPE": -2.46,
  "hienTaiPE": 356.065853937188,
  "minPS": 0.409,
  "maxPS": 60.7348,
  "medianPS": 3.44,
  "hienTaiPS": 1.690845425833158
}