{
  "minPB": 0.1111,
  "maxPB": 1.7954,
  "medianPB": 0.33,
  "hienTaiPB": 0.585036865200029,
  "minPE": -60.6656,
  "maxPE": 255.7436,
  "medianPE": -2.46,
  "hienTaiPE": 358.40929935605453,
  "minPS": 0.409,
  "maxPS": 60.7348,
  "medianPS": 3.44,
  "hienTaiPS": 1.7019737155115024
}