{
  "minPB": 1.1953,
  "maxPB": 1.3352,
  "medianPB": 1.29,
  "hienTaiPB": 1.2087633688208244,
  "minPE": 18.6275,
  "maxPE": 30.1929,
  "medianPE": 29.14,
  "hienTaiPE": 18.535190184705034,
  "minPS": 1.7695,
  "maxPS": 8.918,
  "medianPS": 3.8,
  "hienTaiPS": 3.7621395217616187
}