{
  "minPB": 1.046,
  "maxPB": 2.3274,
  "medianPB": 1.51,
  "hienTaiPB": 1.2666024397698523,
  "minPE": 13.1649,
  "maxPE": 43.6628,
  "medianPE": 26.94,
  "hienTaiPE": 19.42209510571757,
  "minPS": 1.7516,
  "maxPS": 8.9674,
  "medianPS": 2.67,
  "hienTaiPS": 3.942157100331678
}