{
  "minPB": 1.046,
  "maxPB": 2.3274,
  "medianPB": 1.51,
  "hienTaiPB": 1.2510647990507744,
  "minPE": 13.1649,
  "maxPE": 43.6628,
  "medianPE": 26.97,
  "hienTaiPE": 19.183840759847815,
  "minPS": 1.7516,
  "maxPS": 8.9674,
  "medianPS": 2.67,
  "hienTaiPS": 3.8937979477200306
}