{
  "minPB": 1.1953,
  "maxPB": 1.3352,
  "medianPB": 1.29,
  "hienTaiPB": 1.208682019916536,
  "minPE": 18.5339,
  "maxPE": 30.1929,
  "medianPE": 29.08,
  "hienTaiPE": 18.533942779752834,
  "minPS": 1.7695,
  "maxPS": 8.918,
  "medianPS": 3.8,
  "hienTaiPS": 3.7618863324809295
}