{
  "minPB": 1.046,
  "maxPB": 2.3274,
  "medianPB": 1.51,
  "hienTaiPB": 1.2853126877561765,
  "minPE": 13.1649,
  "maxPE": 43.6628,
  "medianPE": 26.86,
  "hienTaiPE": 19.70899824472303,
  "minPS": 1.7516,
  "maxPS": 8.9674,
  "medianPS": 2.66,
  "hienTaiPS": 4.0003906348902065
}