{
  "minPB": 1.1953,
  "maxPB": 1.3352,
  "medianPB": 1.29,
  "hienTaiPB": 1.2036383878506574,
  "minPE": 18.5352,
  "maxPE": 30.1929,
  "medianPE": 29.11,
  "hienTaiPE": 18.456603672716582,
  "minPS": 1.7695,
  "maxPS": 8.918,
  "medianPS": 3.8,
  "hienTaiPS": 3.746188597078196
}