{
  "minPB": 1.046,
  "maxPB": 2.3274,
  "medianPB": 1.51,
  "hienTaiPB": 1.2120986738966473,
  "minPE": 13.1649,
  "maxPE": 43.6628,
  "medianPE": 27.01,
  "hienTaiPE": 18.586333787745136,
  "minPS": 1.7516,
  "maxPS": 8.9674,
  "medianPS": 2.67,
  "hienTaiPS": 3.7725202822698782
}