{
  "minPB": 1.1953,
  "maxPB": 1.3352,
  "medianPB": 1.29,
  "hienTaiPB": 1.2120986738966473,
  "minPE": 18.6487,
  "maxPE": 30.1929,
  "medianPE": 29.16,
  "hienTaiPE": 18.586333787745136,
  "minPS": 1.7699,
  "maxPS": 8.918,
  "medianPS": 3.8,
  "hienTaiPS": 3.7725202822698782
}