{
  "minPB": 1.046,
  "maxPB": 2.3274,
  "medianPB": 1.51,
  "hienTaiPB": 1.255376290978058,
  "minPE": 13.1649,
  "maxPE": 43.6628,
  "medianPE": 26.99,
  "hienTaiPE": 19.249953222314293,
  "minPS": 1.7516,
  "maxPS": 8.9674,
  "medianPS": 2.67,
  "hienTaiPS": 3.907216979596561
}