{
  "minPB": 0.3711,
  "maxPB": 1.6729,
  "medianPB": 1.08,
  "hienTaiPB": 1.1047850434749396,
  "minPE": 5.2386,
  "maxPE": 107.4282,
  "medianPE": 8.13,
  "hienTaiPE": 8.831027497021033,
  "minPS": 0.0821,
  "maxPS": 0.4382,
  "medianPS": 0.25,
  "hienTaiPS": 0.2236676100852647
}