{
  "minPB": 0.3711,
  "maxPB": 1.6729,
  "medianPB": 1.08,
  "hienTaiPB": 1.0839400426546577,
  "minPE": 5.2386,
  "maxPE": 104.0178,
  "medianPE": 8.13,
  "hienTaiPE": 8.664404336699882,
  "minPS": 0.0822,
  "maxPS": 0.4529,
  "medianPS": 0.26,
  "hienTaiPS": 0.21944746649875027
}