{
  "minPB": 0.3711,
  "maxPB": 1.6729,
  "medianPB": 1.08,
  "hienTaiPB": 1.097836709868179,
  "minPE": 5.2386,
  "maxPE": 107.4282,
  "medianPE": 8.13,
  "hienTaiPE": 8.775486443580649,
  "minPS": 0.0822,
  "maxPS": 0.4529,
  "medianPS": 0.26,
  "hienTaiPS": 0.22226089555642656
}