{
  "minPB": 0.3711,
  "maxPB": 1.6729,
  "medianPB": 1.08,
  "hienTaiPB": 1.0943625430647987,
  "minPE": 5.2386,
  "maxPE": 105.723,
  "medianPE": 8.13,
  "hienTaiPE": 8.747715916860457,
  "minPS": 0.0822,
  "maxPS": 0.4529,
  "medianPS": 0.26,
  "hienTaiPS": 0.2215575382920075
}