{
  "minPB": 1.2096,
  "maxPB": 3.3906,
  "medianPB": 2.07,
  "hienTaiPB": 2.05695341528716,
  "minPE": 3.1502,
  "maxPE": 27.6454,
  "medianPE": 10.71,
  "hienTaiPE": 12.197444262002096,
  "minPS": 0.2124,
  "maxPS": 1.3083,
  "medianPS": 0.37,
  "hienTaiPS": 0.2778676041913879
}