{
  "minPB": 1.2096,
  "maxPB": 3.3906,
  "medianPB": 2.07,
  "hienTaiPB": 2.07705393726065,
  "minPE": 3.1512,
  "maxPE": 27.6454,
  "medianPE": 10.72,
  "hienTaiPE": 12.316637528406025,
  "minPS": 0.2124,
  "maxPS": 1.307,
  "medianPS": 0.37,
  "hienTaiPS": 0.28058292279912134
}