{
  "minPB": 1.2096,
  "maxPB": 3.3907,
  "medianPB": 2.07,
  "hienTaiPB": 2.0167523713401794,
  "minPE": 3.1491,
  "maxPE": 27.6454,
  "medianPE": 10.71,
  "hienTaiPE": 11.959057729194237,
  "minPS": 0.2128,
  "maxPS": 1.074,
  "medianPS": 0.37,
  "hienTaiPS": 0.272436966975921
}