{
  "minPB": 1.2096,
  "maxPB": 3.3906,
  "medianPB": 2.07,
  "hienTaiPB": 2.0402029803092514,
  "minPE": 3.1512,
  "maxPE": 27.6454,
  "medianPE": 10.71,
  "hienTaiPE": 12.09811653999882,
  "minPS": 0.2124,
  "maxPS": 1.307,
  "medianPS": 0.37,
  "hienTaiPS": 0.2756048386849434
}