{
  "minPB": 0.6419,
  "maxPB": 1.7884,
  "medianPB": 1.17,
  "hienTaiPB": 1.5232907982524202,
  "minPE": 3.7795,
  "maxPE": 15.5123,
  "medianPE": 10.4,
  "hienTaiPE": 12.510720523579742,
  "minPS": 0.323,
  "maxPS": 1.0057,
  "medianPS": 0.6,
  "hienTaiPS": 0.9942915022388356
}