{
  "minPB": 0.6419,
  "maxPB": 1.7884,
  "medianPB": 1.17,
  "hienTaiPB": 1.598873929463418,
  "minPE": 3.7795,
  "maxPE": 15.5123,
  "medianPE": 10.4,
  "hienTaiPE": 13.131481465589424,
  "minPS": 0.323,
  "maxPS": 1.0057,
  "medianPS": 0.6,
  "hienTaiPS": 1.0436265767774038
}