{
  "minPB": 0.6419,
  "maxPB": 1.7884,
  "medianPB": 1.17,
  "hienTaiPB": 1.4136147164027049,
  "minPE": 3.7795,
  "maxPE": 15.5123,
  "medianPE": 10.41,
  "hienTaiPE": 10.93494274770901,
  "minPS": 0.323,
  "maxPS": 1.0044,
  "medianPS": 0.59,
  "hienTaiPS": 0.8690563130255471
}