{
  "minPB": 0.6419,
  "maxPB": 1.7884,
  "medianPB": 1.17,
  "hienTaiPB": 1.3827497662629078,
  "minPE": 3.7795,
  "maxPE": 15.5123,
  "medianPE": 10.41,
  "hienTaiPE": 10.696188539243748,
  "minPS": 0.323,
  "maxPS": 1.0044,
  "medianPS": 0.59,
  "hienTaiPS": 0.850081284356867
}