{
  "minPB": 0.5459,
  "maxPB": 1.4983,
  "medianPB": 0.95,
  "hienTaiPB": 1.22935135878011,
  "minPE": 4.5624,
  "maxPE": 22.7684,
  "medianPE": 8.18,
  "hienTaiPE": 175.4181106155718,
  "minPS": 0.2319,
  "maxPS": 0.7375,
  "medianPS": 0.35,
  "hienTaiPS": 0.599580984081622
}