{
  "minPB": 0.5459,
  "maxPB": 1.4979,
  "medianPB": 0.95,
  "hienTaiPB": 1.2469135210483973,
  "minPE": 4.5851,
  "maxPE": 29.4769,
  "medianPE": 8.23,
  "hienTaiPE": 177.9240836243657,
  "minPS": 0.2319,
  "maxPS": 0.7363,
  "medianPS": 0.34,
  "hienTaiPS": 0.6081464267113594
}