{
  "minPB": 0.5459,
  "maxPB": 1.4979,
  "medianPB": 0.95,
  "hienTaiPB": 1.2205702776459664,
  "minPE": 4.5851,
  "maxPE": 27.444,
  "medianPE": 8.22,
  "hienTaiPE": 174.16512411117486,
  "minPS": 0.2319,
  "maxPS": 0.7363,
  "medianPS": 0.34,
  "hienTaiPS": 0.5952982627667532
}