{
  "minPB": 0.5459,
  "maxPB": 1.4979,
  "medianPB": 0.95,
  "hienTaiPB": 1.1766648719752482,
  "minPE": 4.5851,
  "maxPE": 24.1914,
  "medianPE": 8.19,
  "hienTaiPE": 167.90019158919014,
  "minPS": 0.2319,
  "maxPS": 0.7375,
  "medianPS": 0.35,
  "hienTaiPS": 0.5738846561924097
}