{
  "minPB": 0.5459,
  "maxPB": 1.4979,
  "medianPB": 0.95,
  "hienTaiPB": 1.1591027097069608,
  "minPE": 4.5851,
  "maxPE": 22.9717,
  "medianPE": 8.19,
  "hienTaiPE": 165.39421858039626,
  "minPS": 0.2319,
  "maxPS": 0.7375,
  "medianPS": 0.35,
  "hienTaiPS": 0.5653192135626722
}