{
  "minPB": 0.5459,
  "maxPB": 1.4979,
  "medianPB": 0.95,
  "hienTaiPB": 1.299600007853259,
  "minPE": 4.5851,
  "maxPE": 27.8506,
  "medianPE": 8.22,
  "hienTaiPE": 185.44200265074733,
  "minPS": 0.2319,
  "maxPS": 0.7363,
  "medianPS": 0.34,
  "hienTaiPS": 0.6338427546005718
}