{
  "minPB": 0.5459,
  "maxPB": 1.4979,
  "medianPB": 0.95,
  "hienTaiPB": 1.1942270342435355,
  "minPE": 4.5851,
  "maxPE": 23.5816,
  "medianPE": 8.19,
  "hienTaiPE": 170.40616459798403,
  "minPS": 0.2319,
  "maxPS": 0.7375,
  "medianPS": 0.35,
  "hienTaiPS": 0.582450098822147
}