{
  "minPB": 0,
  "maxPB": 2.8235,
  "medianPB": 1.18,
  "hienTaiPB": 1.6506264495365963,
  "minPE": 0,
  "maxPE": 28.7752,
  "medianPE": 9.49,
  "hienTaiPE": 14.443477592497256,
  "minPS": 0,
  "maxPS": 0.2865,
  "medianPS": 0.18,
  "hienTaiPS": 0.2601401151333385
}