{
  "minPB": 0,
  "maxPB": 2.8235,
  "medianPB": 1.18,
  "hienTaiPB": 1.625990233871871,
  "minPE": 0,
  "maxPE": 28.7752,
  "medianPE": 9.48,
  "hienTaiPE": 14.227903300071922,
  "minPS": 0,
  "maxPS": 0.2865,
  "medianPS": 0.18,
  "hienTaiPS": 0.2562574268477663
}