{
  "minPB": 0,
  "maxPB": 2.8235,
  "medianPB": 1.18,
  "hienTaiPB": 1.5323726143459149,
  "minPE": 0,
  "maxPE": 28.7752,
  "medianPE": 9.48,
  "hienTaiPE": 13.408720988855661,
  "minPS": 0,
  "maxPS": 0.2865,
  "medianPS": 0.18,
  "hienTaiPS": 0.24150321136259187
}