{
  "minPB": 0,
  "maxPB": 2.8235,
  "medianPB": 1.18,
  "hienTaiPB": 1.5816450456753655,
  "minPE": 0,
  "maxPE": 28.7752,
  "medianPE": 9.49,
  "hienTaiPE": 13.839869573706325,
  "minPS": 0,
  "maxPS": 0.2865,
  "medianPS": 0.18,
  "hienTaiPS": 0.24926858793373632
}