{
  "minPB": 0.7789,
  "maxPB": 2.8805,
  "medianPB": 1.23,
  "hienTaiPB": 1.6654081789354316,
  "minPE": 1.4636,
  "maxPE": 29.6368,
  "medianPE": 10.55,
  "hienTaiPE": 14.572822167952454,
  "minPS": 0.1061,
  "maxPS": 0.281,
  "medianPS": 0.19,
  "hienTaiPS": 0.26246972810468183
}