{
  "minPB": 0.7789,
  "maxPB": 2.8805,
  "medianPB": 1.23,
  "hienTaiPB": 1.621062990738926,
  "minPE": 1.4636,
  "maxPE": 29.6368,
  "medianPE": 10.57,
  "hienTaiPE": 14.184788441586857,
  "minPS": 0.1061,
  "maxPS": 0.281,
  "medianPS": 0.19,
  "hienTaiPS": 0.25548088919065187
}