{
  "minPB": 0.2994,
  "maxPB": 2.7738,
  "medianPB": 0.69,
  "hienTaiPB": 1.9403695620639152,
  "minPE": -157.3933,
  "maxPE": 115.5806,
  "medianPE": 4.55,
  "hienTaiPE": 46.069166959855494,
  "minPS": 0.163,
  "maxPS": 113.0738,
  "medianPS": 2.8,
  "hienTaiPS": 1.680988359958229
}