{
  "minPB": 0.2994,
  "maxPB": 2.7738,
  "medianPB": 0.69,
  "hienTaiPB": 1.9982910415285098,
  "minPE": -157.3933,
  "maxPE": 115.5806,
  "medianPE": 4.55,
  "hienTaiPE": 47.44436597358252,
  "minPS": 0.163,
  "maxPS": 113.0738,
  "medianPS": 2.8,
  "hienTaiPS": 1.7311671169719074
}