{
  "minPB": 0.2994,
  "maxPB": 2.7738,
  "medianPB": 0.7,
  "hienTaiPB": 2.2010162196545906,
  "minPE": -157.3933,
  "maxPE": 115.5806,
  "medianPE": 4.55,
  "hienTaiPE": 52.25756252162712,
  "minPS": 0.163,
  "maxPS": 113.0738,
  "medianPS": 2.8,
  "hienTaiPS": 1.9067927665197821
}