{
  "minPB": 0.2994,
  "maxPB": 2.7738,
  "medianPB": 0.7,
  "hienTaiPB": 2.1141340004576987,
  "minPE": -157.3933,
  "maxPE": 115.5806,
  "medianPE": 4.63,
  "hienTaiPE": 50.19476400103658,
  "minPS": 0.163,
  "maxPS": 113.0738,
  "medianPS": 2.8,
  "hienTaiPS": 1.8315246309992643
}