{
  "minPB": 0.2994,
  "maxPB": 2.7738,
  "medianPB": 0.7,
  "hienTaiPB": 2.4327021375129685,
  "minPE": -157.3933,
  "maxPE": 115.5806,
  "medianPE": 4.63,
  "hienTaiPE": 57.758358576535244,
  "minPS": 0.163,
  "maxPS": 113.0738,
  "medianPS": 2.8,
  "hienTaiPS": 2.107507794574496
}