{
  "minPB": 0.923,
  "maxPB": 2.6511,
  "medianPB": 1.4,
  "hienTaiPB": 1.5677569106659874,
  "minPE": -57.2589,
  "maxPE": 469.2566,
  "medianPE": 10.98,
  "hienTaiPE": -25.0704,
  "minPS": 0.2314,
  "maxPS": 1.1081,
  "medianPS": 0.5,
  "hienTaiPS": 0.552369279054043
}