{
  "minPB": 0.923,
  "maxPB": 2.6511,
  "medianPB": 1.4,
  "hienTaiPB": 1.5755956952193173,
  "minPE": -57.2589,
  "maxPE": 469.2566,
  "medianPE": 10.94,
  "hienTaiPE": -25.1951,
  "minPS": 0.2314,
  "maxPS": 1.1081,
  "medianPS": 0.51,
  "hienTaiPS": 0.5551311254493132
}