{
  "minPB": 0.9219,
  "maxPB": 2.668,
  "medianPB": 1.39,
  "hienTaiPB": 1.5364017724526675,
  "minPE": -57.1098,
  "maxPE": 469.2566,
  "medianPE": 11.04,
  "hienTaiPE": -24.7585,
  "minPS": 0.2314,
  "maxPS": 1.1074,
  "medianPS": 0.52,
  "hienTaiPS": 0.5413218934729621
}