{
  "minPB": 0.9219,
  "maxPB": 2.668,
  "medianPB": 1.4,
  "hienTaiPB": 1.5638375183893225,
  "minPE": -57.2589,
  "maxPE": 469.2566,
  "medianPE": 10.99,
  "hienTaiPE": -24.4467,
  "minPS": 0.2314,
  "maxPS": 1.1147,
  "medianPS": 0.5,
  "hienTaiPS": 0.5509883558564078
}