{
  "minPB": 0.9225,
  "maxPB": 2.6596,
  "medianPB": 1.4,
  "hienTaiPB": 1.5755956952193173,
  "minPE": -57.2589,
  "maxPE": 469.2566,
  "medianPE": 10.99,
  "hienTaiPE": -24.8833,
  "minPS": 0.2314,
  "maxPS": 1.1114,
  "medianPS": 0.5,
  "hienTaiPS": 0.5551311254493132
}