{
  "minPB": 0.2419,
  "maxPB": 2.0762,
  "medianPB": 0.59,
  "hienTaiPB": 0.4566105896704314,
  "minPE": -4.1163,
  "maxPE": 62.3605,
  "medianPE": 8.48,
  "hienTaiPE": 58.13411204413987,
  "minPS": 0.0574,
  "maxPS": 0.6956,
  "medianPS": 0.11,
  "hienTaiPS": 0.18287577891110612
}