{
  "minPB": 0.2419,
  "maxPB": 2.0762,
  "medianPB": 0.59,
  "hienTaiPB": 0.4412283180325977,
  "minPE": -4.1163,
  "maxPE": 62.3606,
  "medianPE": 8.47,
  "hienTaiPE": 56.17569337598622,
  "minPS": 0.0574,
  "maxPS": 0.6933,
  "medianPS": 0.11,
  "hienTaiPS": 0.17671507004707948
}