{
  "minPB": 0.2419,
  "maxPB": 2.0762,
  "medianPB": 0.59,
  "hienTaiPB": 0.4468954707412733,
  "minPE": -4.1163,
  "maxPE": 62.3605,
  "medianPE": 8.48,
  "hienTaiPE": 56.89721604320072,
  "minPS": 0.0574,
  "maxPS": 0.6956,
  "medianPS": 0.11,
  "hienTaiPS": 0.1789848048917209
}