{
  "minPB": 0.2419,
  "maxPB": 2.0762,
  "medianPB": 0.59,
  "hienTaiPB": 0.4404187247885012,
  "minPE": -4.1163,
  "maxPE": 62.3606,
  "medianPE": 8.47,
  "hienTaiPE": 56.07261870924129,
  "minPS": 0.0574,
  "maxPS": 0.6933,
  "medianPS": 0.11,
  "hienTaiPS": 0.17639082221213073
}