{
  "minPB": 0.5016,
  "maxPB": 0.5829,
  "medianPB": 0.5,
  "hienTaiPB": 0.5016274501298443,
  "minPE": -301.6653,
  "maxPE": -46.4429,
  "medianPE": -259.77,
  "hienTaiPE": -46.4429,
  "minPS": 0.0863,
  "maxPS": 40.3411,
  "medianPS": 0.34,
  "hienTaiPS": 132.2714107038264
}