{
  "minPB": 1.4394,
  "maxPB": 3.8403,
  "medianPB": 2.17,
  "hienTaiPB": 3.7830932500344807,
  "minPE": 5.9282,
  "maxPE": 10.4908,
  "medianPE": 7.86,
  "hienTaiPE": 9.934763329830153,
  "minPS": 0.4196,
  "maxPS": 1.3479,
  "medianPS": 0.66,
  "hienTaiPS": 1.2925192089165873
}