{
  "minPB": 1.4394,
  "maxPB": 3.8403,
  "medianPB": 2.16,
  "hienTaiPB": 3.792574686751359,
  "minPE": 5.9282,
  "maxPE": 10.4908,
  "medianPE": 7.86,
  "hienTaiPE": 9.959662486045266,
  "minPS": 0.4196,
  "maxPS": 1.3479,
  "medianPS": 0.65,
  "hienTaiPS": 1.2957586054301629
}