{
  "minPB": 1.4354,
  "maxPB": 3.8403,
  "medianPB": 2.16,
  "hienTaiPB": 3.7973154051097984,
  "minPE": 5.9265,
  "maxPE": 10.4908,
  "medianPE": 7.85,
  "hienTaiPE": 9.972112064152823,
  "minPS": 0.4155,
  "maxPS": 1.4145,
  "medianPS": 0.67,
  "hienTaiPS": 1.2973783036869504
}