{
  "minPB": 0.7854,
  "maxPB": 2.4496,
  "medianPB": 1.39,
  "hienTaiPB": 2.6696682173576063,
  "minPE": 7.4837,
  "maxPE": 20.7216,
  "medianPE": 11.82,
  "hienTaiPE": 18.373020040963112,
  "minPS": 1.4209,
  "maxPS": 4.8033,
  "medianPS": 2.4,
  "hienTaiPS": 5.714583467575211
}