{
  "minPB": 0.7854,
  "maxPB": 2.4512,
  "medianPB": 1.39,
  "hienTaiPB": 2.69550504519253,
  "minPE": 7.4837,
  "maxPE": 20.7216,
  "medianPE": 11.83,
  "hienTaiPE": 18.550832606779185,
  "minPS": 1.4209,
  "maxPS": 4.8261,
  "medianPS": 2.4,
  "hienTaiPS": 5.769888732941175
}