{
  "minPB": 1.7363,
  "maxPB": 3.1976,
  "medianPB": 2.38,
  "hienTaiPB": 3.197645854048047,
  "minPE": 12.3562,
  "maxPE": 22.0066,
  "medianPE": 16.96,
  "hienTaiPE": 22.00663399981499,
  "minPS": 1.4209,
  "maxPS": 6.766,
  "medianPS": 2.5,
  "hienTaiPS": 6.844750974632313
}