{
  "minPB": 0.7854,
  "maxPB": 2.4496,
  "medianPB": 1.39,
  "hienTaiPB": 2.7285220393050413,
  "minPE": 7.4837,
  "maxPE": 20.7216,
  "medianPE": 11.82,
  "hienTaiPE": 18.778060054211565,
  "minPS": 1.4209,
  "maxPS": 4.7967,
  "medianPS": 2.4,
  "hienTaiPS": 5.840563570914537
}