{
  "minPB": 1.7363,
  "maxPB": 3.1976,
  "medianPB": 2.47,
  "hienTaiPB": 2.911086594985985,
  "minPE": 12.3562,
  "maxPE": 22.0066,
  "medianPE": 17.57,
  "hienTaiPE": 20.03449417530827,
  "minPS": 1.4209,
  "maxPS": 6.766,
  "medianPS": 2.5,
  "hienTaiPS": 6.23135385147313
}