{
  "minPB": 0.7854,
  "maxPB": 2.4419,
  "medianPB": 1.39,
  "hienTaiPB": 2.6429485821934704,
  "minPE": 7.4837,
  "maxPE": 20.7216,
  "medianPE": 11.82,
  "hienTaiPE": 18.189131874948316,
  "minPS": 1.4209,
  "maxPS": 4.782,
  "medianPS": 2.4,
  "hienTaiPS": 5.657388500659156
}