{
  "minPB": 1.7363,
  "maxPB": 3.0663,
  "medianPB": 2.37,
  "hienTaiPB": 3.219304060524703,
  "minPE": 12.3562,
  "maxPE": 21.5181,
  "medianPE": 16.88,
  "hienTaiPE": 22.15568872469042,
  "minPS": 1.4209,
  "maxPS": 6.766,
  "medianPS": 2.5,
  "hienTaiPS": 6.891111652661185
}