{
  "minPB": 0.7854,
  "maxPB": 2.4359,
  "medianPB": 1.39,
  "hienTaiPB": 2.925034950787527,
  "minPE": 7.4837,
  "maxPE": 20.7216,
  "medianPE": 11.82,
  "hienTaiPE": 20.130488658448154,
  "minPS": 1.4209,
  "maxPS": 4.7794,
  "medianPS": 2.4,
  "hienTaiPS": 6.26121113596455
}