{
  "minPB": 0.7854,
  "maxPB": 2.4686,
  "medianPB": 1.39,
  "hienTaiPB": 2.6131096944661207,
  "minPE": 7.4837,
  "maxPE": 20.7216,
  "medianPE": 11.83,
  "hienTaiPE": 17.983776588231347,
  "minPS": 1.4209,
  "maxPS": 4.8605,
  "medianPS": 2.4,
  "hienTaiPS": 5.593516588266117
}