{
  "minPB": 1.7363,
  "maxPB": 3.1976,
  "medianPB": 2.43,
  "hienTaiPB": 3.017200035957211,
  "minPE": 12.3562,
  "maxPE": 22.0066,
  "medianPE": 17.26,
  "hienTaiPE": 20.764781319195233,
  "minPS": 1.4209,
  "maxPS": 6.766,
  "medianPS": 2.5,
  "hienTaiPS": 6.458495977793937
}