{
  "minPB": 0.6424,
  "maxPB": 3.6777,
  "medianPB": 1.65,
  "hienTaiPB": 1.8820709933825044,
  "minPE": 2.7632,
  "maxPE": 19.3872,
  "medianPE": 7.8,
  "hienTaiPE": 15.038144594351479,
  "minPS": 0.8578,
  "maxPS": 6.1345,
  "medianPS": 2.13,
  "hienTaiPS": 4.322790521465244
}