{
  "minPB": 0.6424,
  "maxPB": 3.6777,
  "medianPB": 1.66,
  "hienTaiPB": 2.3878098399728125,
  "minPE": 2.7632,
  "maxPE": 19.3872,
  "medianPE": 7.8,
  "hienTaiPE": 19.079104754062048,
  "minPS": 0.856,
  "maxPS": 6.1311,
  "medianPS": 2.14,
  "hienTaiPS": 5.484384903432872
}