{
  "minPB": 0.6424,
  "maxPB": 3.6777,
  "medianPB": 1.66,
  "hienTaiPB": 1.9651566610366265,
  "minPE": 2.7632,
  "maxPE": 19.3872,
  "medianPE": 7.8,
  "hienTaiPE": 15.702016620589644,
  "minPS": 0.856,
  "maxPS": 6.1311,
  "medianPS": 2.13,
  "hienTaiPS": 4.513623884217068
}