{
  "minPB": 0.6424,
  "maxPB": 3.6777,
  "medianPB": 1.66,
  "hienTaiPB": 1.853171630720201,
  "minPE": 2.7632,
  "maxPE": 19.3872,
  "medianPE": 7.8,
  "hienTaiPE": 14.80723258522516,
  "minPS": 0.8578,
  "maxPS": 6.1345,
  "medianPS": 2.13,
  "hienTaiPS": 4.2564136996385225
}