{
  "minPB": 0.6424,
  "maxPB": 3.6777,
  "medianPB": 1.65,
  "hienTaiPB": 1.896520674713656,
  "minPE": 2.7632,
  "maxPE": 19.3872,
  "medianPE": 7.79,
  "hienTaiPE": 15.153600598914638,
  "minPS": 0.8578,
  "maxPS": 6.1345,
  "medianPS": 2.13,
  "hienTaiPS": 4.355978932378605
}