{
  "minPB": 0.6424,
  "maxPB": 3.6777,
  "medianPB": 1.66,
  "hienTaiPB": 1.856784051052989,
  "minPE": 2.7632,
  "maxPE": 19.3872,
  "medianPE": 7.8,
  "hienTaiPE": 14.83609658636595,
  "minPS": 0.8578,
  "maxPS": 6.1345,
  "medianPS": 2.13,
  "hienTaiPS": 4.264710802366863
}