{
  "minPB": 0.6424,
  "maxPB": 3.6777,
  "medianPB": 1.66,
  "hienTaiPB": 2.0915913726842033,
  "minPE": 2.7632,
  "maxPE": 19.3872,
  "medianPE": 7.8,
  "hienTaiPE": 16.712256660517287,
  "minPS": 0.856,
  "maxPS": 6.1311,
  "medianPS": 2.13,
  "hienTaiPS": 4.8040224797089754
}