{
  "minPB": 0.6424,
  "maxPB": 3.6777,
  "medianPB": 1.66,
  "hienTaiPB": 2.2252509249973564,
  "minPE": 2.7632,
  "maxPE": 19.3872,
  "medianPE": 7.8,
  "hienTaiPE": 17.780224702726507,
  "minPS": 0.856,
  "maxPS": 6.1311,
  "medianPS": 2.13,
  "hienTaiPS": 5.111015280657563
}