{
  "minPB": 0.9966,
  "maxPB": 1.4538,
  "medianPB": 1.09,
  "hienTaiPB": 0.9966127766133768,
  "minPE": 49.2343,
  "maxPE": 19063.8369,
  "medianPE": 66.16,
  "hienTaiPE": 19063.836858146387,
  "minPS": 0.7404,
  "maxPS": 7.65,
  "medianPS": 3.76,
  "hienTaiPS": 4.263725607196157
}