{
  "minPB": 0.769,
  "maxPB": 2.1327,
  "medianPB": 1.17,
  "hienTaiPB": 1.132074707415195,
  "minPE": 12.435,
  "maxPE": 88.0861,
  "medianPE": 20.47,
  "hienTaiPE": 21655.037984496383,
  "minPS": 2.5611,
  "maxPS": 7.9304,
  "medianPS": 4.22,
  "hienTaiPS": 4.843261126620878
}