{
  "minPB": 0.3512,
  "maxPB": 3.0298,
  "medianPB": 0.99,
  "hienTaiPB": 1.132074707415195,
  "minPE": -2.2977,
  "maxPE": 88.0861,
  "medianPE": 17.23,
  "hienTaiPE": 21655.037984496383,
  "minPS": 2.5611,
  "maxPS": 7.771,
  "medianPS": 4.22,
  "hienTaiPS": 4.843261126620878
}