{
  "minPB": 1.2112,
  "maxPB": 2.0487,
  "medianPB": 1.7,
  "hienTaiPB": 1.555750027567533,
  "minPE": 3.649,
  "maxPE": 8.7703,
  "medianPE": 6.55,
  "hienTaiPE": 8.102364797152847,
  "minPS": 0.4962,
  "maxPS": 0.9811,
  "medianPS": 0.7,
  "hienTaiPS": 0.7117943633067166
}