{
  "minPB": 1.2112,
  "maxPB": 2.0487,
  "medianPB": 1.7,
  "hienTaiPB": 1.5664793381024813,
  "minPE": 3.649,
  "maxPE": 8.7703,
  "medianPE": 6.57,
  "hienTaiPE": 8.158243175064245,
  "minPS": 0.4962,
  "maxPS": 0.9811,
  "medianPS": 0.7,
  "hienTaiPS": 0.7167032899502113
}