{
  "minPB": 1.2112,
  "maxPB": 2.0487,
  "medianPB": 1.7,
  "hienTaiPB": 1.57720864863743,
  "minPE": 3.649,
  "maxPE": 8.7703,
  "medianPE": 6.57,
  "hienTaiPE": 8.214121552975644,
  "minPS": 0.4962,
  "maxPS": 0.9885,
  "medianPS": 0.7,
  "hienTaiPS": 0.7216122165937058
}