{
  "minPB": 1.2112,
  "maxPB": 2.0487,
  "medianPB": 1.7,
  "hienTaiPB": 1.5825733039049041,
  "minPE": 3.649,
  "maxPE": 8.7703,
  "medianPE": 6.57,
  "hienTaiPE": 8.242060741931343,
  "minPS": 0.4953,
  "maxPS": 0.9885,
  "medianPS": 0.7,
  "hienTaiPS": 0.7240666799154531
}