{
  "minPB": 0.8059,
  "maxPB": 2.2103,
  "medianPB": 1.15,
  "hienTaiPB": 1.8047767808941313,
  "minPE": 9.2298,
  "maxPE": 53.4838,
  "medianPE": 12.66,
  "hienTaiPE": 20.81333055854647,
  "minPS": 2.8798,
  "maxPS": 6.7843,
  "medianPS": 3.97,
  "hienTaiPS": 5.712269408079124
}