{
  "minPB": 0.8059,
  "maxPB": 2.2103,
  "medianPB": 1.15,
  "hienTaiPB": 1.9401350394611911,
  "minPE": 9.2298,
  "maxPE": 53.4838,
  "medianPE": 12.67,
  "hienTaiPE": 22.374330350437454,
  "minPS": 2.8518,
  "maxPS": 6.8628,
  "medianPS": 3.94,
  "hienTaiPS": 6.140689613685059
}