{
  "minPB": 0.8059,
  "maxPB": 2.2103,
  "medianPB": 1.15,
  "hienTaiPB": 1.7235618257538954,
  "minPE": 9.2298,
  "maxPE": 53.4838,
  "medianPE": 12.67,
  "hienTaiPE": 19.876730683411875,
  "minPS": 2.8798,
  "maxPS": 6.7843,
  "medianPS": 3.97,
  "hienTaiPS": 5.455217284715564
}