{
  "minPB": 0.8059,
  "maxPB": 2.2103,
  "medianPB": 1.15,
  "hienTaiPB": 1.6694185223270714,
  "minPE": 9.2298,
  "maxPE": 53.4838,
  "medianPE": 12.67,
  "hienTaiPE": 19.252330766655483,
  "minPS": 2.8518,
  "maxPS": 6.8628,
  "medianPS": 3.94,
  "hienTaiPS": 5.28384920247319
}