{
  "minPB": 0.8059,
  "maxPB": 2.2103,
  "medianPB": 1.15,
  "hienTaiPB": 1.7777051291807193,
  "minPE": 9.2298,
  "maxPE": 53.4838,
  "medianPE": 12.67,
  "hienTaiPE": 20.50113060016827,
  "minPS": 2.8518,
  "maxPS": 6.8628,
  "medianPS": 3.94,
  "hienTaiPS": 5.626585366957938
}