{
  "minPB": 0.8675,
  "maxPB": 1.1179,
  "medianPB": 0.87,
  "hienTaiPB": 0.99333229611014,
  "minPE": 6.0804,
  "maxPE": 8.591,
  "medianPE": 6.67,
  "hienTaiPE": 6.080430069091247,
  "minPS": 0.2358,
  "maxPS": 1.0872,
  "medianPS": 0.6,
  "hienTaiPS": 0.737891206334076
}