{
  "minPB": 0.4305,
  "maxPB": 1.7479,
  "medianPB": 0.91,
  "hienTaiPB": 0.99333229611014,
  "minPE": 4.476,
  "maxPE": 17.2305,
  "medianPE": 9.13,
  "hienTaiPE": 6.080430069091247,
  "minPS": 0.2358,
  "maxPS": 1.0872,
  "medianPS": 0.6,
  "hienTaiPS": 0.737891206334076
}