{
  "minPB": 0.3658,
  "maxPB": 1.0796,
  "medianPB": 0.6,
  "hienTaiPB": 0.6837792743232639,
  "minPE": -98.5163,
  "maxPE": 175.0563,
  "medianPE": -1.33,
  "hienTaiPE": 27.001988225052695,
  "minPS": 0.0296,
  "maxPS": 0.179,
  "medianPS": 0.05,
  "hienTaiPS": 0.10429547866134434
}