{
  "minPB": 0.3675,
  "maxPB": 1.0796,
  "medianPB": 0.6,
  "hienTaiPB": 0.9104394411822718,
  "minPE": -97.8666,
  "maxPE": 175.0563,
  "medianPE": -1.33,
  "hienTaiPE": 35.95264728483868,
  "minPS": 0.0296,
  "maxPS": 0.1847,
  "medianPS": 0.05,
  "hienTaiPS": 0.138867498439827
}