{
  "minPB": 0.3675,
  "maxPB": 1.0796,
  "medianPB": 0.6,
  "hienTaiPB": 0.8205351291879167,
  "minPE": -97.8666,
  "maxPE": 175.0563,
  "medianPE": -1.33,
  "hienTaiPE": 32.402385870063235,
  "minPS": 0.0296,
  "maxPS": 0.1843,
  "medianPS": 0.05,
  "hienTaiPS": 0.12515457439361322
}