{
  "minPB": 0.3675,
  "maxPB": 1.0796,
  "medianPB": 0.6,
  "hienTaiPB": 0.7888786813025804,
  "minPE": -97.8666,
  "maxPE": 175.0563,
  "medianPE": -1.33,
  "hienTaiPE": 31.152293822607092,
  "minPS": 0.0296,
  "maxPS": 0.1843,
  "medianPS": 0.05,
  "hienTaiPS": 0.12032608001114356
}