{
  "minPB": 0.3675,
  "maxPB": 1.0796,
  "medianPB": 0.6,
  "hienTaiPB": 0.8775167353815221,
  "minPE": -97.8666,
  "maxPE": 175.0563,
  "medianPE": -1.33,
  "hienTaiPE": 34.652551555484294,
  "minPS": 0.0296,
  "maxPS": 0.1847,
  "medianPS": 0.05,
  "hienTaiPS": 0.13384586428205855
}