{
  "minPB": 0.3658,
  "maxPB": 1.0796,
  "medianPB": 0.6,
  "hienTaiPB": 0.6711166951691294,
  "minPE": -98.5163,
  "maxPE": 175.0563,
  "medianPE": -1.33,
  "hienTaiPE": 26.50195140607024,
  "minPS": 0.0296,
  "maxPS": 0.179,
  "medianPS": 0.05,
  "hienTaiPS": 0.10236408090835648
}