{
  "minPB": 23.539,
  "maxPB": 33.9366,
  "medianPB": 24.61,
  "hienTaiPB": 36.1918180216431,
  "minPE": -52.0194,
  "maxPE": -36.4886,
  "medianPE": -37.82,
  "hienTaiPE": -56.9399,
  "minPS": 0.1297,
  "maxPS": 80.7772,
  "medianPS": 1.04,
  "hienTaiPS": 40.47940453186108
}