{
  "minPB": 0.0447,
  "maxPB": 25.2036,
  "medianPB": 0.58,
  "hienTaiPB": 35.299524486024154,
  "minPE": -47.7202,
  "maxPE": 44.8162,
  "medianPE": -0.49,
  "hienTaiPE": -61.0835,
  "minPS": 0.1854,
  "maxPS": 88.1206,
  "medianPS": 1.47,
  "hienTaiPS": 39.481402415253285
}