{
  "minPB": 0.0447,
  "maxPB": 25.3421,
  "medianPB": 0.58,
  "hienTaiPB": 38.24115152652617,
  "minPE": -48.5532,
  "maxPE": 44.8162,
  "medianPE": -0.49,
  "hienTaiPE": -62.9827,
  "minPS": 0.1854,
  "maxPS": 88.1206,
  "medianPS": 1.48,
  "hienTaiPS": 42.77151928319106
}