{
  "minPB": 0.0447,
  "maxPB": 25.2372,
  "medianPB": 0.58,
  "hienTaiPB": 42.98697648520275,
  "minPE": -47.7202,
  "maxPE": 44.8162,
  "medianPE": -0.49,
  "hienTaiPE": -61.0835,
  "minPS": 0.1854,
  "maxPS": 88.1206,
  "medianPS": 1.48,
  "hienTaiPS": 48.079574496797335
}