{
  "minPB": 23.539,
  "maxPB": 30.8781,
  "medianPB": 24.42,
  "hienTaiPB": 32.35789744552214,
  "minPE": -51.7432,
  "maxPE": -36.4886,
  "medianPE": -37.81,
  "hienTaiPE": -51.3806,
  "minPS": 0.1297,
  "maxPS": 80.7772,
  "medianPS": 1.04,
  "hienTaiPS": 36.19128554731551
}