{
  "minPB": 0.0447,
  "maxPB": 25.2456,
  "medianPB": 0.58,
  "hienTaiPB": 40.20223622019418,
  "minPE": -47.7896,
  "maxPE": 44.8162,
  "medianPE": -0.49,
  "hienTaiPE": -75.6897,
  "minPS": 0.1854,
  "maxPS": 88.1206,
  "medianPS": 1.48,
  "hienTaiPS": 44.96493052848291
}