{
  "minPB": 0.5372,
  "maxPB": 2.9255,
  "medianPB": 1.23,
  "hienTaiPB": 1.511279325207625,
  "minPE": 1.9893,
  "maxPE": 15.0509,
  "medianPE": 6.9,
  "hienTaiPE": 8.805027690376775,
  "minPS": 0.0316,
  "maxPS": 0.2822,
  "medianPS": 0.14,
  "hienTaiPS": 0.19596720208596785
}