{
  "minPB": 0,
  "maxPB": 2.8521,
  "medianPB": 1.11,
  "hienTaiPB": 1.6538528464536273,
  "minPE": 0,
  "maxPE": 14.2192,
  "medianPE": 6.55,
  "hienTaiPE": 9.635690680034962,
  "minPS": 0,
  "maxPS": 0.2593,
  "medianPS": 0.12,
  "hienTaiPS": 0.21445467398087048
}