{
  "minPB": 0,
  "maxPB": 2.8521,
  "medianPB": 1.11,
  "hienTaiPB": 1.5207842266240252,
  "minPE": 0,
  "maxPE": 14.2192,
  "medianPE": 6.55,
  "hienTaiPE": 8.860405223020654,
  "minPS": 0,
  "maxPS": 0.2593,
  "medianPS": 0.12,
  "hienTaiPS": 0.19719970021229472
}