{
  "minPB": 0,
  "maxPB": 2.8521,
  "medianPB": 1.11,
  "hienTaiPB": 1.5445464801650255,
  "minPE": 0,
  "maxPE": 14.2192,
  "medianPE": 6.55,
  "hienTaiPE": 8.998849054630352,
  "minPS": 0,
  "maxPS": 0.2593,
  "medianPS": 0.12,
  "hienTaiPS": 0.20028094552811182
}