{
  "minPB": 0.5372,
  "maxPB": 2.9255,
  "medianPB": 1.23,
  "hienTaiPB": 1.2593994376730209,
  "minPE": 1.9893,
  "maxPE": 15.0509,
  "medianPE": 6.9,
  "hienTaiPE": 7.337523075313979,
  "minPS": 0.0316,
  "maxPS": 0.2822,
  "medianPS": 0.14,
  "hienTaiPS": 0.16330600173830656
}