{
  "minPB": 0.5372,
  "maxPB": 2.9255,
  "medianPB": 1.23,
  "hienTaiPB": 1.3829631560862228,
  "minPE": 1.9893,
  "maxPE": 15.0509,
  "medianPE": 6.91,
  "hienTaiPE": 8.057430999684408,
  "minPS": 0.0316,
  "maxPS": 0.273,
  "medianPS": 0.14,
  "hienTaiPS": 0.1793284773805555
}