{
  "minPB": 0.4787,
  "maxPB": 1.2155,
  "medianPB": 0.8,
  "hienTaiPB": 0.8207167665797952,
  "minPE": -56.6398,
  "maxPE": 19.334,
  "medianPE": 5.68,
  "hienTaiPE": 9.295420815682759,
  "minPS": 0.1365,
  "maxPS": 0.4687,
  "medianPS": 0.27,
  "hienTaiPS": 0.3824564318841086
}