{
  "minPB": 0.4787,
  "maxPB": 1.2171,
  "medianPB": 0.8,
  "hienTaiPB": 0.8512550648711364,
  "minPE": -56.6398,
  "maxPE": 19.334,
  "medianPE": 5.68,
  "hienTaiPE": 9.641296939057,
  "minPS": 0.1365,
  "maxPS": 0.4687,
  "medianPS": 0.27,
  "hienTaiPS": 0.39668736888444756
}