{
  "minPB": 0.4787,
  "maxPB": 1.2186,
  "medianPB": 0.8,
  "hienTaiPB": 0.7863611810020363,
  "minPE": -56.6398,
  "maxPE": 19.334,
  "medianPE": 5.68,
  "hienTaiPE": 8.906310176886736,
  "minPS": 0.1392,
  "maxPS": 0.4685,
  "medianPS": 0.28,
  "hienTaiPS": 0.36644662775872733
}