{
  "minPB": 0.4787,
  "maxPB": 1.2186,
  "medianPB": 0.8,
  "hienTaiPB": 0.7978130428612893,
  "minPE": -56.6398,
  "maxPE": 19.334,
  "medianPE": 5.68,
  "hienTaiPE": 9.036013723152076,
  "minPS": 0.1365,
  "maxPS": 0.4687,
  "medianPS": 0.27,
  "hienTaiPS": 0.3717832291338544
}