{
  "minPB": 0,
  "maxPB": 2.7011,
  "medianPB": 1.41,
  "hienTaiPB": 1.6423330034131283,
  "minPE": 0,
  "maxPE": 33.3919,
  "medianPE": 8.28,
  "hienTaiPE": 47.5415986928141,
  "minPS": 0,
  "maxPS": 0.5077,
  "medianPS": 0.25,
  "hienTaiPS": 0.29606663251344406
}