{
  "minPB": 0,
  "maxPB": 2.7011,
  "medianPB": 1.41,
  "hienTaiPB": 1.6617306373117084,
  "minPE": 0,
  "maxPE": 33.5556,
  "medianPE": 8.28,
  "hienTaiPE": 48.103113638004814,
  "minPS": 0,
  "maxPS": 0.5077,
  "medianPS": 0.25,
  "hienTaiPS": 0.29956348250376036
}