{
  "minPB": 0.7446,
  "maxPB": 2.7472,
  "medianPB": 1.58,
  "hienTaiPB": 1.655264759345515,
  "minPE": 3.0358,
  "maxPE": 33.7961,
  "medianPE": 8.8,
  "hienTaiPE": 47.91594198960791,
  "minPS": 0.1416,
  "maxPS": 0.515,
  "medianPS": 0.28,
  "hienTaiPS": 0.2983978658403216
}