{
  "minPB": 0,
  "maxPB": 2.7011,
  "medianPB": 1.41,
  "hienTaiPB": 1.6811282712102888,
  "minPE": 0,
  "maxPE": 33.7193,
  "medianPE": 8.28,
  "hienTaiPE": 48.66462858319553,
  "minPS": 0,
  "maxPS": 0.5077,
  "medianPS": 0.25,
  "hienTaiPS": 0.3030603324940766
}