{
  "minPB": 0.7446,
  "maxPB": 2.7472,
  "medianPB": 1.58,
  "hienTaiPB": 1.6423330034131283,
  "minPE": 3.0358,
  "maxPE": 33.7193,
  "medianPE": 8.8,
  "hienTaiPE": 47.5415986928141,
  "minPS": 0.1416,
  "maxPS": 0.515,
  "medianPS": 0.28,
  "hienTaiPS": 0.29606663251344406
}