{
  "minPB": 0,
  "maxPB": 2.7011,
  "medianPB": 1.41,
  "hienTaiPB": 1.6746623932440954,
  "minPE": 0,
  "maxPE": 33.5236,
  "medianPE": 8.28,
  "hienTaiPE": 48.477456934798624,
  "minPS": 0,
  "maxPS": 0.5077,
  "medianPS": 0.25,
  "hienTaiPS": 0.30189471583063787
}