{
  "minPB": 0,
  "maxPB": 2.7011,
  "medianPB": 1.41,
  "hienTaiPB": 1.7328552949398361,
  "minPE": 0,
  "maxPE": 33.5556,
  "medianPE": 8.28,
  "hienTaiPE": 50.16200177037078,
  "minPS": 0,
  "maxPS": 0.5077,
  "medianPS": 0.25,
  "hienTaiPS": 0.31238526580158665
}