{
  "minPB": 0.338,
  "maxPB": 2.3136,
  "medianPB": 0.72,
  "hienTaiPB": 0.45080929296888395,
  "minPE": -156.5815,
  "maxPE": 38.4478,
  "medianPE": 5.07,
  "hienTaiPE": 101.66973574483796,
  "minPS": 0.0904,
  "maxPS": 2.9552,
  "medianPS": 0.21,
  "hienTaiPS": 0.1757357877221338
}