{
  "minPB": 0.3381,
  "maxPB": 2.2998,
  "medianPB": 0.71,
  "hienTaiPB": 0.4402434501649257,
  "minPE": -157.279,
  "maxPE": 61.0732,
  "medianPE": 5.09,
  "hienTaiPE": 99.28685131331832,
  "minPS": 0.0904,
  "maxPS": 2.9259,
  "medianPS": 0.21,
  "hienTaiPS": 0.1716169801973963
}