{
  "minPB": 0.338,
  "maxPB": 2.3136,
  "medianPB": 0.72,
  "hienTaiPB": 0.4481678322678944,
  "minPE": -156.5815,
  "maxPE": 38.3483,
  "medianPE": 5.05,
  "hienTaiPE": -174.3669,
  "minPS": 0.0904,
  "maxPS": 2.9552,
  "medianPS": 0.21,
  "hienTaiPS": 0.18789885036731702
}