{
  "minPB": 0.338,
  "maxPB": 2.3136,
  "medianPB": 0.72,
  "hienTaiPB": 0.44904831916822424,
  "minPE": -156.5815,
  "maxPE": 38.5459,
  "medianPE": 5.08,
  "hienTaiPE": 101.27258833958469,
  "minPS": 0.0904,
  "maxPS": 2.9552,
  "medianPS": 0.21,
  "hienTaiPS": 0.17504931980134422
}