{
  "minPB": 0.338,
  "maxPB": 2.3136,
  "medianPB": 0.72,
  "hienTaiPB": 0.4481678322678944,
  "minPE": -156.5815,
  "maxPE": 38.3698,
  "medianPE": 5.06,
  "hienTaiPE": 101.07401463695805,
  "minPS": 0.0904,
  "maxPS": 2.9552,
  "medianPS": 0.21,
  "hienTaiPS": 0.17470608584094943
}