{
  "minPB": 0.338,
  "maxPB": 2.3136,
  "medianPB": 0.71,
  "hienTaiPB": 0.4393629632645959,
  "minPE": -157.279,
  "maxPE": 39.5343,
  "medianPE": 5.08,
  "hienTaiPE": 99.08827761069169,
  "minPS": 0.0902,
  "maxPS": 2.9435,
  "medianPS": 0.22,
  "hienTaiPS": 0.1712737462370015
}