{
  "minPB": 0.338,
  "maxPB": 2.3136,
  "medianPB": 0.71,
  "hienTaiPB": 0.44552637156690483,
  "minPE": -157.279,
  "maxPE": 38.9937,
  "medianPE": 5.07,
  "hienTaiPE": 100.47829352907814,
  "minPS": 0.0902,
  "maxPS": 2.9435,
  "medianPS": 0.22,
  "hienTaiPS": 0.17367638395976503
}