{
  "minPB": 1.6831,
  "maxPB": 5.2079,
  "medianPB": 2.88,
  "hienTaiPB": 2.1098747886963762,
  "minPE": 12.7479,
  "maxPE": 72.2204,
  "medianPE": 18.81,
  "hienTaiPE": 18.992921731092512,
  "minPS": 0.1468,
  "maxPS": 0.6177,
  "medianPS": 0.36,
  "hienTaiPS": 0.1932542829682978
}