{
  "minPB": 1.6831,
  "maxPB": 5.2136,
  "medianPB": 2.88,
  "hienTaiPB": 1.973123644984574,
  "minPE": 12.7479,
  "maxPE": 72.336,
  "medianPE": 18.81,
  "hienTaiPE": 17.76189902629948,
  "minPS": 0.1479,
  "maxPS": 0.6131,
  "medianPS": 0.36,
  "hienTaiPS": 0.18072854240553776
}