{
  "minPB": 1.6831,
  "maxPB": 5.2136,
  "medianPB": 2.88,
  "hienTaiPB": 2.0121954003308034,
  "minPE": 12.7479,
  "maxPE": 72.336,
  "medianPE": 18.81,
  "hienTaiPE": 18.11361979909749,
  "minPS": 0.1479,
  "maxPS": 0.6131,
  "medianPS": 0.36,
  "hienTaiPS": 0.1843073254234692
}