{
  "minPB": 1.6831,
  "maxPB": 5.2136,
  "medianPB": 2.88,
  "hienTaiPB": 1.9462618131840415,
  "minPE": 12.7479,
  "maxPE": 72.336,
  "medianPE": 18.81,
  "hienTaiPE": 17.52009099500085,
  "minPS": 0.1479,
  "maxPS": 0.6131,
  "medianPS": 0.36,
  "hienTaiPS": 0.17826812908070988
}