{
  "minPB": 1.6831,
  "maxPB": 5.2135,
  "medianPB": 2.88,
  "hienTaiPB": 2.0805709721867043,
  "minPE": 12.7479,
  "maxPE": 72.336,
  "medianPE": 18.81,
  "hienTaiPE": 18.729131151494006,
  "minPS": 0.1465,
  "maxPS": 0.6179,
  "medianPS": 0.36,
  "hienTaiPS": 0.1905701957048492
}