{
  "minPB": 1.6831,
  "maxPB": 5.2135,
  "medianPB": 2.88,
  "hienTaiPB": 2.0683610486410076,
  "minPE": 12.7479,
  "maxPE": 72.336,
  "medianPE": 18.81,
  "hienTaiPE": 18.619218409994627,
  "minPS": 0.1465,
  "maxPS": 0.6179,
  "medianPS": 0.36,
  "hienTaiPS": 0.18945182601174565
}