{
  "minPB": 0.5041,
  "maxPB": 1.4055,
  "medianPB": 0.81,
  "hienTaiPB": 0.7835396008701125,
  "minPE": -135.311,
  "maxPE": 37.8647,
  "medianPE": 7.49,
  "hienTaiPE": 11.269301885322356,
  "minPS": 0.0439,
  "maxPS": 0.1282,
  "medianPS": 0.07,
  "hienTaiPS": 0.05182714200552425
}