{
  "minPB": 0.5041,
  "maxPB": 1.4055,
  "medianPB": 0.81,
  "hienTaiPB": 0.8088150718659226,
  "minPE": -135.311,
  "maxPE": 37.8647,
  "medianPE": 7.49,
  "hienTaiPE": 11.632827752590819,
  "minPS": 0.0439,
  "maxPS": 0.1284,
  "medianPS": 0.07,
  "hienTaiPS": 0.05349898529602503
}