{
  "minPB": 1.0385,
  "maxPB": 3.2316,
  "medianPB": 1.88,
  "hienTaiPB": 4.118280876987758,
  "minPE": 3.1116,
  "maxPE": 11.1787,
  "medianPE": 7.62,
  "hienTaiPE": 14.884002773751618,
  "minPS": 0.4536,
  "maxPS": 2.0631,
  "medianPS": 1.24,
  "hienTaiPS": 2.394096262886427
}