{
  "minPB": 1.0385,
  "maxPB": 3.2495,
  "medianPB": 1.88,
  "hienTaiPB": 3.6478043448749156,
  "minPE": 3.1116,
  "maxPE": 11.2542,
  "medianPE": 7.63,
  "hienTaiPE": 13.18363938958281,
  "minPS": 0.4467,
  "maxPS": 1.9408,
  "medianPS": 1.24,
  "hienTaiPS": 2.120592307971389
}