{
  "minPB": 1.0385,
  "maxPB": 3.2166,
  "medianPB": 1.88,
  "hienTaiPB": 3.7058083008888274,
  "minPE": 3.1116,
  "maxPE": 11.1413,
  "medianPE": 7.62,
  "hienTaiPE": 13.393273231466635,
  "minPS": 0.4536,
  "maxPS": 2.0581,
  "medianPS": 1.24,
  "hienTaiPS": 2.154311973645846
}