{
  "minPB": 1.0385,
  "maxPB": 3.2294,
  "medianPB": 1.88,
  "hienTaiPB": 3.9313792409429302,
  "minPE": 3.1116,
  "maxPE": 11.1664,
  "medianPE": 7.62,
  "hienTaiPE": 14.208515949903735,
  "minPS": 0.4536,
  "maxPS": 2.0619,
  "medianPS": 1.24,
  "hienTaiPS": 2.2854440068242887
}