{
  "minPB": 1.0385,
  "maxPB": 3.2199,
  "medianPB": 1.88,
  "hienTaiPB": 3.7992591189112415,
  "minPE": 3.1116,
  "maxPE": 11.1538,
  "medianPE": 7.62,
  "hienTaiPE": 13.731016643390577,
  "minPS": 0.4536,
  "maxPS": 2.0619,
  "medianPS": 1.24,
  "hienTaiPS": 2.208638101676915
}