{
  "minPB": 1.0385,
  "maxPB": 3.239,
  "medianPB": 1.88,
  "hienTaiPB": 3.779924466906604,
  "minPE": 3.1116,
  "maxPE": 11.2291,
  "medianPE": 7.63,
  "hienTaiPE": 13.661138696095968,
  "minPS": 0.4467,
  "maxPS": 1.9205,
  "medianPS": 1.24,
  "hienTaiPS": 2.197398213118763
}