{
  "minPB": 1.0385,
  "maxPB": 3.2353,
  "medianPB": 1.88,
  "hienTaiPB": 4.073166688976937,
  "minPE": 3.1116,
  "maxPE": 11.2291,
  "medianPE": 7.63,
  "hienTaiPE": 14.720954230064198,
  "minPS": 0.4536,
  "maxPS": 1.9145,
  "medianPS": 1.24,
  "hienTaiPS": 2.3678698562507385
}