{
  "minPB": 1.0385,
  "maxPB": 3.2404,
  "medianPB": 1.88,
  "hienTaiPB": 3.6413594608733697,
  "minPE": 3.1116,
  "maxPE": 11.2417,
  "medianPE": 7.63,
  "hienTaiPE": 13.160346740484608,
  "minPS": 0.4467,
  "maxPS": 1.9276,
  "medianPS": 1.24,
  "hienTaiPS": 2.1168456784520053
}