{
  "minPB": 1.0385,
  "maxPB": 3.2781,
  "medianPB": 1.88,
  "hienTaiPB": 3.689696090884963,
  "minPE": 3.113,
  "maxPE": 11.2812,
  "medianPE": 7.63,
  "hienTaiPE": 13.335041608721129,
  "minPS": 0.4467,
  "maxPS": 1.949,
  "medianPS": 1.24,
  "hienTaiPS": 2.1449453998473857
}