{
  "minPB": 1.0385,
  "maxPB": 3.2465,
  "medianPB": 1.88,
  "hienTaiPB": 3.7863693509081497,
  "minPE": 3.1116,
  "maxPE": 11.2481,
  "medianPE": 7.63,
  "hienTaiPE": 13.684431345194172,
  "minPS": 0.4467,
  "maxPS": 1.9332,
  "medianPS": 1.24,
  "hienTaiPS": 2.201144842638147
}