{
  "minPB": 0.8803,
  "maxPB": 2.4829,
  "medianPB": 1.54,
  "hienTaiPB": 0.9057868717943871,
  "minPE": -8806.7185,
  "maxPE": 171.8774,
  "medianPE": 11.73,
  "hienTaiPE": 15.14177669040871,
  "minPS": 0.189,
  "maxPS": 0.9752,
  "medianPS": 0.46,
  "hienTaiPS": 0.18537495907834686
}