{
  "minPB": 0.8803,
  "maxPB": 2.4829,
  "medianPB": 1.54,
  "hienTaiPB": 0.9505170876854679,
  "minPE": -8806.7185,
  "maxPE": 171.8774,
  "medianPE": 11.73,
  "hienTaiPE": 15.889518749194325,
  "minPS": 0.189,
  "maxPS": 0.9752,
  "medianPS": 0.46,
  "hienTaiPS": 0.1945292780451788
}