{
  "minPB": 0.5119,
  "maxPB": 1.3081,
  "medianPB": 0.88,
  "hienTaiPB": 0.8212045212307303,
  "minPE": 5.48,
  "maxPE": 13.6951,
  "medianPE": 7.08,
  "hienTaiPE": 7.833892751556152,
  "minPS": 0.0772,
  "maxPS": 0.2604,
  "medianPS": 0.13,
  "hienTaiPS": 0.09490414598977755
}