{
  "minPB": 0.5119,
  "maxPB": 1.3166,
  "medianPB": 0.88,
  "hienTaiPB": 0.8390567934313984,
  "minPE": 5.48,
  "maxPE": 13.6951,
  "medianPE": 7.08,
  "hienTaiPE": 8.00419476789433,
  "minPS": 0.0772,
  "maxPS": 0.2608,
  "medianPS": 0.13,
  "hienTaiPS": 0.09696727959825098
}