{
  "minPB": 0.5119,
  "maxPB": 1.3166,
  "medianPB": 0.88,
  "hienTaiPB": 0.7735984620289489,
  "minPE": 5.48,
  "maxPE": 13.6951,
  "medianPE": 7.08,
  "hienTaiPE": 7.379754041321013,
  "minPS": 0.0772,
  "maxPS": 0.2608,
  "medianPS": 0.13,
  "hienTaiPS": 0.08940245636718175
}