{
  "minPB": 0.3465,
  "maxPB": 1.4392,
  "medianPB": 0.82,
  "hienTaiPB": 1.452722920158424,
  "minPE": 3.0766,
  "maxPE": 73.8731,
  "medianPE": 6.28,
  "hienTaiPE": 8.027238940732135,
  "minPS": 0.0654,
  "maxPS": 0.2951,
  "medianPS": 0.13,
  "hienTaiPS": 0.18240121054921538
}