{
  "minPB": 0.3341,
  "maxPB": 1.4437,
  "medianPB": 0.82,
  "hienTaiPB": 1.4734169788501394,
  "minPE": 2.9853,
  "maxPE": 73.8731,
  "medianPE": 6.28,
  "hienTaiPE": 8.141587073790996,
  "minPS": 0.0622,
  "maxPS": 0.3177,
  "medianPS": 0.13,
  "hienTaiPS": 0.1849995183917968
}