{
  "minPB": 0.3341,
  "maxPB": 1.4437,
  "medianPB": 0.82,
  "hienTaiPB": 1.452722920158424,
  "minPE": 2.9853,
  "maxPE": 73.8731,
  "medianPE": 6.28,
  "hienTaiPE": 8.027238940732135,
  "minPS": 0.0622,
  "maxPS": 0.3177,
  "medianPS": 0.13,
  "hienTaiPS": 0.18240121054921538
}