{
  "minPB": 0,
  "maxPB": 1.1209,
  "medianPB": 0.36,
  "hienTaiPB": 0.49063770467378226,
  "minPE": -7.7261,
  "maxPE": 307.3815,
  "medianPE": 13.35,
  "hienTaiPE": 76.7305,
  "minPS": 0.0804,
  "maxPS": 2.0062,
  "medianPS": 0.2,
  "hienTaiPS": 0.21042258157403965
}