{
  "minPB": 2.8934,
  "maxPB": 3.1872,
  "medianPB": 3.05,
  "hienTaiPB": 3.231442305374049,
  "minPE": 16.0901,
  "maxPE": 18.2153,
  "medianPE": 16.76,
  "hienTaiPE": 18.468296163855523,
  "minPS": 2.5522,
  "maxPS": 5.7239,
  "medianPS": 4.03,
  "hienTaiPS": 5.015810347252762
}