{
  "minPB": 1.4001,
  "maxPB": 3.5794,
  "medianPB": 2.45,
  "hienTaiPB": 3.2048825056038517,
  "minPE": 8.6536,
  "maxPE": 22.0199,
  "medianPE": 15,
  "hienTaiPE": 18.31104012074561,
  "minPS": 2.5522,
  "maxPS": 5.7204,
  "medianPS": 4.01,
  "hienTaiPS": 4.974584508782191
}