{
  "minPB": 1.4001,
  "maxPB": 3.599,
  "medianPB": 2.45,
  "hienTaiPB": 3.231442305374049,
  "minPE": 8.6536,
  "maxPE": 22.0265,
  "medianPE": 14.99,
  "hienTaiPE": 18.468296163855523,
  "minPS": 2.5522,
  "maxPS": 5.7222,
  "medianPS": 4.01,
  "hienTaiPS": 5.015810347252762
}