{
  "minPB": 2.8934,
  "maxPB": 3.1872,
  "medianPB": 3.05,
  "hienTaiPB": 3.1871759724237196,
  "minPE": 16.0901,
  "maxPE": 18.2153,
  "medianPE": 16.76,
  "hienTaiPE": 18.215305805446544,
  "minPS": 2.5522,
  "maxPS": 5.7239,
  "medianPS": 4.03,
  "hienTaiPS": 4.947100616468477
}