{
  "minPB": 1.4001,
  "maxPB": 3.5794,
  "medianPB": 2.45,
  "hienTaiPB": 3.2402955719641153,
  "minPE": 8.6536,
  "maxPE": 22.0199,
  "medianPE": 14.99,
  "hienTaiPE": 18.51889423553732,
  "minPS": 2.5522,
  "maxPS": 5.7204,
  "medianPS": 4.01,
  "hienTaiPS": 5.029552293409618
}