{
  "minPB": 0.306,
  "maxPB": 6.2287,
  "medianPB": 0.73,
  "hienTaiPB": 0.9255383438282769,
  "minPE": -65.6439,
  "maxPE": 116.1649,
  "medianPE": 7.39,
  "hienTaiPE": 15.786661054713141,
  "minPS": 0.1166,
  "maxPS": 0.5012,
  "medianPS": 0.23,
  "hienTaiPS": 0.28295446598521695
}