{
  "minPB": 0.306,
  "maxPB": 6.2287,
  "medianPB": 0.73,
  "hienTaiPB": 0.9571561133379386,
  "minPE": -65.6439,
  "maxPE": 116.1649,
  "medianPE": 7.38,
  "hienTaiPE": 16.32595692925303,
  "minPS": 0.1166,
  "maxPS": 0.5012,
  "medianPS": 0.23,
  "hienTaiPS": 0.29262061233874925
}