{
  "minPB": 0.306,
  "maxPB": 6.2024,
  "medianPB": 0.73,
  "hienTaiPB": 0.9226640011455804,
  "minPE": -63.3406,
  "maxPE": 116.1649,
  "medianPE": 7.4,
  "hienTaiPE": 15.737634157027697,
  "minPS": 0.1191,
  "maxPS": 0.4925,
  "medianPS": 0.23,
  "hienTaiPS": 0.28207572540762316
}