{
  "minPB": 0.306,
  "maxPB": 6.2287,
  "medianPB": 0.73,
  "hienTaiPB": 0.9284126865109735,
  "minPE": -65.6439,
  "maxPE": 116.1649,
  "medianPE": 7.4,
  "hienTaiPE": 15.835687952398587,
  "minPS": 0.1182,
  "maxPS": 0.4925,
  "medianPS": 0.23,
  "hienTaiPS": 0.2838332065628108
}