{
  "minPB": 0.306,
  "maxPB": 6.2024,
  "medianPB": 0.73,
  "hienTaiPB": 0.9341613718763665,
  "minPE": -63.3406,
  "maxPE": 116.1649,
  "medianPE": 7.4,
  "hienTaiPE": 15.933741747769476,
  "minPS": 0.1182,
  "maxPS": 0.4925,
  "medianPS": 0.23,
  "hienTaiPS": 0.2855906877179985
}