{
  "minPB": 0.306,
  "maxPB": 6.2287,
  "medianPB": 0.73,
  "hienTaiPB": 1.0290146804053515,
  "minPE": -65.6439,
  "maxPE": 116.1649,
  "medianPE": 7.38,
  "hienTaiPE": 17.551629371389144,
  "minPS": 0.1166,
  "maxPS": 0.5012,
  "medianPS": 0.23,
  "hienTaiPS": 0.31458912677859524
}