{
  "minPB": 0.306,
  "maxPB": 6.2287,
  "medianPB": 0.73,
  "hienTaiPB": 0.9226640011455804,
  "minPE": -65.6439,
  "maxPE": 116.1649,
  "medianPE": 7.38,
  "hienTaiPE": 15.737634157027697,
  "minPS": 0.1166,
  "maxPS": 0.5012,
  "medianPS": 0.23,
  "hienTaiPS": 0.28207572540762316
}