{
  "minPB": 0.6122,
  "maxPB": 5.9321,
  "medianPB": 1.04,
  "hienTaiPB": 0.9638044024771818,
  "minPE": -2.3407,
  "maxPE": 485.7697,
  "medianPE": 14.25,
  "hienTaiPE": 26.96489429275012,
  "minPS": 0.0136,
  "maxPS": 0.1373,
  "medianPS": 0.04,
  "hienTaiPS": 0.014539732377261905
}