{
  "minPB": 1.4654,
  "maxPB": 6.0122,
  "medianPB": 2.94,
  "hienTaiPB": 2.9039606640167817,
  "minPE": 6.3419,
  "maxPE": 29.6819,
  "medianPE": 15.03,
  "hienTaiPE": 15.180902555717577,
  "minPS": 0.1213,
  "maxPS": 1.4476,
  "medianPS": 0.78,
  "hienTaiPS": 0.8487052103119143
}