{
  "minPB": 1.4654,
  "maxPB": 6.0152,
  "medianPB": 2.94,
  "hienTaiPB": 2.9897392735622828,
  "minPE": 6.3419,
  "maxPE": 29.9065,
  "medianPE": 15.02,
  "hienTaiPE": 15.915977837362849,
  "minPS": 0.121,
  "maxPS": 1.4519,
  "medianPS": 0.81,
  "hienTaiPS": 0.8898004099691228
}