{
  "minPB": 1.4654,
  "maxPB": 6.0152,
  "medianPB": 2.94,
  "hienTaiPB": 2.861165454231271,
  "minPE": 6.3419,
  "maxPE": 29.9065,
  "medianPE": 15.02,
  "hienTaiPE": 14.957183991738582,
  "minPS": 0.1213,
  "maxPS": 1.4476,
  "medianPS": 0.78,
  "hienTaiPS": 0.8361979756336335
}