{
  "minPB": 1.4654,
  "maxPB": 6.0152,
  "medianPB": 2.94,
  "hienTaiPB": 2.857662438184029,
  "minPE": 6.3419,
  "maxPE": 29.9065,
  "medianPE": 15.02,
  "hienTaiPE": 15.212862350571719,
  "minPS": 0.121,
  "maxPS": 1.4519,
  "medianPS": 0.81,
  "hienTaiPS": 0.8504919581230973
}