{
  "minPB": 1.4654,
  "maxPB": 6.0091,
  "medianPB": 2.94,
  "hienTaiPB": 2.8825630591240263,
  "minPE": 6.3419,
  "maxPE": 29.4573,
  "medianPE": 15.03,
  "hienTaiPE": 15.069043273728079,
  "minPS": 0.1213,
  "maxPS": 1.4476,
  "medianPS": 0.78,
  "hienTaiPS": 0.8424515929727738
}