{
  "minPB": 1.4654,
  "maxPB": 6.0091,
  "medianPB": 2.94,
  "hienTaiPB": 2.9192446675116064,
  "minPE": 6.3419,
  "maxPE": 29.4573,
  "medianPE": 15.02,
  "hienTaiPE": 15.260802042852932,
  "minPS": 0.1215,
  "maxPS": 1.4467,
  "medianPS": 0.78,
  "hienTaiPS": 0.8531720798398718
}