{
  "minPB": 1.4654,
  "maxPB": 6.0091,
  "medianPB": 2.94,
  "hienTaiPB": 2.876449457726096,
  "minPE": 6.3419,
  "maxPE": 29.4573,
  "medianPE": 15.03,
  "hienTaiPE": 15.037083478873937,
  "minPS": 0.1213,
  "maxPS": 1.4476,
  "medianPS": 0.78,
  "hienTaiPS": 0.8406648451615909
}