{
  "minPB": 1.496,
  "maxPB": 1.6662,
  "medianPB": 1.63,
  "hienTaiPB": 1.6657263979210817,
  "minPE": 7.7139,
  "maxPE": 9.1319,
  "medianPE": 8.43,
  "hienTaiPE": 9.131891399071764,
  "minPS": 0.4666,
  "maxPS": 1.6678,
  "medianPS": 0.89,
  "hienTaiPS": 1.074800500191017
}