{
  "minPB": 0.7587,
  "maxPB": 2.7116,
  "medianPB": 1.41,
  "hienTaiPB": 1.6727252483325148,
  "minPE": 3.7792,
  "maxPE": 13.5558,
  "medianPE": 7.26,
  "hienTaiPE": 9.170260690664502,
  "minPS": 0.4626,
  "maxPS": 1.6678,
  "medianPS": 0.88,
  "hienTaiPS": 1.0793164686792145
}