{
  "minPB": 1.496,
  "maxPB": 1.6797,
  "medianPB": 1.63,
  "hienTaiPB": 1.679724098743948,
  "minPE": 7.7139,
  "maxPE": 9.2086,
  "medianPE": 8.43,
  "hienTaiPE": 9.208629982257241,
  "minPS": 0.4666,
  "maxPS": 1.6678,
  "medianPS": 0.89,
  "hienTaiPS": 1.083832437167412
}