{
  "minPB": 0.7587,
  "maxPB": 2.7116,
  "medianPB": 1.41,
  "hienTaiPB": 1.6097355946296168,
  "minPE": 3.7792,
  "maxPE": 13.5558,
  "medianPE": 7.26,
  "hienTaiPE": 8.824937066329856,
  "minPS": 0.4626,
  "maxPS": 1.6678,
  "medianPS": 0.88,
  "hienTaiPS": 1.0386727522854364
}