{
  "minPB": 0.7587,
  "maxPB": 2.7116,
  "medianPB": 1.41,
  "hienTaiPB": 1.6557180418327322,
  "minPE": 3.7792,
  "maxPE": 13.5558,
  "medianPE": 7.26,
  "hienTaiPE": 9.077023312094148,
  "minPS": 0.4626,
  "maxPS": 1.6678,
  "medianPS": 0.88,
  "hienTaiPS": 1.0683426652528945
}