{
  "minPB": 1.496,
  "maxPB": 1.6662,
  "medianPB": 1.63,
  "hienTaiPB": 1.4963542179644003,
  "minPE": 7.7139,
  "maxPE": 9.1319,
  "medianPE": 8.43,
  "hienTaiPE": 8.203354542527492,
  "minPS": 0.4666,
  "maxPS": 1.6678,
  "medianPS": 0.89,
  "hienTaiPS": 0.9655140627766362
}