{
  "minPB": 0.9349,
  "maxPB": 1.3249,
  "medianPB": 1.21,
  "hienTaiPB": 1.162894748640489,
  "minPE": -0.8103,
  "maxPE": -0.5301,
  "medianPE": -0.58,
  "hienTaiPE": -0.5301,
  "minPS": 0.0993,
  "maxPS": 0.8205,
  "medianPS": 0.21,
  "hienTaiPS": 0.30735189216503384
}