{
  "minPB": 0.9272,
  "maxPB": 1.2545,
  "medianPB": 0.98,
  "hienTaiPB": 1.2235742284599003,
  "minPE": 9.5681,
  "maxPE": 11.5563,
  "medianPE": 10.06,
  "hienTaiPE": 11.271428436455022,
  "minPS": 0.1506,
  "maxPS": 0.4773,
  "medianPS": 0.3,
  "hienTaiPS": 0.4573148699628682
}