{
  "minPB": 0.4041,
  "maxPB": 1.1982,
  "medianPB": 0.63,
  "hienTaiPB": 1.2530923615978433,
  "minPE": 4.7273,
  "maxPE": 28.0446,
  "medianPE": 11.34,
  "hienTaiPE": 11.543346165272224,
  "minPS": 0.1502,
  "maxPS": 0.4772,
  "medianPS": 0.29,
  "hienTaiPS": 0.46834736877131095
}