{
  "minPB": 0.9272,
  "maxPB": 1.2545,
  "medianPB": 0.98,
  "hienTaiPB": 1.1937554012662226,
  "minPE": 9.5681,
  "maxPE": 11.5563,
  "medianPE": 10.07,
  "hienTaiPE": 10.996740747751735,
  "minPS": 0.1506,
  "maxPS": 0.4773,
  "medianPS": 0.3,
  "hienTaiPS": 0.44616998576758227
}