{
  "minPB": 0.4041,
  "maxPB": 1.1964,
  "medianPB": 0.63,
  "hienTaiPB": 1.2368548825881769,
  "minPE": 4.7273,
  "maxPE": 28.0446,
  "medianPE": 11.34,
  "hienTaiPE": 11.393768331423711,
  "minPS": 0.1502,
  "maxPS": 0.4772,
  "medianPS": 0.29,
  "hienTaiPS": 0.4622785578817771
}