{
  "minPB": 0.4676,
  "maxPB": 1.7413,
  "medianPB": 0.97,
  "hienTaiPB": 1.0037599196176563,
  "minPE": 8.8211,
  "maxPE": 173.9345,
  "medianPE": 16.96,
  "hienTaiPE": 76.58942296133904,
  "minPS": 0.1739,
  "maxPS": 0.8107,
  "medianPS": 0.28,
  "hienTaiPS": 0.19094489498820758
}