{
  "minPB": 0,
  "maxPB": 1.6924,
  "medianPB": 0.94,
  "hienTaiPB": 1.0921412961877643,
  "minPE": 0,
  "maxPE": 168.0563,
  "medianPE": 16.1,
  "hienTaiPE": 83.33314573780913,
  "minPS": 0,
  "maxPS": 0.7782,
  "medianPS": 0.27,
  "hienTaiPS": 0.2077576530374837
}