{
  "minPB": 0,
  "maxPB": 1.6924,
  "medianPB": 0.94,
  "hienTaiPB": 1.23102631651222,
  "minPE": 0,
  "maxPE": 168.0563,
  "medianPE": 16.09,
  "hienTaiPE": 93.93042438654787,
  "minPS": 0,
  "maxPS": 0.7782,
  "medianPS": 0.27,
  "hienTaiPS": 0.2341777014006319
}