{
  "minPB": 0,
  "maxPB": 1.6924,
  "medianPB": 0.94,
  "hienTaiPB": 1.3194076930823282,
  "minPE": 0,
  "maxPE": 168.0563,
  "medianPE": 16.09,
  "hienTaiPE": 100.67414716301798,
  "minPS": 0,
  "maxPS": 0.7782,
  "medianPS": 0.27,
  "hienTaiPS": 0.25099045944990805
}