{
  "minPB": 0.4676,
  "maxPB": 1.7413,
  "medianPB": 0.97,
  "hienTaiPB": 1.142644939942112,
  "minPE": 8.8211,
  "maxPE": 173.9345,
  "medianPE": 16.97,
  "hienTaiPE": 87.18670161007778,
  "minPS": 0.1739,
  "maxPS": 0.8201,
  "medianPS": 0.29,
  "hienTaiPS": 0.21736494335135578
}