{
  "minPB": 0.4676,
  "maxPB": 1.7413,
  "medianPB": 0.97,
  "hienTaiPB": 1.098454251657058,
  "minPE": 8.8211,
  "maxPE": 173.9345,
  "medianPE": 16.97,
  "hienTaiPE": 83.81484022184272,
  "minPS": 0.1739,
  "maxPS": 0.8107,
  "medianPS": 0.28,
  "hienTaiPS": 0.20895856432671772
}