{
  "minPB": 0.5494,
  "maxPB": 0.5998,
  "medianPB": 0.58,
  "hienTaiPB": 0.572257132222337,
  "minPE": 10.2895,
  "maxPE": 11.907,
  "medianPE": 11.49,
  "hienTaiPE": 10.392194582517151,
  "minPS": 0.0187,
  "maxPS": 0.2328,
  "medianPS": 0.04,
  "hienTaiPS": 0.023446506625536687
}