{
  "minPB": 0,
  "maxPB": 0.9725,
  "medianPB": 0.59,
  "hienTaiPB": 0.5860693042576484,
  "minPE": -47.1521,
  "maxPE": 18.6418,
  "medianPE": 6.8,
  "hienTaiPE": 10.701638125767534,
  "minPS": 0.0226,
  "maxPS": 0.2328,
  "medianPS": 0.04,
  "hienTaiPS": 0.02400475678328756
}