{
  "minPB": 0,
  "maxPB": 0.9725,
  "medianPB": 0.59,
  "hienTaiPB": 0.5724397855539821,
  "minPE": -47.1521,
  "maxPE": 18.6418,
  "medianPE": 6.8,
  "hienTaiPE": 10.392194582517151,
  "minPS": 0.0226,
  "maxPS": 0.2328,
  "medianPS": 0.04,
  "hienTaiPS": 0.023446506625536687
}