{
  "minPB": 0.7847,
  "maxPB": 1.5338,
  "medianPB": 1.01,
  "hienTaiPB": 0.9063387600976536,
  "minPE": 9.3648,
  "maxPE": 35.8999,
  "medianPE": 16.63,
  "hienTaiPE": 23.10265020610271,
  "minPS": 0.283,
  "maxPS": 1.5396,
  "medianPS": 1.01,
  "hienTaiPS": 0.9583231784896983
}