{
  "minPB": 0.7847,
  "maxPB": 1.5338,
  "medianPB": 1.01,
  "hienTaiPB": 0.8953305970195444,
  "minPE": 9.3648,
  "maxPE": 35.8999,
  "medianPE": 16.63,
  "hienTaiPE": 22.822051215745187,
  "minPS": 0.283,
  "maxPS": 1.5396,
  "medianPS": 1.01,
  "hienTaiPS": 0.9466836257145197
}