{
  "minPB": 0.7847,
  "maxPB": 1.5338,
  "medianPB": 1.01,
  "hienTaiPB": 0.8916612093268413,
  "minPE": 9.3648,
  "maxPE": 35.8999,
  "medianPE": 16.6,
  "hienTaiPE": 22.728518218959344,
  "minPS": 0.283,
  "maxPS": 1.5396,
  "medianPS": 1.01,
  "hienTaiPS": 0.9428037747894602
}