{
  "minPB": 0.7847,
  "maxPB": 1.5338,
  "medianPB": 1.01,
  "hienTaiPB": 0.8769836585560291,
  "minPE": 9.3648,
  "maxPE": 35.8999,
  "medianPE": 16.51,
  "hienTaiPE": 22.354386231815983,
  "minPS": 0.2851,
  "maxPS": 1.5406,
  "medianPS": 1.01,
  "hienTaiPS": 0.9272843710892222
}