{
  "minPB": 0.5625,
  "maxPB": 2.2964,
  "medianPB": 1.17,
  "hienTaiPB": 0.8442745558638832,
  "minPE": -103.0897,
  "maxPE": 540.0245,
  "medianPE": 7.3,
  "hienTaiPE": 8.996860111998839,
  "minPS": 0.5054,
  "maxPS": 2.2801,
  "medianPS": 0.96,
  "hienTaiPS": 0.4967144092809053
}