{
  "minPB": 0.5606,
  "maxPB": 2.3003,
  "medianPB": 1.17,
  "hienTaiPB": 0.812348207112728,
  "minPE": -103.0897,
  "maxPE": 540.0245,
  "medianPE": 7.3,
  "hienTaiPE": 8.656642712805604,
  "minPS": 0.4726,
  "maxPS": 1.6252,
  "medianPS": 0.93,
  "hienTaiPS": 0.4779310912828879
}