{
  "minPB": 0.5643,
  "maxPB": 2.2925,
  "medianPB": 1.17,
  "hienTaiPB": 0.8300850675300365,
  "minPE": -103.0897,
  "maxPE": 540.0245,
  "medianPE": 7.31,
  "hienTaiPE": 8.845652379024068,
  "minPS": 0.5015,
  "maxPS": 2.2801,
  "medianPS": 0.96,
  "hienTaiPS": 0.48836626794845317
}