{
  "minPB": 0.5606,
  "maxPB": 2.3003,
  "medianPB": 1.17,
  "hienTaiPB": 0.8229903233631131,
  "minPE": -103.0897,
  "maxPE": 540.0245,
  "medianPE": 7.3,
  "hienTaiPE": 8.770048512536682,
  "minPS": 0.4726,
  "maxPS": 1.6252,
  "medianPS": 0.93,
  "hienTaiPS": 0.48419219728222707
}