{
  "minPB": 0.5606,
  "maxPB": 2.3003,
  "medianPB": 1.17,
  "hienTaiPB": 0.8336324396134982,
  "minPE": -103.0897,
  "maxPE": 540.0245,
  "medianPE": 7.3,
  "hienTaiPE": 8.88345431226776,
  "minPS": 0.508,
  "maxPS": 2.2801,
  "medianPS": 0.96,
  "hienTaiPS": 0.49045330328156617
}