{
  "minPB": 0.259,
  "maxPB": 3.6019,
  "medianPB": 1.6,
  "hienTaiPB": 1.6868256891245654,
  "minPE": -15.9275,
  "maxPE": 176.8828,
  "medianPE": 5.32,
  "hienTaiPE": 7.820043834897298,
  "minPS": 0.3084,
  "maxPS": 58.6739,
  "medianPS": 2.69,
  "hienTaiPS": 4.866314852095304
}