{
  "minPB": 0.259,
  "maxPB": 3.6019,
  "medianPB": 1.59,
  "hienTaiPB": 1.2791761475861287,
  "minPE": -15.9275,
  "maxPE": 176.8828,
  "medianPE": 5.32,
  "hienTaiPE": 5.930199908130451,
  "minPS": 0.3084,
  "maxPS": 58.6739,
  "medianPS": 2.12,
  "hienTaiPS": 3.6902887628389385
}