{
  "minPB": 0.259,
  "maxPB": 3.6019,
  "medianPB": 1.59,
  "hienTaiPB": 1.518143120212109,
  "minPE": -15.9275,
  "maxPE": 176.8828,
  "medianPE": 5.32,
  "hienTaiPE": 7.038039451407568,
  "minPS": 0.2431,
  "maxPS": 58.6739,
  "medianPS": 2.12,
  "hienTaiPS": 4.379683366885773
}