{
  "minPB": 0.259,
  "maxPB": 3.6019,
  "medianPB": 1.59,
  "hienTaiPB": 1.8273944965516127,
  "minPE": -15.9275,
  "maxPE": 176.8828,
  "medianPE": 5.32,
  "hienTaiPE": 8.471714154472073,
  "minPS": 0.3084,
  "maxPS": 58.6739,
  "medianPS": 2.69,
  "hienTaiPS": 5.271841089769913
}