{
  "minPB": 0.259,
  "maxPB": 3.6019,
  "medianPB": 1.59,
  "hienTaiPB": 1.4759724779839947,
  "minPE": -15.9275,
  "maxPE": 176.8828,
  "medianPE": 5.32,
  "hienTaiPE": 6.842538355535136,
  "minPS": 0.2431,
  "maxPS": 58.6739,
  "medianPS": 2.12,
  "hienTaiPS": 4.258025495583391
}