{
  "minPB": 1.184,
  "maxPB": 1.3074,
  "medianPB": 1.21,
  "hienTaiPB": 1.335420855186357,
  "minPE": 6.2276,
  "maxPE": 7.5711,
  "medianPE": 7.02,
  "hienTaiPE": 6.227583969481233,
  "minPS": 0.3246,
  "maxPS": 1.5977,
  "medianPS": 0.93,
  "hienTaiPS": 1.0200922063763134
}