{
  "minPB": 1.184,
  "maxPB": 1.3211,
  "medianPB": 1.21,
  "hienTaiPB": 1.3210600788019393,
  "minPE": 6.1606,
  "maxPE": 7.5711,
  "medianPE": 7.02,
  "hienTaiPE": 6.160614114657133,
  "minPS": 0.3246,
  "maxPS": 1.5977,
  "medianPS": 0.94,
  "hienTaiPS": 1.0091223941179799
}