{
  "minPB": 1.184,
  "maxPB": 1.3074,
  "medianPB": 1.21,
  "hienTaiPB": 1.3091073594332012,
  "minPE": 6.8718,
  "maxPE": 7.5711,
  "medianPE": 7.02,
  "hienTaiPE": 6.104873961099271,
  "minPS": 0.3246,
  "maxPS": 1.5977,
  "medianPS": 0.92,
  "hienTaiPS": 0.9999920320858914
}