{
  "minPB": 1.184,
  "maxPB": 1.3211,
  "medianPB": 1.21,
  "hienTaiPB": 1.3001318741929402,
  "minPE": 6.1045,
  "maxPE": 7.5711,
  "medianPE": 7.02,
  "hienTaiPE": 6.063017801834209,
  "minPS": 0.3246,
  "maxPS": 1.5977,
  "medianPS": 0.94,
  "hienTaiPS": 0.9931358994244329
}