{
  "minPB": 0.6749,
  "maxPB": 1.4871,
  "medianPB": 0.92,
  "hienTaiPB": 1.326620501365418,
  "minPE": 3.2378,
  "maxPE": 7.554,
  "medianPE": 5.58,
  "hienTaiPE": 6.186544515762806,
  "minPS": 0.3232,
  "maxPS": 1.6124,
  "medianPS": 0.86,
  "hienTaiPS": 1.0133698519131273
}