{
  "minPB": 0.5039,
  "maxPB": 1.5456,
  "medianPB": 0.96,
  "hienTaiPB": 1.1182201601925998,
  "minPE": -76.3154,
  "maxPE": 22.0526,
  "medianPE": 8.53,
  "hienTaiPE": 8.719478864567417,
  "minPS": 0.2136,
  "maxPS": 1.1944,
  "medianPS": 0.55,
  "hienTaiPS": 1.1004110930180229
}