{
  "minPB": 0,
  "maxPB": 1.5422,
  "medianPB": 0.95,
  "hienTaiPB": 1.2157393602093962,
  "minPE": -75.4675,
  "maxPE": 21.8574,
  "medianPE": 8.48,
  "hienTaiPE": 9.479898532988994,
  "minPS": 0,
  "maxPS": 1.1944,
  "medianPS": 0.52,
  "hienTaiPS": 1.196377176711455
}