{
  "minPB": 0,
  "maxPB": 1.5455,
  "medianPB": 0.95,
  "hienTaiPB": 1.1117188801914801,
  "minPE": -75.4675,
  "maxPE": 22.0322,
  "medianPE": 8.48,
  "hienTaiPE": 8.668784220005978,
  "minPS": 0,
  "maxPS": 1.1944,
  "medianPS": 0.52,
  "hienTaiPS": 1.0940133541051273
}