{
  "minPB": 0.5039,
  "maxPB": 1.5456,
  "medianPB": 0.96,
  "hienTaiPB": 1.1507265601981986,
  "minPE": -76.3154,
  "maxPE": 22.0526,
  "medianPE": 8.54,
  "hienTaiPE": 8.97295208737461,
  "minPS": 0.2124,
  "maxPS": 1.2016,
  "medianPS": 0.55,
  "hienTaiPS": 1.1323997875825003
}