{
  "minPB": 0.5039,
  "maxPB": 1.5456,
  "medianPB": 0.96,
  "hienTaiPB": 1.1247214401937196,
  "minPE": -76.3154,
  "maxPE": 22.0526,
  "medianPE": 8.52,
  "hienTaiPE": 8.770173509128856,
  "minPS": 0.2136,
  "maxPS": 1.1944,
  "medianPS": 0.55,
  "hienTaiPS": 1.1068088319309184
}