{
  "minPB": 0.5351,
  "maxPB": 1.4743,
  "medianPB": 0.87,
  "hienTaiPB": 0.9197419545293513,
  "minPE": 3.8388,
  "maxPE": 11.9073,
  "medianPE": 6.91,
  "hienTaiPE": 9.46925316441973,
  "minPS": 0.0743,
  "maxPS": 0.825,
  "medianPS": 0.17,
  "hienTaiPS": 0.4669599301423816
}