{
  "minPB": 0.5351,
  "maxPB": 1.4243,
  "medianPB": 0.87,
  "hienTaiPB": 0.8800979047651551,
  "minPE": 3.8388,
  "maxPE": 11.9386,
  "medianPE": 6.91,
  "hienTaiPE": 9.061095700436121,
  "minPS": 0.0745,
  "maxPS": 0.825,
  "medianPS": 0.17,
  "hienTaiPS": 0.4468323469465893
}