{
  "minPB": 0.5351,
  "maxPB": 1.4243,
  "medianPB": 0.86,
  "hienTaiPB": 0.9118131445765121,
  "minPE": 3.8388,
  "maxPE": 11.9386,
  "medianPE": 6.91,
  "hienTaiPE": 9.387621671623009,
  "minPS": 0.0745,
  "maxPS": 0.825,
  "medianPS": 0.17,
  "hienTaiPS": 0.4629344135032231
}