{
  "minPB": 0.5351,
  "maxPB": 1.416,
  "medianPB": 0.86,
  "hienTaiPB": 0.9038843346236728,
  "minPE": 3.8388,
  "maxPE": 11.9386,
  "medianPE": 6.91,
  "hienTaiPE": 9.305990178826287,
  "minPS": 0.0745,
  "maxPS": 0.825,
  "medianPS": 0.17,
  "hienTaiPS": 0.45890889686406466
}