{
  "minPB": 0.9107,
  "maxPB": 3.6753,
  "medianPB": 1.23,
  "hienTaiPB": 1.1803206869309155,
  "minPE": 0,
  "maxPE": 32.6701,
  "medianPE": 22.87,
  "hienTaiPE": 25.688380849295825,
  "minPS": 0,
  "maxPS": 0.2281,
  "medianPS": 0.06,
  "hienTaiPS": 0.05762070293341292
}