{
  "minPB": 0.9107,
  "maxPB": 3.6753,
  "medianPB": 1.23,
  "hienTaiPB": 1.16187817619762,
  "minPE": 0,
  "maxPE": 32.6701,
  "medianPE": 22.87,
  "hienTaiPE": 25.286999898525576,
  "minPS": 0,
  "maxPS": 0.2281,
  "medianPS": 0.06,
  "hienTaiPS": 0.056720379450078344
}