{
  "minPB": 0.9107,
  "maxPB": 3.6753,
  "medianPB": 1.23,
  "hienTaiPB": 1.152656920830972,
  "minPE": 0,
  "maxPE": 32.6701,
  "medianPE": 22.87,
  "hienTaiPE": 25.086309423140452,
  "minPS": 0,
  "maxPS": 0.2281,
  "medianPS": 0.06,
  "hienTaiPS": 0.05627021770841105
}