{
  "minPB": 0.9107,
  "maxPB": 3.6753,
  "medianPB": 1.24,
  "hienTaiPB": 1.1710994315642678,
  "minPE": 0,
  "maxPE": 32.6701,
  "medianPE": 22.69,
  "hienTaiPE": 25.487690373910702,
  "minPS": 0.0454,
  "maxPS": 0.2291,
  "medianPS": 0.06,
  "hienTaiPS": 0.05717054119174563
}