{
  "minPB": 0.5191,
  "maxPB": 1.6706,
  "medianPB": 1.05,
  "hienTaiPB": 0.5440937976913621,
  "minPE": 2.6989,
  "maxPE": 29.8836,
  "medianPE": 7.91,
  "hienTaiPE": 7.472784650777643,
  "minPS": 0.0178,
  "maxPS": 0.1086,
  "medianPS": 0.07,
  "hienTaiPS": 0.019275633340577067
}