{
  "minPB": 0.5191,
  "maxPB": 1.6706,
  "medianPB": 1.04,
  "hienTaiPB": 0.5500078607097465,
  "minPE": 2.6989,
  "maxPE": 28.942,
  "medianPE": 7.9,
  "hienTaiPE": 7.554010570894792,
  "minPS": 0.0174,
  "maxPS": 0.1086,
  "medianPS": 0.07,
  "hienTaiPS": 0.019485151094278993
}