{
  "minPB": 0.681,
  "maxPB": 0.7051,
  "medianPB": 0.71,
  "hienTaiPB": 0.6810342732897487,
  "minPE": 3.8418,
  "maxPE": 4.1689,
  "medianPE": 3.84,
  "hienTaiPE": 4.168874958091408,
  "minPS": 0.0759,
  "maxPS": 0.1956,
  "medianPS": 0.13,
  "hienTaiPS": 0.07484429210140131
}