{
  "minPB": 0.2986,
  "maxPB": 0.9402,
  "medianPB": 0.55,
  "hienTaiPB": 0.7935158050558146,
  "minPE": 0.4142,
  "maxPE": 255.3014,
  "medianPE": 10.28,
  "hienTaiPE": 14.33746666043493,
  "minPS": 0.0641,
  "maxPS": 0.3536,
  "medianPS": 0.13,
  "hienTaiPS": 0.21726887811995094
}