{
  "minPB": 0.2986,
  "maxPB": 0.9402,
  "medianPB": 0.55,
  "hienTaiPB": 0.732993413144778,
  "minPE": 0.4142,
  "maxPE": 255.3014,
  "medianPE": 10.38,
  "hienTaiPE": 13.243931067689894,
  "minPS": 0.0641,
  "maxPS": 0.3536,
  "medianPS": 0.13,
  "hienTaiPS": 0.2006975230091072
}