{
  "minPB": 0.2986,
  "maxPB": 0.9402,
  "medianPB": 0.55,
  "hienTaiPB": 0.6623839559152351,
  "minPE": 0.4142,
  "maxPE": 255.3014,
  "medianPE": 10.11,
  "hienTaiPE": 11.968139542820683,
  "minPS": 0.0641,
  "maxPS": 0.3418,
  "medianPS": 0.13,
  "hienTaiPS": 0.18136427537978955
}