{
  "minPB": 0.2986,
  "maxPB": 0.9402,
  "medianPB": 0.55,
  "hienTaiPB": 0.7229063478262718,
  "minPE": 0.4142,
  "maxPE": 255.3014,
  "medianPE": 10.15,
  "hienTaiPE": 13.061675135565721,
  "minPS": 0.0641,
  "maxPS": 0.3536,
  "medianPS": 0.13,
  "hienTaiPS": 0.19793563049063326
}