{
  "minPB": 1.1188,
  "maxPB": 2.0906,
  "medianPB": 1.43,
  "hienTaiPB": 1.2583504243523858,
  "minPE": 6.0389,
  "maxPE": 11.6092,
  "medianPE": 9.2,
  "hienTaiPE": 10.65597758704028,
  "minPS": 0.9374,
  "maxPS": 1.9179,
  "medianPS": 1.42,
  "hienTaiPS": 1.837407456771392
}