{
  "minPB": 1.1188,
  "maxPB": 2.0906,
  "medianPB": 1.43,
  "hienTaiPB": 1.2972684787137998,
  "minPE": 6.0389,
  "maxPE": 11.6092,
  "medianPE": 9.21,
  "hienTaiPE": 10.985543904165237,
  "minPS": 0.9374,
  "maxPS": 1.9173,
  "medianPS": 1.4,
  "hienTaiPS": 1.8942344915168992
}