{
  "minPB": 1.1188,
  "maxPB": 2.0906,
  "medianPB": 1.43,
  "hienTaiPB": 1.3037548211073688,
  "minPE": 6.0389,
  "maxPE": 11.6092,
  "medianPE": 9.2,
  "hienTaiPE": 11.040471623686063,
  "minPS": 0.9374,
  "maxPS": 1.9173,
  "medianPS": 1.39,
  "hienTaiPS": 1.9037056639744836
}