{
  "minPB": 0.8097,
  "maxPB": 2.6895,
  "medianPB": 1.2,
  "hienTaiPB": 0.9504615798833261,
  "minPE": -98.6479,
  "maxPE": 51.6003,
  "medianPE": 12.46,
  "hienTaiPE": 81.0027451024252,
  "minPS": 1.6065,
  "maxPS": 6.2664,
  "medianPS": 2.94,
  "hienTaiPS": 3.3539715292217807
}