{
  "minPB": 0.8074,
  "maxPB": 0.963,
  "medianPB": 0.84,
  "hienTaiPB": 0.9713073024075028,
  "minPE": 18.7554,
  "maxPE": 82.0746,
  "medianPE": 19.55,
  "hienTaiPE": 82.77931428085432,
  "minPS": 1.6236,
  "maxPS": 6.1343,
  "medianPS": 2.9,
  "hienTaiPS": 3.4275315355723035
}