{
  "minPB": 0.8097,
  "maxPB": 2.6895,
  "medianPB": 1.2,
  "hienTaiPB": 0.9303049721533372,
  "minPE": -98.6479,
  "maxPE": 50.993,
  "medianPE": 12.42,
  "hienTaiPE": 79.28490548361357,
  "minPS": 1.6065,
  "maxPS": 6.2664,
  "medianPS": 2.94,
  "hienTaiPS": 3.2828432586183824
}