{
  "minPB": 0.8097,
  "maxPB": 2.6895,
  "medianPB": 1.2,
  "hienTaiPB": 1.0078303864994487,
  "minPE": -98.6479,
  "maxPE": 51.6142,
  "medianPE": 12.49,
  "hienTaiPE": 85.89198094058138,
  "minPS": 1.6065,
  "maxPS": 6.2664,
  "medianPS": 2.94,
  "hienTaiPS": 3.5564135301699142
}