{
  "minPB": 0.8097,
  "maxPB": 2.6895,
  "medianPB": 1.2,
  "hienTaiPB": 0.9454654976254656,
  "minPE": -98.6479,
  "maxPE": 51.0765,
  "medianPE": 12.44,
  "hienTaiPE": 80.57695579519839,
  "minPS": 1.6065,
  "maxPS": 6.2664,
  "medianPS": 2.94,
  "hienTaiPS": 3.3363414450551265
}