{
  "minPB": 0.8097,
  "maxPB": 2.6895,
  "medianPB": 1.2,
  "hienTaiPB": 0.9906025166447572,
  "minPE": -98.6479,
  "maxPE": 51.7255,
  "medianPE": 12.54,
  "hienTaiPE": 84.42374195014408,
  "minPS": 1.6065,
  "maxPS": 6.2664,
  "medianPS": 2.94,
  "hienTaiPS": 3.4956201364917963
}