{
  "minPB": 0.8074,
  "maxPB": 0.9431,
  "medianPB": 0.84,
  "hienTaiPB": 0.9630379248772509,
  "minPE": 18.7554,
  "maxPE": 80.3714,
  "medianPE": 19.55,
  "hienTaiPE": 82.07455956544442,
  "minPS": 1.6236,
  "maxPS": 6.1343,
  "medianPS": 2.9,
  "hienTaiPS": 3.398350706606807
}