{
  "minPB": 0.8097,
  "maxPB": 2.6895,
  "medianPB": 1.2,
  "hienTaiPB": 0.9474467026587552,
  "minPE": -98.6479,
  "maxPE": 50.993,
  "medianPE": 12.43,
  "hienTaiPE": 80.74580327909868,
  "minPS": 1.6065,
  "maxPS": 6.2664,
  "medianPS": 2.94,
  "hienTaiPS": 3.34333268532811
}