{
  "minPB": 0.8074,
  "maxPB": 0.9713,
  "medianPB": 0.84,
  "hienTaiPB": 0.9733746467900658,
  "minPE": 18.7554,
  "maxPE": 82.7793,
  "medianPE": 19.55,
  "hienTaiPE": 82.95550295970679,
  "minPS": 1.6236,
  "maxPS": 6.1343,
  "medianPS": 2.9,
  "hienTaiPS": 3.434826742813678
}