{
  "minPB": 0.8097,
  "maxPB": 2.6895,
  "medianPB": 1.2,
  "hienTaiPB": 0.9819885817174115,
  "minPE": -98.6479,
  "maxPE": 52.3281,
  "medianPE": 12.57,
  "hienTaiPE": 83.68962245492544,
  "minPS": 1.6065,
  "maxPS": 6.2664,
  "medianPS": 2.94,
  "hienTaiPS": 3.465223439652737
}