{
  "minPB": 0.8074,
  "maxPB": 0.9389,
  "medianPB": 0.84,
  "hienTaiPB": 0.9216910372259914,
  "minPE": 18.7554,
  "maxPE": 80.019,
  "medianPE": 19.55,
  "hienTaiPE": 78.55078598839494,
  "minPS": 1.6236,
  "maxPS": 6.1343,
  "medianPS": 2.9,
  "hienTaiPS": 3.2524465617793235
}