{
  "minPB": 0.4791,
  "maxPB": 0.5865,
  "medianPB": 0.52,
  "hienTaiPB": 0.5747899179355629,
  "minPE": 379.9388,
  "maxPE": 2215.6431,
  "medianPE": 1904.29,
  "hienTaiPE": 428.7309445925751,
  "minPS": 0.5147,
  "maxPS": 727.9148,
  "medianPS": 2.06,
  "hienTaiPS": 2.8128451180811194
}