{
  "minPB": 0.2459,
  "maxPB": 0.9383,
  "medianPB": 0.47,
  "hienTaiPB": 0.5589724714998361,
  "minPE": -591.1822,
  "maxPE": 1752.2851,
  "medianPE": 128.28,
  "hienTaiPE": 416.93284490462645,
  "minPS": 0.6517,
  "maxPS": 3.386,
  "medianPS": 1.74,
  "hienTaiPS": 2.735439398880193
}