{
  "minPB": 0.2459,
  "maxPB": 0.9383,
  "medianPB": 0.47,
  "hienTaiPB": 0.5451210353555556,
  "minPE": -591.1822,
  "maxPE": 1752.2851,
  "medianPE": 128.39,
  "hienTaiPE": 406.60117568636633,
  "minPS": 0.6517,
  "maxPS": 3.386,
  "medianPS": 1.74,
  "hienTaiPS": 2.66765472952345
}