{
  "minPB": 0.4791,
  "maxPB": 0.5865,
  "medianPB": 0.51,
  "hienTaiPB": 0.5362739890440474,
  "minPE": 379.9388,
  "maxPE": 2215.6431,
  "medianPE": 1914.89,
  "hienTaiPE": 400.0022385727679,
  "minPS": 0.5147,
  "maxPS": 727.9148,
  "medianPS": 2.06,
  "hienTaiPS": 2.6243600052246263
}