{
  "minPB": 0.4791,
  "maxPB": 0.5865,
  "medianPB": 0.51,
  "hienTaiPB": 0.5093753936928962,
  "minPE": 379.9388,
  "maxPE": 2215.6431,
  "medianPE": 1916.23,
  "hienTaiPE": 379.93880351021113,
  "minPS": 0.5147,
  "maxPS": 727.9148,
  "medianPS": 2.06,
  "hienTaiPS": 2.4927265505383054
}