{
  "minPB": 0.4791,
  "maxPB": 0.5865,
  "medianPB": 0.52,
  "hienTaiPB": 0.5714834460817669,
  "minPE": 379.9388,
  "maxPE": 2215.6431,
  "medianPE": 1893.69,
  "hienTaiPE": 426.26467516628077,
  "minPS": 0.5147,
  "maxPS": 727.9148,
  "medianPS": 2.06,
  "hienTaiPS": 2.7966642615249935
}