{
  "minPB": 0.2459,
  "maxPB": 0.9383,
  "medianPB": 0.47,
  "hienTaiPB": 0.5540574457712204,
  "minPE": -591.1822,
  "maxPE": 1752.2851,
  "medianPE": 128.3,
  "hienTaiPE": 413.2667687304051,
  "minPS": 0.6517,
  "maxPS": 3.386,
  "medianPS": 1.74,
  "hienTaiPS": 2.7113867742697355
}