{
  "minPB": 0,
  "maxPB": 1.4202,
  "medianPB": 0.75,
  "hienTaiPB": 0.6903343748040507,
  "minPE": 0,
  "maxPE": 17.8899,
  "medianPE": 7.13,
  "hienTaiPE": 77.95780672580759,
  "minPS": 0,
  "maxPS": 0.2775,
  "medianPS": 0.11,
  "hienTaiPS": 0.10919840419277095
}