{
  "minPB": 0.428,
  "maxPB": 1.9669,
  "medianPB": 0.79,
  "hienTaiPB": 0.6840010319159401,
  "minPE": 4.4826,
  "maxPE": 17.8899,
  "medianPE": 7.51,
  "hienTaiPE": 77.24259748979101,
  "minPS": 0.0631,
  "maxPS": 0.2775,
  "medianPS": 0.14,
  "hienTaiPS": 0.10819658397081892
}