{
  "minPB": 0,
  "maxPB": 1.4202,
  "medianPB": 0.75,
  "hienTaiPB": 0.7410011179089352,
  "minPE": 0,
  "maxPE": 17.8807,
  "medianPE": 7.13,
  "hienTaiPE": 83.67948061394026,
  "minPS": 0,
  "maxPS": 0.2775,
  "medianPS": 0.11,
  "hienTaiPS": 0.11721296596838716
}