{
  "minPB": 0,
  "maxPB": 1.4202,
  "medianPB": 0.75,
  "hienTaiPB": 0.7030010605802718,
  "minPE": 0,
  "maxPE": 17.524,
  "medianPE": 7.13,
  "hienTaiPE": 79.38822519784075,
  "minPS": 0,
  "maxPS": 0.2775,
  "medianPS": 0.11,
  "hienTaiPS": 0.111202044636675
}