{
  "minPB": 0.858,
  "maxPB": 3.3893,
  "medianPB": 1.35,
  "hienTaiPB": 1.1793864985138522,
  "minPE": 4.2907,
  "maxPE": 12.4479,
  "medianPE": 6.86,
  "hienTaiPE": 8.272901253556473,
  "minPS": 0.0483,
  "maxPS": 0.1497,
  "medianPS": 0.07,
  "hienTaiPS": 0.11854319539028145
}