{
  "minPB": 0.858,
  "maxPB": 3.3893,
  "medianPB": 1.36,
  "hienTaiPB": 1.1703835481435176,
  "minPE": 4.2907,
  "maxPE": 12.4479,
  "medianPE": 6.84,
  "hienTaiPE": 8.209749335590393,
  "minPS": 0.0483,
  "maxPS": 0.1486,
  "medianPS": 0.08,
  "hienTaiPS": 0.11763828550180602
}