{
  "minPB": 0.858,
  "maxPB": 3.3893,
  "medianPB": 1.35,
  "hienTaiPB": 1.2153982999951913,
  "minPE": 4.2907,
  "maxPE": 12.4479,
  "medianPE": 6.85,
  "hienTaiPE": 8.525508925420793,
  "minPS": 0.0483,
  "maxPS": 0.1497,
  "medianPS": 0.07,
  "hienTaiPS": 0.12216283494418317
}