{
  "minPB": 0.858,
  "maxPB": 3.3893,
  "medianPB": 1.35,
  "hienTaiPB": 1.4044602577722212,
  "minPE": 4.2907,
  "maxPE": 12.4479,
  "medianPE": 6.86,
  "hienTaiPE": 9.851699202708472,
  "minPS": 0.0483,
  "maxPS": 0.1497,
  "medianPS": 0.07,
  "hienTaiPS": 0.14116594260216722
}