{
  "minPB": 0.4999,
  "maxPB": 1.397,
  "medianPB": 0.77,
  "hienTaiPB": 0.7513014960328923,
  "minPE": 4.1344,
  "maxPE": 25.5734,
  "medianPE": 8.63,
  "hienTaiPE": 9.026661384738835,
  "minPS": 0.0338,
  "maxPS": 0.0976,
  "medianPS": 0.05,
  "hienTaiPS": 0.040934176286235836
}