{
  "minPB": 0.4999,
  "maxPB": 1.397,
  "medianPB": 0.77,
  "hienTaiPB": 0.7440073067510196,
  "minPE": 4.1344,
  "maxPE": 25.5734,
  "medianPE": 8.63,
  "hienTaiPE": 8.939023895566613,
  "minPS": 0.0338,
  "maxPS": 0.0976,
  "medianPS": 0.05,
  "hienTaiPS": 0.04053675709899083
}