{
  "minPB": 0.5064,
  "maxPB": 1.397,
  "medianPB": 0.77,
  "hienTaiPB": 0.7658898745966378,
  "minPE": 4.1344,
  "maxPE": 25.343,
  "medianPE": 8.65,
  "hienTaiPE": 9.201936363083279,
  "minPS": 0.0338,
  "maxPS": 0.0977,
  "medianPS": 0.05,
  "hienTaiPS": 0.04172901466072586
}