{
  "minPB": 0.393,
  "maxPB": 2.0918,
  "medianPB": 0.93,
  "hienTaiPB": 0.46863834247002806,
  "minPE": -104.7007,
  "maxPE": 90.9721,
  "medianPE": 5.08,
  "hienTaiPE": -0.4504,
  "minPS": 0.0917,
  "maxPS": 0.6144,
  "medianPS": 0.26,
  "hienTaiPS": 0.5171694878113419
}