{
  "minPB": 0.393,
  "maxPB": 2.1041,
  "medianPB": 0.94,
  "hienTaiPB": 0.4972960828369003,
  "minPE": -104.7007,
  "maxPE": 91.0463,
  "medianPE": 5.22,
  "hienTaiPE": -0.448,
  "minPS": 0.0919,
  "maxPS": 0.6117,
  "medianPS": 0.26,
  "hienTaiPS": 0.2752106837225723
}