{
  "minPB": 0.393,
  "maxPB": 2.0918,
  "medianPB": 0.93,
  "hienTaiPB": 0.4635810941699918,
  "minPE": -104.7007,
  "maxPE": 90.9721,
  "medianPE": 5.09,
  "hienTaiPE": -0.452,
  "minPS": 0.0917,
  "maxPS": 0.6144,
  "medianPS": 0.26,
  "hienTaiPS": 0.511588522115536
}