{
  "minPB": 0.393,
  "maxPB": 2.1041,
  "medianPB": 0.93,
  "hienTaiPB": 0.4770670896367552,
  "minPE": -104.7007,
  "maxPE": 91.0463,
  "medianPE": 5.2,
  "hienTaiPE": -0.4831,
  "minPS": 0.0919,
  "maxPS": 0.6117,
  "medianPS": 0.26,
  "hienTaiPS": 0.5264710973043516
}