{
  "minPB": 0.2126,
  "maxPB": 1.5884,
  "medianPB": 0.65,
  "hienTaiPB": 0.6251752722922667,
  "minPE": -49.4836,
  "maxPE": 770.517,
  "medianPE": 20.75,
  "hienTaiPE": 19.944610698764194,
  "minPS": 0.7697,
  "maxPS": 5.2823,
  "medianPS": 2.11,
  "hienTaiPS": 1.320255765574585
}