{
  "minPB": 0.2126,
  "maxPB": 1.5884,
  "medianPB": 0.65,
  "hienTaiPB": 0.6420719012731387,
  "minPE": -49.4836,
  "maxPE": 770.517,
  "medianPE": 20.65,
  "hienTaiPE": 20.483654231163225,
  "minPS": 0.7698,
  "maxPS": 5.2706,
  "medianPS": 2.13,
  "hienTaiPS": 1.3559383538333576
}