{
  "minPB": 0.2126,
  "maxPB": 1.5884,
  "medianPB": 0.65,
  "hienTaiPB": 0.6505202157635748,
  "minPE": -49.4836,
  "maxPE": 770.517,
  "medianPE": 20.69,
  "hienTaiPE": 20.753175997362742,
  "minPS": 0.7696,
  "maxPS": 5.2812,
  "medianPS": 2.13,
  "hienTaiPS": 1.3737796479627438
}