{
  "minPB": 0.2126,
  "maxPB": 1.5884,
  "medianPB": 0.65,
  "hienTaiPB": 0.6589685302540108,
  "minPE": -49.4836,
  "maxPE": 770.517,
  "medianPE": 20.67,
  "hienTaiPE": 21.022697763562256,
  "minPS": 0.7697,
  "maxPS": 5.2759,
  "medianPS": 2.13,
  "hienTaiPS": 1.3916209420921302
}