{
  "minPB": 0.2126,
  "maxPB": 1.5884,
  "medianPB": 0.65,
  "hienTaiPB": 0.6336235867827027,
  "minPE": -49.4836,
  "maxPE": 770.517,
  "medianPE": 20.75,
  "hienTaiPE": 20.214132464963708,
  "minPS": 0.7696,
  "maxPS": 5.2834,
  "medianPS": 2.11,
  "hienTaiPS": 1.3380970597039712
}