{
  "minPB": 0.4759,
  "maxPB": 1.1075,
  "medianPB": 0.74,
  "hienTaiPB": 0.7964017850930268,
  "minPE": 5.8253,
  "maxPE": 19.1635,
  "medianPE": 10.67,
  "hienTaiPE": 11.640257110545171,
  "minPS": 0.229,
  "maxPS": 0.7753,
  "medianPS": 0.45,
  "hienTaiPS": 0.3623984971569719
}