{
  "minPB": 0.7177,
  "maxPB": 0.9304,
  "medianPB": 0.79,
  "hienTaiPB": 0.930375917164751,
  "minPE": 10.7445,
  "maxPE": 13.5984,
  "medianPE": 11.76,
  "hienTaiPE": 13.598431203907909,
  "minPS": 0.2484,
  "maxPS": 0.7753,
  "medianPS": 0.45,
  "hienTaiPS": 0.42336273032356536
}