{
  "minPB": 0.948,
  "maxPB": 1.3085,
  "medianPB": 1.1,
  "hienTaiPB": 1.3084742947865926,
  "minPE": 41.8649,
  "maxPE": 71.2194,
  "medianPE": 48.72,
  "hienTaiPE": 71.21937751314147,
  "minPS": 0.6958,
  "maxPS": 253.4678,
  "medianPS": 1.32,
  "hienTaiPS": 2.517558796147906
}