{
  "minPB": 0.4355,
  "maxPB": 1.0802,
  "medianPB": 0.69,
  "hienTaiPB": 1.3084742947865926,
  "minPE": -1832.1968,
  "maxPE": 398.5123,
  "medianPE": 13.42,
  "hienTaiPE": 71.21937751314147,
  "minPS": 0.6706,
  "maxPS": 2.2246,
  "medianPS": 1.33,
  "hienTaiPS": 2.517558796147906
}