{
  "minPB": 0.4355,
  "maxPB": 1.0855,
  "medianPB": 0.69,
  "hienTaiPB": 1.3076019785900683,
  "minPE": -1832.1968,
  "maxPE": 398.5123,
  "medianPE": 13.42,
  "hienTaiPE": 71.17189792813271,
  "minPS": 0.6706,
  "maxPS": 2.2307,
  "medianPS": 1.33,
  "hienTaiPS": 2.515880423617141
}