{
  "minPB": 0.948,
  "maxPB": 1.3085,
  "medianPB": 1.1,
  "hienTaiPB": 1.2648584849603728,
  "minPE": 41.8649,
  "maxPE": 71.2194,
  "medianPE": 48.72,
  "hienTaiPE": 68.84539826270343,
  "minPS": 0.6958,
  "maxPS": 253.4678,
  "medianPS": 1.32,
  "hienTaiPS": 2.433640169609643
}