{
  "minPB": 0.4834,
  "maxPB": 1.6251,
  "medianPB": 0.72,
  "hienTaiPB": 0.6934507658387701,
  "minPE": -69.9461,
  "maxPE": 66.5792,
  "medianPE": 9.93,
  "hienTaiPE": 14.744826814109903,
  "minPS": 0.037,
  "maxPS": 0.1557,
  "medianPS": 0.07,
  "hienTaiPS": 0.051468344002036
}