{
  "minPB": 0.4834,
  "maxPB": 1.6251,
  "medianPB": 0.72,
  "hienTaiPB": 0.7019074824953404,
  "minPE": -69.9461,
  "maxPE": 66.3682,
  "medianPE": 9.93,
  "hienTaiPE": 14.924641775257584,
  "minPS": 0.037,
  "maxPS": 0.155,
  "medianPS": 0.07,
  "hienTaiPS": 0.05209600673376815
}