{
  "minPB": 0.7827,
  "maxPB": 3.9517,
  "medianPB": 1.84,
  "hienTaiPB": 1.4252153993248764,
  "minPE": 2.5434,
  "maxPE": 14.6225,
  "medianPE": 7.43,
  "hienTaiPE": 10.900053030422846,
  "minPS": 0.0758,
  "maxPS": 0.8946,
  "medianPS": 0.59,
  "hienTaiPS": 0.6252374973934751
}