{
  "minPB": 0.7827,
  "maxPB": 3.9517,
  "medianPB": 1.85,
  "hienTaiPB": 1.4440924244814972,
  "minPE": 2.5434,
  "maxPE": 14.6225,
  "medianPE": 7.43,
  "hienTaiPE": 11.044424593739704,
  "minPS": 0.0758,
  "maxPS": 0.8923,
  "medianPS": 0.6,
  "hienTaiPS": 0.63351878874968
}