{
  "minPB": 0.7827,
  "maxPB": 3.9517,
  "medianPB": 1.85,
  "hienTaiPB": 1.4370135400477644,
  "minPE": 2.5434,
  "maxPE": 14.6225,
  "medianPE": 7.43,
  "hienTaiPE": 10.990285257495882,
  "minPS": 0.0758,
  "maxPS": 0.8946,
  "medianPS": 0.59,
  "hienTaiPS": 0.6304133044911032
}