{
  "minPB": 0.7827,
  "maxPB": 3.9517,
  "medianPB": 1.85,
  "hienTaiPB": 1.4134172586019884,
  "minPE": 2.5434,
  "maxPE": 14.6225,
  "medianPE": 7.43,
  "hienTaiPE": 10.809820803349808,
  "minPS": 0.0758,
  "maxPS": 0.8946,
  "medianPS": 0.59,
  "hienTaiPS": 0.620061690295847
}