{
  "minPB": 0.7827,
  "maxPB": 3.9517,
  "medianPB": 1.84,
  "hienTaiPB": 1.4488116807706526,
  "minPE": 2.5434,
  "maxPE": 14.6225,
  "medianPE": 7.44,
  "hienTaiPE": 11.080517484568919,
  "minPS": 0.0758,
  "maxPS": 0.8946,
  "medianPS": 0.59,
  "hienTaiPS": 0.6355891115887313
}