{
  "minPB": 0.7827,
  "maxPB": 3.9517,
  "medianPB": 1.85,
  "hienTaiPB": 1.4653290777826957,
  "minPE": 2.5434,
  "maxPE": 14.6225,
  "medianPE": 7.42,
  "hienTaiPE": 11.206842602471172,
  "minPS": 0.0758,
  "maxPS": 0.8923,
  "medianPS": 0.6,
  "hienTaiPS": 0.6428352415254106
}