{
  "minPB": 0.7827,
  "maxPB": 3.9517,
  "medianPB": 1.85,
  "hienTaiPB": 1.427575027469454,
  "minPE": 2.5434,
  "maxPE": 14.6225,
  "medianPE": 7.43,
  "hienTaiPE": 10.918099475837453,
  "minPS": 0.0758,
  "maxPS": 0.8923,
  "medianPS": 0.6,
  "hienTaiPS": 0.6262726588130006
}