{
  "minPB": 0.2249,
  "maxPB": 1.7188,
  "medianPB": 0.5,
  "hienTaiPB": 0.4246973747384267,
  "minPE": -63.7274,
  "maxPE": 90.206,
  "medianPE": 2.89,
  "hienTaiPE": 8.268014640140684,
  "minPS": 0.1865,
  "maxPS": 14.6844,
  "medianPS": 0.63,
  "hienTaiPS": 4120.722152075428
}