{
  "minPB": 0.2232,
  "maxPB": 1.7264,
  "medianPB": 0.5,
  "hienTaiPB": 0.3923556908906107,
  "minPE": -63.7274,
  "maxPE": 92.1459,
  "medianPE": 2.89,
  "hienTaiPE": 7.638386270751214,
  "minPS": 0.1865,
  "maxPS": 14.6844,
  "medianPS": 0.63,
  "hienTaiPS": 3806.919663540626
}