{
  "minPB": 0.2249,
  "maxPB": 1.7188,
  "medianPB": 0.5,
  "hienTaiPB": 0.48512525771724097,
  "minPE": -63.7274,
  "maxPE": 90.206,
  "medianPE": 2.89,
  "hienTaiPE": 9.444425540842065,
  "minPS": 0.1865,
  "maxPS": 14.7167,
  "medianPS": 0.63,
  "hienTaiPS": 4707.037328022032
}