{
  "minPB": 0.2232,
  "maxPB": 1.7264,
  "medianPB": 0.5,
  "hienTaiPB": 0.39150459394724707,
  "minPE": -63.7274,
  "maxPE": 92.1459,
  "medianPE": 2.88,
  "hienTaiPE": 7.621817103135702,
  "minPS": 0.1865,
  "maxPS": 14.7167,
  "medianPS": 0.68,
  "hienTaiPS": 3798.661703316026
}