{
  "minPB": 0.2249,
  "maxPB": 1.7188,
  "medianPB": 0.5,
  "hienTaiPB": 0.4919340332641496,
  "minPE": -63.7274,
  "maxPE": 90.206,
  "medianPE": 2.9,
  "hienTaiPE": 9.576978881766165,
  "minPS": 0.1865,
  "maxPS": 14.7167,
  "medianPS": 0.63,
  "hienTaiPS": 4773.101009818833
}