{
  "minPB": 0.2249,
  "maxPB": 1.7188,
  "medianPB": 0.5,
  "hienTaiPB": 0.45363467081278847,
  "minPE": -63.7274,
  "maxPE": 90.206,
  "medianPE": 2.89,
  "hienTaiPE": 8.831366339068106,
  "minPS": 0.1865,
  "maxPS": 14.7167,
  "medianPS": 0.63,
  "hienTaiPS": 4401.49279971183
}