{
  "minPB": 0.2241,
  "maxPB": 1.7226,
  "medianPB": 0.5,
  "hienTaiPB": 0.39746227255079214,
  "minPE": -63.7274,
  "maxPE": 91.176,
  "medianPE": 2.89,
  "hienTaiPE": 7.737801276444289,
  "minPS": 0.1865,
  "maxPS": 14.6844,
  "medianPS": 0.63,
  "hienTaiPS": 3856.467424888226
}