{
  "minPB": 0.2232,
  "maxPB": 1.7264,
  "medianPB": 0.5,
  "hienTaiPB": 0.39831336949415574,
  "minPE": -63.7274,
  "maxPE": 92.1459,
  "medianPE": 2.88,
  "hienTaiPE": 7.754370444059801,
  "minPS": 0.1865,
  "maxPS": 14.8219,
  "medianPS": 0.68,
  "hienTaiPS": 3864.725385112826
}