{
  "minPB": 0.2542,
  "maxPB": 1.3452,
  "medianPB": 0.82,
  "hienTaiPB": 1.7834418157877348,
  "minPE": -23.3674,
  "maxPE": 46.8445,
  "medianPE": 3.14,
  "hienTaiPE": -1.1578,
  "minPS": 0.0302,
  "maxPS": 0.3429,
  "medianPS": 0.11,
  "hienTaiPS": 0.15393371176546633
}