{
  "minPB": 0.0002,
  "maxPB": 0.7989,
  "medianPB": 0.06,
  "hienTaiPB": 0.016426943685802217,
  "minPE": 0.0111,
  "maxPE": 7.4124,
  "medianPE": 0.24,
  "hienTaiPE": 0.06665606269449635,
  "minPS": 0.0012,
  "maxPS": 0.0273,
  "medianPS": 0.01,
  "hienTaiPS": 0.007164474175774977
}