{
  "minPB": 0.6562,
  "maxPB": 2.2687,
  "medianPB": 1.01,
  "hienTaiPB": 1.1633908486651254,
  "minPE": -28.387,
  "maxPE": 69.3243,
  "medianPE": 10.31,
  "hienTaiPE": 8.562682679703874,
  "minPS": 0,
  "maxPS": 1.0238,
  "medianPS": 0.39,
  "hienTaiPS": 0.8340671011623012
}