{
  "minPB": 0.6562,
  "maxPB": 2.2687,
  "medianPB": 1.01,
  "hienTaiPB": 1.1229250800159036,
  "minPE": -28.387,
  "maxPE": 69.3243,
  "medianPE": 10.31,
  "hienTaiPE": 8.264850238670695,
  "minPS": 0.3098,
  "maxPS": 1.0732,
  "medianPS": 0.51,
  "hienTaiPS": 0.8050560715566559
}