{
  "minPB": 0.6562,
  "maxPB": 2.2687,
  "medianPB": 1.01,
  "hienTaiPB": 1.1836237329897363,
  "minPE": -28.387,
  "maxPE": 69.3243,
  "medianPE": 10.3,
  "hienTaiPE": 8.711598900220462,
  "minPS": 0,
  "maxPS": 1.0238,
  "medianPS": 0.39,
  "hienTaiPS": 0.8485726159651238
}