{
  "minPB": 0.6562,
  "maxPB": 2.2687,
  "medianPB": 1.01,
  "hienTaiPB": 1.1431579643405145,
  "minPE": -28.387,
  "maxPE": 69.3243,
  "medianPE": 10.31,
  "hienTaiPE": 8.413766459187284,
  "minPS": 0.3096,
  "maxPS": 1.0868,
  "medianPS": 0.5,
  "hienTaiPS": 0.8195615863594786
}