{
  "minPB": 0.6562,
  "maxPB": 2.2687,
  "medianPB": 1.01,
  "hienTaiPB": 1.1279833010970564,
  "minPE": -28.387,
  "maxPE": 69.3243,
  "medianPE": 10.31,
  "hienTaiPE": 8.302079293799842,
  "minPS": 0.3098,
  "maxPS": 1.0732,
  "medianPS": 0.51,
  "hienTaiPS": 0.8086824502573616
}