{
  "minPB": 0.2025,
  "maxPB": 1.6734,
  "medianPB": 0.47,
  "hienTaiPB": 0.6283522129331849,
  "minPE": -193.9155,
  "maxPE": 387.4453,
  "medianPE": 9.86,
  "hienTaiPE": -5.4844,
  "minPS": 0.3442,
  "maxPS": 210.2193,
  "medianPS": 3.72,
  "hienTaiPS": 1.006163734359477
}