{
  "minPB": 0.2025,
  "maxPB": 1.6639,
  "medianPB": 0.47,
  "hienTaiPB": 0.6260505564755541,
  "minPE": -193.9155,
  "maxPE": 387.4453,
  "medianPE": 9.65,
  "hienTaiPE": -5.5871,
  "minPS": 0.3442,
  "maxPS": 210.2193,
  "medianPS": 3.68,
  "hienTaiPS": 1.0024781529149367
}