{
  "minPB": 0.2025,
  "maxPB": 1.6734,
  "medianPB": 0.47,
  "hienTaiPB": 0.6145422741874006,
  "minPE": -193.9155,
  "maxPE": 387.4453,
  "medianPE": 10.06,
  "hienTaiPE": -5.4433,
  "minPS": 0.3442,
  "maxPS": 210.2193,
  "medianPS": 3.72,
  "hienTaiPS": 0.9840502456922355
}