{
  "minPB": 0.2025,
  "maxPB": 1.6734,
  "medianPB": 0.47,
  "hienTaiPB": 0.635257182306077,
  "minPE": -193.9155,
  "maxPE": 387.4453,
  "medianPE": 9.65,
  "hienTaiPE": -5.6076,
  "minPS": 0.3442,
  "maxPS": 210.2193,
  "medianPS": 3.7,
  "hienTaiPS": 1.0172204786930974
}