{
  "minPB": 0.2025,
  "maxPB": 1.6734,
  "medianPB": 0.47,
  "hienTaiPB": 0.6076373048145084,
  "minPE": -193.9155,
  "maxPE": 387.4454,
  "medianPE": 10.27,
  "hienTaiPE": -5.3817,
  "minPS": 0.3442,
  "maxPS": 204.6872,
  "medianPS": 3.45,
  "hienTaiPS": 0.972993501358615
}