{
  "minPB": 0.3044,
  "maxPB": 1.6714,
  "medianPB": 0.43,
  "hienTaiPB": 0.4851278535012505,
  "minPE": -10.9599,
  "maxPE": 242.0819,
  "medianPE": 6.29,
  "hienTaiPE": 12.266138528955704,
  "minPS": 0.0798,
  "maxPS": 0.4433,
  "medianPS": 0.12,
  "hienTaiPS": 0.12390779389812225
}