{
  "minPB": 0,
  "maxPB": 1.5742,
  "medianPB": 0.41,
  "hienTaiPB": 0.4965426265248093,
  "minPE": -9.864,
  "maxPE": 219.6773,
  "medianPE": 6.05,
  "hienTaiPE": 12.554753553166426,
  "minPS": 0,
  "maxPS": 0.4344,
  "medianPS": 0.12,
  "hienTaiPS": 0.12682327140160748
}