{
  "minPB": 0.8278,
  "maxPB": 1.5424,
  "medianPB": 1.35,
  "hienTaiPB": 0.985120397099659,
  "minPE": 7.3045,
  "maxPE": 18.7994,
  "medianPE": 15.87,
  "hienTaiPE": 8.825384838738984,
  "minPS": 0.0539,
  "maxPS": 0.6338,
  "medianPS": 0.12,
  "hienTaiPS": 0.7488360928784794
}