{
  "minPB": 0.1941,
  "maxPB": 1.4287,
  "medianPB": 0.47,
  "hienTaiPB": 0.8835831845167099,
  "minPE": -2.5532,
  "maxPE": 763.2381,
  "medianPE": 17.76,
  "hienTaiPE": 7.915744779376045,
  "minPS": 0.0539,
  "maxPS": 0.6661,
  "medianPS": 0.12,
  "hienTaiPS": 0.6716529081873038
}