{
  "minPB": 0.8278,
  "maxPB": 1.5424,
  "medianPB": 1.35,
  "hienTaiPB": 0.9928772506201288,
  "minPE": 7.3045,
  "maxPE": 18.7994,
  "medianPE": 15.88,
  "hienTaiPE": 8.894876057941653,
  "minPS": 0.0539,
  "maxPS": 0.6288,
  "medianPS": 0.12,
  "hienTaiPS": 0.7547324400664989
}