{
  "minPB": 0.1941,
  "maxPB": 1.4287,
  "medianPB": 0.47,
  "hienTaiPB": 0.9773635435791893,
  "minPE": -2.5532,
  "maxPE": 763.2381,
  "medianPE": 17.76,
  "hienTaiPE": 8.755893619536316,
  "minPS": 0.0539,
  "maxPS": 0.6705,
  "medianPS": 0.12,
  "hienTaiPS": 0.7429397456904598
}