{
  "minPB": 0.1941,
  "maxPB": 1.4287,
  "medianPB": 0.47,
  "hienTaiPB": 0.9579714097780149,
  "minPE": -2.5532,
  "maxPE": 763.2381,
  "medianPE": 17.76,
  "hienTaiPE": 8.582165571529643,
  "minPS": 0.0539,
  "maxPS": 0.665,
  "medianPS": 0.12,
  "hienTaiPS": 0.728198877720411
}