{
  "minPB": 0.3906,
  "maxPB": 0.4161,
  "medianPB": 0.4,
  "hienTaiPB": 0.390551607488525,
  "minPE": -20.1171,
  "maxPE": -19.1211,
  "medianPE": -19.2,
  "hienTaiPE": 343.9431,
  "minPS": 0.1177,
  "maxPS": 0.967,
  "medianPS": 0.5,
  "hienTaiPS": 0.6085940125886262
}