{
  "minPB": 0.3355,
  "maxPB": 1.2389,
  "medianPB": 0.48,
  "hienTaiPB": 0.4201358917557808,
  "minPE": -873.9943,
  "maxPE": 573.3856,
  "medianPE": -11.4,
  "hienTaiPE": 363.6338,
  "minPS": 0.1107,
  "maxPS": 0.9713,
  "medianPS": 0.48,
  "hienTaiPS": 0.6546950090422147
}