{
  "minPB": 0.3346,
  "maxPB": 1.2525,
  "medianPB": 0.48,
  "hienTaiPB": 0.4092004467461021,
  "minPE": -876.8557,
  "maxPE": 574.3153,
  "medianPE": -11.5,
  "hienTaiPE": 355.9811,
  "minPS": 0.1111,
  "maxPS": 0.9729,
  "medianPS": 0.48,
  "hienTaiPS": 0.6376543766897331
}