{
  "minPB": 0.3355,
  "maxPB": 1.2389,
  "medianPB": 0.48,
  "hienTaiPB": 0.4129106870172431,
  "minPE": -875.425,
  "maxPE": 573.8504,
  "medianPE": -11.45,
  "hienTaiPE": 360.3664,
  "minPS": 0.111,
  "maxPS": 0.9713,
  "medianPS": 0.48,
  "hienTaiPS": 0.6434360198093251
}