{
  "minPB": 0.0152,
  "maxPB": 1.2136,
  "medianPB": 0.09,
  "hienTaiPB": 1.0000418426306217,
  "minPE": 0.161,
  "maxPE": 8.7018,
  "medianPE": 0.7,
  "hienTaiPE": 5.231138919536514,
  "minPS": 0.0009,
  "maxPS": 0.0554,
  "medianPS": 0,
  "hienTaiPS": 0.05375240230216587
}