{
  "minPB": 0.0152,
  "maxPB": 1.2136,
  "medianPB": 0.09,
  "hienTaiPB": 1.0857597148561033,
  "minPE": 0.161,
  "maxPE": 8.7018,
  "medianPE": 0.7,
  "hienTaiPE": 5.679522255496787,
  "minPS": 0.0009,
  "maxPS": 0.0564,
  "medianPS": 0,
  "hienTaiPS": 0.05835975107092295
}