{
  "minPB": 0.0153,
  "maxPB": 1.2136,
  "medianPB": 0.09,
  "hienTaiPB": 1.0400435163358464,
  "minPE": 0.161,
  "maxPE": 8.7018,
  "medianPE": 0.7,
  "hienTaiPE": 5.440384476317974,
  "minPS": 0.0009,
  "maxPS": 0.0551,
  "medianPS": 0,
  "hienTaiPS": 0.05590249839425251
}