{
  "minPB": 0.0152,
  "maxPB": 1.2136,
  "medianPB": 0.09,
  "hienTaiPB": 1.0286144667057822,
  "minPE": 0.161,
  "maxPE": 8.7018,
  "medianPE": 0.7,
  "hienTaiPE": 5.380600031523271,
  "minPS": 0.0009,
  "maxPS": 0.0551,
  "medianPS": 0,
  "hienTaiPS": 0.0552881852250849
}