{
  "minPB": 0.265,
  "maxPB": 1.1326,
  "medianPB": 0.45,
  "hienTaiPB": 0.5826304555681114,
  "minPE": -16.282,
  "maxPE": 3156.1666,
  "medianPE": 8.58,
  "hienTaiPE": -8.2511,
  "minPS": 0.9451,
  "maxPS": 357.0889,
  "medianPS": 7.55,
  "hienTaiPS": 0.8848512
}