{
  "minPB": 0.6212,
  "maxPB": 2.8826,
  "medianPB": 0.99,
  "hienTaiPB": 1.9632059538176068,
  "minPE": -25.0143,
  "maxPE": 210.7427,
  "medianPE": 5.28,
  "hienTaiPE": 56.40795358854056,
  "minPS": 0.3539,
  "maxPS": 20.292,
  "medianPS": 2.05,
  "hienTaiPS": 2.8265396459921925
}