{
  "minPB": 0.6212,
  "maxPB": 2.8826,
  "medianPB": 0.99,
  "hienTaiPB": 1.9979789095072598,
  "minPE": -25.0143,
  "maxPE": 210.7427,
  "medianPE": 5.27,
  "hienTaiPE": 57.220748308836534,
  "minPS": 0.3539,
  "maxPS": 20.292,
  "medianPS": 2.05,
  "hienTaiPS": 2.8672678829661433
}