{
  "minPB": 0.6212,
  "maxPB": 2.8826,
  "medianPB": 0.99,
  "hienTaiPB": 1.963922450822477,
  "minPE": -25.0143,
  "maxPE": 210.7427,
  "medianPE": 5.27,
  "hienTaiPE": 56.245394644481365,
  "minPS": 0.3539,
  "maxPS": 20.292,
  "medianPS": 2.04,
  "hienTaiPS": 2.8183939985974025
}