{
  "minPB": 0.6212,
  "maxPB": 2.8826,
  "medianPB": 0.99,
  "hienTaiPB": 1.8617530747681286,
  "minPE": -25.0143,
  "maxPE": 210.7427,
  "medianPE": 5.26,
  "hienTaiPE": 53.31933365141586,
  "minPS": 0.3539,
  "maxPS": 20.5102,
  "medianPS": 2,
  "hienTaiPS": 2.671772345491179
}