{
  "minPB": 0.6212,
  "maxPB": 2.8826,
  "medianPB": 0.99,
  "hienTaiPB": 1.9292600295441036,
  "minPE": -25.0143,
  "maxPE": 210.7427,
  "medianPE": 5.28,
  "hienTaiPE": 50.70417778075256,
  "minPS": 0.3539,
  "maxPS": 20.292,
  "medianPS": 2.05,
  "hienTaiPS": 2.7776657616234517
}