{
  "minPB": 0.3684,
  "maxPB": 2.4921,
  "medianPB": 0.9,
  "hienTaiPB": 0.9396652447695063,
  "minPE": -35.1271,
  "maxPE": 138.7211,
  "medianPE": 10.14,
  "hienTaiPE": 268.3134864910711,
  "minPS": 0.106,
  "maxPS": 0.9967,
  "medianPS": 0.22,
  "hienTaiPS": 0.29593255230656645
}