{
  "minPB": 0.3684,
  "maxPB": 2.4921,
  "medianPB": 0.9,
  "hienTaiPB": 0.9570664530059786,
  "minPE": -35.1271,
  "maxPE": 140.6334,
  "medianPE": 10.14,
  "hienTaiPE": 273.28225475942423,
  "minPS": 0.106,
  "maxPS": 0.9967,
  "medianPS": 0.22,
  "hienTaiPS": 0.30141278475668803
}