{
  "minPB": 0.3684,
  "maxPB": 2.4921,
  "medianPB": 0.9,
  "hienTaiPB": 0.9657670571242147,
  "minPE": -35.1271,
  "maxPE": 141.3889,
  "medianPE": 10.16,
  "hienTaiPE": 275.7666388936008,
  "minPS": 0.1063,
  "maxPS": 1.2371,
  "medianPS": 0.23,
  "hienTaiPS": 0.30415290098174885
}