{
  "minPB": 0,
  "maxPB": 2.453,
  "medianPB": 0.87,
  "hienTaiPB": 0.9831682653606871,
  "minPE": -32.6275,
  "maxPE": 138.0764,
  "medianPE": 9.06,
  "hienTaiPE": 280.735407161954,
  "minPS": 0,
  "maxPS": 1.2194,
  "medianPS": 0.21,
  "hienTaiPS": 0.30963313343187043
}