{
  "minPB": 0,
  "maxPB": 2.453,
  "medianPB": 0.87,
  "hienTaiPB": 0.9918688694789233,
  "minPE": -32.6275,
  "maxPE": 140.055,
  "medianPE": 9.07,
  "hienTaiPE": 283.2197912961306,
  "minPS": 0,
  "maxPS": 1.2194,
  "medianPS": 0.21,
  "hienTaiPS": 0.31237324965693125
}