{
  "minPB": 0.3684,
  "maxPB": 2.4921,
  "medianPB": 0.9,
  "hienTaiPB": 0.9483658488877424,
  "minPE": -35.1271,
  "maxPE": 140.055,
  "medianPE": 10.14,
  "hienTaiPE": 270.7978706252477,
  "minPS": 0.106,
  "maxPS": 0.9967,
  "medianPS": 0.22,
  "hienTaiPS": 0.2986726685316273
}