{
  "minPB": 0,
  "maxPB": 2.453,
  "medianPB": 0.87,
  "hienTaiPB": 0.974467661242451,
  "minPE": -32.6275,
  "maxPE": 140.6334,
  "medianPE": 9.07,
  "hienTaiPE": 278.2510230277774,
  "minPS": 0,
  "maxPS": 1.2194,
  "medianPS": 0.21,
  "hienTaiPS": 0.30689301720680967
}