{
  "minPB": 0.3268,
  "maxPB": 4.6389,
  "medianPB": 0.95,
  "hienTaiPB": 0.8179571594238262,
  "minPE": -218.7778,
  "maxPE": 2846.0782,
  "medianPE": 12.63,
  "hienTaiPE": 18.573258854084948,
  "minPS": 0.6171,
  "maxPS": 3.3069,
  "medianPS": 1.43,
  "hienTaiPS": 1.3914866078643406
}