{
  "minPB": 0.3268,
  "maxPB": 4.619,
  "medianPB": 0.95,
  "hienTaiPB": 0.8566562078266738,
  "minPE": -217.7863,
  "maxPE": 2824.6791,
  "medianPE": 12.64,
  "hienTaiPE": 19.45199368159004,
  "minPS": 0.6241,
  "maxPS": 3.3431,
  "medianPS": 1.44,
  "hienTaiPS": 1.457320382860073
}