{
  "minPB": 0.3268,
  "maxPB": 4.619,
  "medianPB": 0.95,
  "hienTaiPB": 0.870728589064073,
  "minPE": -217.7863,
  "maxPE": 2824.6791,
  "medianPE": 12.65,
  "hienTaiPE": 19.77153361886462,
  "minPS": 0.6241,
  "maxPS": 3.3423,
  "medianPS": 1.44,
  "hienTaiPS": 1.4812599374039754
}