{
  "minPB": 0.3268,
  "maxPB": 4.6389,
  "medianPB": 0.95,
  "hienTaiPB": 0.8232343023878509,
  "minPE": -218.7778,
  "maxPE": 2846.0782,
  "medianPE": 12.63,
  "hienTaiPE": 18.693086330562913,
  "minPS": 0.6171,
  "maxPS": 3.3069,
  "medianPS": 1.43,
  "hienTaiPS": 1.4004639408183042
}