{
  "minPB": 0.4889,
  "maxPB": 2.19,
  "medianPB": 0.65,
  "hienTaiPB": 0.5971813443196694,
  "minPE": -233.719,
  "maxPE": 663.9202,
  "medianPE": 16.18,
  "hienTaiPE": 24.08421561361084,
  "minPS": 0.0497,
  "maxPS": 0.3619,
  "medianPS": 0.08,
  "hienTaiPS": 0.056688054564978704
}