{
  "minPB": 0.4704,
  "maxPB": 2.1542,
  "medianPB": 0.65,
  "hienTaiPB": 0.6133213806526334,
  "minPE": -233.719,
  "maxPE": 656.7813,
  "medianPE": 15.96,
  "hienTaiPE": 24.73514035992465,
  "minPS": 0.0482,
  "maxPS": 0.481,
  "medianPS": 0.08,
  "hienTaiPS": 0.058220164147815966
}