{
  "minPB": 0.4704,
  "maxPB": 2.1542,
  "medianPB": 0.65,
  "hienTaiPB": 0.6213913988191154,
  "minPE": -233.719,
  "maxPE": 656.7813,
  "medianPE": 16.05,
  "hienTaiPE": 25.060602733081552,
  "minPS": 0.0482,
  "maxPS": 0.481,
  "medianPS": 0.08,
  "hienTaiPS": 0.0589862189392346
}