{
  "minPB": 0.4889,
  "maxPB": 2.19,
  "medianPB": 0.65,
  "hienTaiPB": 0.6052513624861514,
  "minPE": -233.719,
  "maxPE": 663.9202,
  "medianPE": 16.18,
  "hienTaiPE": 24.409677986767747,
  "minPS": 0.0497,
  "maxPS": 0.3619,
  "medianPS": 0.08,
  "hienTaiPS": 0.05745410935639734
}