{
  "minPB": 0.4889,
  "maxPB": 2.19,
  "medianPB": 0.65,
  "hienTaiPB": 0.5891113261531874,
  "minPE": -233.719,
  "maxPE": 663.9202,
  "medianPE": 16.18,
  "hienTaiPE": 23.758753240453938,
  "minPS": 0.0497,
  "maxPS": 0.3619,
  "medianPS": 0.08,
  "hienTaiPS": 0.05592199977356008
}