{
  "minPB": 0.1756,
  "maxPB": 0.2458,
  "medianPB": 0.21,
  "hienTaiPB": 0.2247579158135256,
  "minPE": -0.9397,
  "maxPE": -0.6226,
  "medianPE": -0.81,
  "hienTaiPE": -0.6226,
  "minPS": 0.3059,
  "maxPS": 81.8685,
  "medianPS": 0.68,
  "hienTaiPS": 0.736646084472418
}