{
  "minPB": 0.5951,
  "maxPB": 1.6634,
  "medianPB": 1.05,
  "hienTaiPB": 2.1584033264199074,
  "minPE": 7.8466,
  "maxPE": 19.2153,
  "medianPE": 12.24,
  "hienTaiPE": 19.871097571791676,
  "minPS": 0.668,
  "maxPS": 2.7583,
  "medianPS": 1.61,
  "hienTaiPS": 2.6222896775826863
}