{
  "minPB": 0.5951,
  "maxPB": 1.6714,
  "medianPB": 1.05,
  "hienTaiPB": 2.0489190997174482,
  "minPE": 7.8466,
  "maxPE": 19.2153,
  "medianPE": 12.25,
  "hienTaiPE": 18.863143347135576,
  "minPS": 0.6696,
  "maxPS": 3.6299,
  "medianPS": 1.62,
  "hienTaiPS": 2.48927498379226
}