{
  "minPB": 0,
  "maxPB": 1.6634,
  "medianPB": 0.99,
  "hienTaiPB": 2.1271221187906333,
  "minPE": 0,
  "maxPE": 18.9532,
  "medianPE": 11.72,
  "hienTaiPE": 19.58311065046136,
  "minPS": 0,
  "maxPS": 3.3273,
  "medianPS": 1.25,
  "hienTaiPS": 2.58428547935685
}