{
  "minPB": 0,
  "maxPB": 1.6634,
  "medianPB": 0.99,
  "hienTaiPB": 2.108353394213069,
  "minPE": 0,
  "maxPE": 18.9532,
  "medianPE": 11.72,
  "hienTaiPE": 19.410318497663173,
  "minPS": 0,
  "maxPS": 3.3273,
  "medianPS": 1.26,
  "hienTaiPS": 2.5614829604213485
}