{
  "minPB": 0,
  "maxPB": 1.6584,
  "medianPB": 0.99,
  "hienTaiPB": 2.092712790398432,
  "minPE": 0,
  "maxPE": 18.9532,
  "medianPE": 11.72,
  "hienTaiPE": 19.266325036998015,
  "minPS": 0,
  "maxPS": 3.3273,
  "medianPS": 1.25,
  "hienTaiPS": 2.54248086130843
}