{
  "minPB": 0,
  "maxPB": 1.6584,
  "medianPB": 0.99,
  "hienTaiPB": 2.08332842810965,
  "minPE": 0,
  "maxPE": 18.9532,
  "medianPE": 11.72,
  "hienTaiPE": 19.17992896059892,
  "minPS": 0,
  "maxPS": 3.3273,
  "medianPS": 1.25,
  "hienTaiPS": 2.5310796018406796
}