{
  "minPB": 0.5951,
  "maxPB": 1.6681,
  "medianPB": 1.05,
  "hienTaiPB": 2.123993998027706,
  "minPE": 7.8466,
  "maxPE": 19.2153,
  "medianPE": 12.25,
  "hienTaiPE": 19.55431195832833,
  "minPS": 0.668,
  "maxPS": 2.7583,
  "medianPS": 1.61,
  "hienTaiPS": 2.5804850595342663
}