{
  "minPB": 0.5951,
  "maxPB": 1.6648,
  "medianPB": 1.05,
  "hienTaiPB": 2.0895846696355047,
  "minPE": 7.8466,
  "maxPE": 19.2153,
  "medianPE": 12.24,
  "hienTaiPE": 19.237526344864982,
  "minPS": 0.668,
  "maxPS": 2.7583,
  "medianPS": 1.61,
  "hienTaiPS": 2.538680441485847
}