{
  "minPB": 0.5951,
  "maxPB": 1.6681,
  "medianPB": 1.05,
  "hienTaiPB": 2.108353394213069,
  "minPE": 7.8466,
  "maxPE": 19.2258,
  "medianPE": 12.25,
  "hienTaiPE": 19.410318497663173,
  "minPS": 0.668,
  "maxPS": 2.7583,
  "medianPS": 1.61,
  "hienTaiPS": 2.5614829604213485
}