{
  "minPB": 0,
  "maxPB": 1.6681,
  "medianPB": 0.99,
  "hienTaiPB": 2.0645597035320855,
  "minPE": 0,
  "maxPE": 18.9532,
  "medianPE": 11.73,
  "hienTaiPE": 19.007136807800734,
  "minPS": 0,
  "maxPS": 3.3273,
  "medianPS": 1.26,
  "hienTaiPS": 2.508277082905178
}