{
  "minPB": 1.1817,
  "maxPB": 1.3842,
  "medianPB": 1.21,
  "hienTaiPB": 1.3841631702046355,
  "minPE": -41.0951,
  "maxPE": -34.8361,
  "medianPE": -35.75,
  "hienTaiPE": -41.0951,
  "minPS": 0.2096,
  "maxPS": 572.5386,
  "medianPS": 11.68,
  "hienTaiPS": 437.1977226124209
}