{
  "minPB": 0.2388,
  "maxPB": 2.5357,
  "medianPB": 0.48,
  "hienTaiPB": 1.3841631702046355,
  "minPE": -108.1973,
  "maxPE": 291.7536,
  "medianPE": -1.84,
  "hienTaiPE": -43.897,
  "minPS": 0.1673,
  "maxPS": 609.4766,
  "medianPS": 9.34,
  "hienTaiPS": 437.1977226124209
}