{
  "minPB": 0.2388,
  "maxPB": 2.5357,
  "medianPB": 0.48,
  "hienTaiPB": 1.478537931809497,
  "minPE": -108.1973,
  "maxPE": 291.7536,
  "medianPE": -1.84,
  "hienTaiPE": -42.029,
  "minPS": 0.1673,
  "maxPS": 609.4766,
  "medianPS": 9.34,
  "hienTaiPS": 467.00665824508593
}