{
  "minPB": 0.2388,
  "maxPB": 2.5357,
  "medianPB": 0.48,
  "hienTaiPB": 1.4156214240729228,
  "minPE": -108.1973,
  "maxPE": 291.7536,
  "medianPE": -1.84,
  "hienTaiPE": -42.029,
  "minPS": 0.1673,
  "maxPS": 609.4766,
  "medianPS": 9.3,
  "hienTaiPS": 447.1340344899759
}