{
  "minPB": 1.0408,
  "maxPB": 1.2116,
  "medianPB": 1.07,
  "hienTaiPB": 1.1273829659753145,
  "minPE": 12.8025,
  "maxPE": 25.51,
  "medianPE": 23.27,
  "hienTaiPE": 23.737580880065583,
  "minPS": 0.2385,
  "maxPS": 1.4773,
  "medianPS": 0.41,
  "hienTaiPS": 0.36210965990387645
}