{
  "minPB": 0.5115,
  "maxPB": 1.9253,
  "medianPB": 1,
  "hienTaiPB": 1.1695425227846783,
  "minPE": 3.0808,
  "maxPE": 23.4766,
  "medianPE": 11.41,
  "hienTaiPE": 12.358517133847146,
  "minPS": 0.2434,
  "maxPS": 1.4819,
  "medianPS": 0.41,
  "hienTaiPS": 0.3384000711249625
}