{
  "minPB": 0.5089,
  "maxPB": 1.9314,
  "medianPB": 1,
  "hienTaiPB": 1.127523030948103,
  "minPE": 3.0773,
  "maxPE": 23.5846,
  "medianPE": 11.4,
  "hienTaiPE": 11.914498554187967,
  "minPS": 0.2434,
  "maxPS": 1.4819,
  "medianPS": 0.42,
  "hienTaiPS": 0.3262419847372393
}