{
  "minPB": 1.0408,
  "maxPB": 1.2116,
  "medianPB": 1.07,
  "hienTaiPB": 1.1205197823086739,
  "minPE": 12.8025,
  "maxPE": 25.51,
  "medianPE": 23.27,
  "hienTaiPE": 23.59307330606593,
  "minPS": 0.2385,
  "maxPS": 1.4773,
  "medianPS": 0.41,
  "hienTaiPS": 0.35990524030699605
}