{
  "minPB": 1.0408,
  "maxPB": 1.2116,
  "medianPB": 1.07,
  "hienTaiPB": 1.117228255448142,
  "minPE": 12.8025,
  "maxPE": 25.51,
  "medianPE": 23.26,
  "hienTaiPE": 23.52376865322936,
  "minPS": 0.2385,
  "maxPS": 1.4773,
  "medianPS": 0.41,
  "hienTaiPS": 0.3588480186635943
}