{
  "minPB": 0.2498,
  "maxPB": 1.0703,
  "medianPB": 0.45,
  "hienTaiPB": 0.56751002254629,
  "minPE": 2.3286,
  "maxPE": 455.0657,
  "medianPE": 50.96,
  "hienTaiPE": 49.259497639653894,
  "minPS": 0.098,
  "maxPS": 0.4264,
  "medianPS": 0.15,
  "hienTaiPS": 0.11782323540476031
}