{
  "minPB": 0.2498,
  "maxPB": 1.0703,
  "medianPB": 0.45,
  "hienTaiPB": 0.5838368493487756,
  "minPE": 2.3286,
  "maxPE": 455.0657,
  "medianPE": 50.96,
  "hienTaiPE": 50.676655494825475,
  "minPS": 0.098,
  "maxPS": 0.4264,
  "medianPS": 0.15,
  "hienTaiPS": 0.12121291925409726
}