{
  "minPB": 0.2498,
  "maxPB": 1.0703,
  "medianPB": 0.45,
  "hienTaiPB": 0.5849718693938681,
  "minPE": 2.3286,
  "maxPE": 455.0657,
  "medianPE": 50.96,
  "hienTaiPE": 50.77517449010479,
  "minPS": 0.098,
  "maxPS": 0.4264,
  "medianPS": 0.15,
  "hienTaiPS": 0.12144856572490678
}