{
  "minPB": 0.3868,
  "maxPB": 1.2669,
  "medianPB": 0.71,
  "hienTaiPB": 0.9148906435891092,
  "minPE": 2.9699,
  "maxPE": 15.3176,
  "medianPE": 6.33,
  "hienTaiPE": 8.139030724826416,
  "minPS": 0.3055,
  "maxPS": 1.3503,
  "medianPS": 0.74,
  "hienTaiPS": 0.9426380619067324
}