{
  "minPB": 0.3868,
  "maxPB": 1.2668,
  "medianPB": 0.71,
  "hienTaiPB": 0.9372732893038275,
  "minPE": 2.9698,
  "maxPE": 15.3176,
  "medianPE": 6.33,
  "hienTaiPE": 8.338150742559172,
  "minPS": 0.3052,
  "maxPS": 1.3518,
  "medianPS": 0.74,
  "hienTaiPS": 0.9656995435435943
}