{
  "minPB": 0.3868,
  "maxPB": 1.2669,
  "medianPB": 0.7,
  "hienTaiPB": 0.9512624428755264,
  "minPE": 2.9699,
  "maxPE": 15.3176,
  "medianPE": 6.33,
  "hienTaiPE": 8.462600753642144,
  "minPS": 0.3055,
  "maxPS": 1.3503,
  "medianPS": 0.74,
  "hienTaiPS": 0.9801129695666331
}