{
  "minPB": 0.3868,
  "maxPB": 1.2669,
  "medianPB": 0.71,
  "hienTaiPB": 0.9400711200181673,
  "minPE": 2.9698,
  "maxPE": 15.3176,
  "medianPE": 6.33,
  "hienTaiPE": 8.363040744775766,
  "minPS": 0.3049,
  "maxPS": 1.3532,
  "medianPS": 0.74,
  "hienTaiPS": 0.9685822287482021
}