{
  "minPB": 0,
  "maxPB": 2.5627,
  "medianPB": 0.94,
  "hienTaiPB": 1.2370748109062912,
  "minPE": 0,
  "maxPE": 23.4186,
  "medianPE": 8.51,
  "hienTaiPE": 13.946525483609477,
  "minPS": 0,
  "maxPS": 1.047,
  "medianPS": 0.45,
  "hienTaiPS": 0.6903206025085359
}