{
  "minPB": 0,
  "maxPB": 2.5627,
  "medianPB": 0.94,
  "hienTaiPB": 1.2765177758917092,
  "minPE": 0,
  "maxPE": 23.4186,
  "medianPE": 8.51,
  "hienTaiPE": 14.391197310623113,
  "minPS": 0,
  "maxPS": 1.047,
  "medianPS": 0.45,
  "hienTaiPS": 0.7123308246175037
}