{
  "minPB": 0.4881,
  "maxPB": 2.613,
  "medianPB": 0.98,
  "hienTaiPB": 1.2083890181896235,
  "minPE": 3.0935,
  "maxPE": 23.5956,
  "medianPE": 9.04,
  "hienTaiPE": 13.623127791235923,
  "minPS": 0.1777,
  "maxPS": 1.0535,
  "medianPS": 0.47,
  "hienTaiPS": 0.6743131682474685
}