{
  "minPB": 0.4881,
  "maxPB": 2.613,
  "medianPB": 0.98,
  "hienTaiPB": 1.2334890868167077,
  "minPE": 3.0935,
  "maxPE": 23.5956,
  "medianPE": 9.05,
  "hienTaiPE": 13.906100772062782,
  "minPS": 0.1777,
  "maxPS": 1.053,
  "medianPS": 0.48,
  "hienTaiPS": 0.6883196732259025
}