{
  "minPB": 0.4881,
  "maxPB": 2.613,
  "medianPB": 0.98,
  "hienTaiPB": 1.2048032941000402,
  "minPE": 3.0935,
  "maxPE": 23.5956,
  "medianPE": 9.05,
  "hienTaiPE": 13.58270307968923,
  "minPS": 0.1777,
  "maxPS": 1.0535,
  "medianPS": 0.47,
  "hienTaiPS": 0.6723122389648349
}