{
  "minPB": 0,
  "maxPB": 2.5627,
  "medianPB": 0.94,
  "hienTaiPB": 1.2299033627271243,
  "minPE": 0,
  "maxPE": 23.4186,
  "medianPE": 8.51,
  "hienTaiPE": 13.865676060516089,
  "minPS": 0,
  "maxPS": 1.047,
  "medianPS": 0.45,
  "hienTaiPS": 0.686318743943269
}