{
  "minPB": 0.4881,
  "maxPB": 2.613,
  "medianPB": 0.98,
  "hienTaiPB": 1.1976318459208732,
  "minPE": 3.0935,
  "maxPE": 23.5956,
  "medianPE": 9.04,
  "hienTaiPE": 13.501853656595841,
  "minPS": 0.1777,
  "maxPS": 1.0535,
  "medianPS": 0.47,
  "hienTaiPS": 0.6683103803995681
}