{
  "minPB": 0.3773,
  "maxPB": 2.1605,
  "medianPB": 1.13,
  "hienTaiPB": 1.2243256747053375,
  "minPE": 4.6636,
  "maxPE": 187.7127,
  "medianPE": 9.69,
  "hienTaiPE": 8.635401468444357,
  "minPS": 0.2168,
  "maxPS": 1.0976,
  "medianPS": 0.65,
  "hienTaiPS": 0.800185406821169
}