{
  "minPB": 0.3773,
  "maxPB": 2.1548,
  "medianPB": 1.13,
  "hienTaiPB": 1.208185788221463,
  "minPE": 4.7199,
  "maxPE": 183.7747,
  "medianPE": 9.69,
  "hienTaiPE": 8.521563784302908,
  "minPS": 0.219,
  "maxPS": 1.7709,
  "medianPS": 0.65,
  "hienTaiPS": 0.7896368233037524
}