{
  "minPB": 0.3773,
  "maxPB": 2.1548,
  "medianPB": 1.13,
  "hienTaiPB": 1.2243256747053375,
  "minPE": 4.7199,
  "maxPE": 183.7747,
  "medianPE": 9.69,
  "hienTaiPE": 8.635401468444357,
  "minPS": 0.219,
  "maxPS": 1.7709,
  "medianPS": 0.65,
  "hienTaiPS": 0.800185406821169
}