{
  "minPB": 0.3773,
  "maxPB": 2.1605,
  "medianPB": 1.13,
  "hienTaiPB": 1.2289370708435874,
  "minPE": 4.6636,
  "maxPE": 187.7127,
  "medianPE": 9.69,
  "hienTaiPE": 8.6679265210562,
  "minPS": 0.2168,
  "maxPS": 1.0976,
  "medianPS": 0.64,
  "hienTaiPS": 0.8031992878261451
}