{
  "minPB": 0.3773,
  "maxPB": 2.1548,
  "medianPB": 1.13,
  "hienTaiPB": 1.2151028824288377,
  "minPE": 4.7199,
  "maxPE": 183.7747,
  "medianPE": 9.69,
  "hienTaiPE": 8.570351363220672,
  "minPS": 0.219,
  "maxPS": 1.753,
  "medianPS": 0.65,
  "hienTaiPS": 0.7941576448112166
}