{
  "minPB": 0.3773,
  "maxPB": 2.1577,
  "medianPB": 1.13,
  "hienTaiPB": 1.205880090152338,
  "minPE": 4.6918,
  "maxPE": 185.7437,
  "medianPE": 9.69,
  "hienTaiPE": 8.505301257996985,
  "minPS": 0.219,
  "maxPS": 1.7709,
  "medianPS": 0.65,
  "hienTaiPS": 0.7881298828012644
}