{
  "minPB": 0,
  "maxPB": 8.4106,
  "medianPB": 1.22,
  "hienTaiPB": 4.466988470853076,
  "minPE": -24.3587,
  "maxPE": 58.197,
  "medianPE": -0.9,
  "hienTaiPE": 133.69887769328602,
  "minPS": 0.0792,
  "maxPS": 1.4409,
  "medianPS": 0.32,
  "hienTaiPS": 0.6689224762966408
}