{
  "minPB": 0,
  "maxPB": 8.4106,
  "medianPB": 1.22,
  "hienTaiPB": 4.6903378943957295,
  "minPE": -24.3587,
  "maxPE": 58.197,
  "medianPE": -0.91,
  "hienTaiPE": 140.38382157795033,
  "minPS": 0.0792,
  "maxPS": 1.4409,
  "medianPS": 0.32,
  "hienTaiPS": 0.7023686001114728
}