{
  "minPB": 0,
  "maxPB": 8.4106,
  "medianPB": 1.23,
  "hienTaiPB": 4.243639047310422,
  "minPE": -24.3587,
  "maxPE": 58.197,
  "medianPE": -0.89,
  "hienTaiPE": 127.01393380862173,
  "minPS": 0.0792,
  "maxPS": 1.4409,
  "medianPS": 0.33,
  "hienTaiPS": 0.6354763524818088
}