{
  "minPB": 3.7969,
  "maxPB": 7.4792,
  "medianPB": 6.65,
  "hienTaiPB": 3.7969402002251145,
  "minPE": -5.9157,
  "maxPE": 113.644,
  "medianPE": -5.26,
  "hienTaiPE": 113.64404603929312,
  "minPS": 0.0864,
  "maxPS": 1.7329,
  "medianPS": 0.36,
  "hienTaiPS": 0.5685841048521446
}