{
  "minPB": 3.7969,
  "maxPB": 7.4792,
  "medianPB": 6.54,
  "hienTaiPB": 4.243639047310422,
  "minPE": -5.9157,
  "maxPE": 126.8802,
  "medianPE": -5.17,
  "hienTaiPE": 127.01393380862173,
  "minPS": 0.0864,
  "maxPS": 1.7329,
  "medianPS": 0.36,
  "hienTaiPS": 0.6354763524818088
}