{
  "minPB": 3.7969,
  "maxPB": 7.4792,
  "medianPB": 6.65,
  "hienTaiPB": 4.239172058839569,
  "minPE": -5.9157,
  "maxPE": 113.6441,
  "medianPE": -5.26,
  "hienTaiPE": 126.88023493092844,
  "minPS": 0.0864,
  "maxPS": 1.7329,
  "medianPS": 0.36,
  "hienTaiPS": 0.6348074300055121
}