{
  "minPB": -0.3646,
  "maxPB": -0.3225,
  "medianPB": -0.35,
  "hienTaiPB": -0.3308,
  "minPE": 184.0221,
  "maxPE": 405.3725,
  "medianPE": 200.02,
  "hienTaiPE": 405.37254557701283,
  "minPS": 0.1129,
  "maxPS": 0.6276,
  "medianPS": 0.36,
  "hienTaiPS": 0.13427412997745414
}