{
  "minPB": -0.4077,
  "maxPB": 0,
  "medianPB": 0,
  "hienTaiPB": -0.3446,
  "minPE": -6.737,
  "maxPE": 200.024,
  "medianPE": -1.92,
  "hienTaiPE": 422.26306830938836,
  "minPS": 0.1129,
  "maxPS": 0.6318,
  "medianPS": 0.36,
  "hienTaiPS": 0.1398688853931814
}