{
  "minPB": -0.3646,
  "maxPB": -0.3225,
  "medianPB": -0.35,
  "hienTaiPB": -0.3308,
  "minPE": 184.0221,
  "maxPE": 422.2631,
  "medianPE": 200.02,
  "hienTaiPE": 426.3167937651585,
  "minPS": 0.1129,
  "maxPS": 0.6276,
  "medianPS": 0.36,
  "hienTaiPS": 0.14121162669295595
}