{
  "minPB": 1.0133,
  "maxPB": 1.216,
  "medianPB": 1.01,
  "hienTaiPB": 1.1975538829082062,
  "minPE": 12.7013,
  "maxPE": 15.5167,
  "medianPE": 12.7,
  "hienTaiPE": 15.294995935499468,
  "minPS": 1.9657,
  "maxPS": 9.2485,
  "medianPS": 3.72,
  "hienTaiPS": 3.878971569250112
}