{
  "minPB": 1.0133,
  "maxPB": 1.216,
  "medianPB": 1.01,
  "hienTaiPB": 1.128130469406281,
  "minPE": 12.7013,
  "maxPE": 15.5167,
  "medianPE": 12.7,
  "hienTaiPE": 14.40832950445602,
  "minPS": 1.9657,
  "maxPS": 9.2485,
  "medianPS": 3.7,
  "hienTaiPS": 3.6541036521921346
}