{
  "minPB": 0.6182,
  "maxPB": 2.256,
  "medianPB": 1.01,
  "hienTaiPB": 1.128130469406281,
  "minPE": 10.4585,
  "maxPE": 38.971,
  "medianPE": 20.61,
  "hienTaiPE": 14.40832950445602,
  "minPS": 1.9657,
  "maxPS": 9.2485,
  "medianPS": 3.73,
  "hienTaiPS": 3.6541036521921346
}