{
  "minPB": 0,
  "maxPB": 17.1457,
  "medianPB": 0.64,
  "hienTaiPB": 0.48509005070928235,
  "minPE": -14.8583,
  "maxPE": 1337.0305,
  "medianPE": -0.37,
  "hienTaiPE": 15.381967240911566,
  "minPS": 0.2689,
  "maxPS": 5.6215,
  "medianPS": 0.98,
  "hienTaiPS": 0.5791048932301633
}