{
  "minPB": 0.3992,
  "maxPB": 0.6487,
  "medianPB": 0.6,
  "hienTaiPB": 0.4331854152833891,
  "minPE": 12.3763,
  "maxPE": 20.1114,
  "medianPE": 18.56,
  "hienTaiPE": 13.736096746134029,
  "minPS": 0.1393,
  "maxPS": 4.8461,
  "medianPS": 0.72,
  "hienTaiPS": 0.5171406696545359
}