{
  "minPB": 0,
  "maxPB": 17.1457,
  "medianPB": 0.64,
  "hienTaiPB": 0.5821080608511389,
  "minPE": -14.8583,
  "maxPE": 1337.0305,
  "medianPE": -0.35,
  "hienTaiPE": 18.45836068909388,
  "minPS": 0.2689,
  "maxPS": 5.6215,
  "medianPS": 0.97,
  "hienTaiPS": 0.6949258718761959
}