{
  "minPB": 0,
  "maxPB": 17.1457,
  "medianPB": 0.64,
  "hienTaiPB": 0.5335990557802106,
  "minPE": -14.8583,
  "maxPE": 1337.0305,
  "medianPE": -0.36,
  "hienTaiPE": 16.920163965002722,
  "minPS": 0.2689,
  "maxPS": 5.6215,
  "medianPS": 0.97,
  "hienTaiPS": 0.6370153825531796
}