{
  "minPB": 0.3992,
  "maxPB": 0.6487,
  "medianPB": 0.6,
  "hienTaiPB": 0.4365810456383541,
  "minPE": 12.3763,
  "maxPE": 20.1114,
  "medianPE": 18.56,
  "hienTaiPE": 13.84377051682041,
  "minPS": 0.1393,
  "maxPS": 4.8461,
  "medianPS": 0.72,
  "hienTaiPS": 0.521194403907147
}