{
  "minPB": 0.2438,
  "maxPB": 1.6372,
  "medianPB": 0.47,
  "hienTaiPB": 0.5434370022245252,
  "minPE": -32.8007,
  "maxPE": 155.0488,
  "medianPE": 3.48,
  "hienTaiPE": 200.56552391962262,
  "minPS": 0.0788,
  "maxPS": 20.824,
  "medianPS": 0.44,
  "hienTaiPS": 16.093671763380822
}