{
  "minPB": 0.2438,
  "maxPB": 1.6372,
  "medianPB": 0.47,
  "hienTaiPB": 0.5227723265735926,
  "minPE": -32.8007,
  "maxPE": 153.9941,
  "medianPE": 3.48,
  "hienTaiPE": 192.93884137575347,
  "minPS": 0.0788,
  "maxPS": 20.824,
  "medianPS": 0.44,
  "hienTaiPS": 15.481695571731228
}