{
  "minPB": 0.3737,
  "maxPB": 0.455,
  "medianPB": 0.43,
  "hienTaiPB": 0.4176902525188503,
  "minPE": -8.2948,
  "maxPE": 161.783,
  "medianPE": -7.73,
  "hienTaiPE": 154.15634929097206,
  "minPS": 0.0809,
  "maxPS": 16.6954,
  "medianPS": 0.24,
  "hienTaiPS": 12.369731533342865
}