{
  "minPB": 0.2438,
  "maxPB": 1.6372,
  "medianPB": 0.47,
  "hienTaiPB": 0.4396739500198424,
  "minPE": -32.8007,
  "maxPE": 141.5804,
  "medianPE": 3.48,
  "hienTaiPE": 162.26984135891797,
  "minPS": 0.0788,
  "maxPS": 20.824,
  "medianPS": 0.44,
  "hienTaiPS": 13.020770035097753
}