{
  "minPB": 0.2438,
  "maxPB": 1.6372,
  "medianPB": 0.47,
  "hienTaiPB": 0.48364134502182665,
  "minPE": -32.8007,
  "maxPE": 161.4984,
  "medianPE": 3.49,
  "hienTaiPE": 178.49682549480977,
  "minPS": 0.0788,
  "maxPS": 20.824,
  "medianPS": 0.45,
  "hienTaiPS": 14.322847038607527
}