{
  "minPB": 0.2438,
  "maxPB": 1.6372,
  "medianPB": 0.47,
  "hienTaiPB": 0.4583600928956857,
  "minPE": -32.8007,
  "maxPE": 149.5317,
  "medianPE": 3.48,
  "hienTaiPE": 169.16630961667198,
  "minPS": 0.0788,
  "maxPS": 20.824,
  "medianPS": 0.44,
  "hienTaiPS": 13.574152761589406
}