{
  "minPB": 0.3737,
  "maxPB": 0.455,
  "medianPB": 0.43,
  "hienTaiPB": 0.4511054727203583,
  "minPE": -8.2948,
  "maxPE": 163.0812,
  "medianPE": -7.67,
  "hienTaiPE": 166.48885723424985,
  "minPS": 0.0809,
  "maxPS": 16.6954,
  "medianPS": 0.24,
  "hienTaiPS": 13.359310056010294
}