{
  "minPB": 0.3737,
  "maxPB": 0.455,
  "medianPB": 0.43,
  "hienTaiPB": 0.4418723197699416,
  "minPE": -8.2948,
  "maxPE": 162.2698,
  "medianPE": -7.71,
  "hienTaiPE": 163.08119056571255,
  "minPS": 0.0809,
  "maxPS": 16.6954,
  "medianPS": 0.24,
  "hienTaiPS": 13.08587388527324
}