{
  "minPB": 0.19,
  "maxPB": 1.5112,
  "medianPB": 0.46,
  "hienTaiPB": 1.4106096692202645,
  "minPE": -99.4929,
  "maxPE": 2054.993,
  "medianPE": 43.2,
  "hienTaiPE": 1463.9838616284617,
  "minPS": 0.9992,
  "maxPS": 407.2942,
  "medianPS": 55.1,
  "hienTaiPS": 113.40596250846068
}