{
  "minPB": 1.255,
  "maxPB": 1.4152,
  "medianPB": 1.32,
  "hienTaiPB": 1.3190701055793752,
  "minPE": 1302.5303,
  "maxPE": 1550.8619,
  "medianPE": 1445.6,
  "hienTaiPE": 1368.9806535866148,
  "minPS": 1.0406,
  "maxPS": 541.5012,
  "medianPS": 14.7,
  "hienTaiPS": 106.04663940950736
}