{
  "minPB": 0.19,
  "maxPB": 1.5112,
  "medianPB": 0.46,
  "hienTaiPB": 1.3082654357725816,
  "minPE": -99.4929,
  "maxPE": 2054.993,
  "medianPE": 42.81,
  "hienTaiPE": 1357.7671601783968,
  "minPS": 0.9992,
  "maxPS": 407.2942,
  "medianPS": 55.05,
  "hienTaiPS": 105.17799799454895
}