{
  "minPB": 1.255,
  "maxPB": 1.4152,
  "medianPB": 1.32,
  "hienTaiPB": 1.322971791898495,
  "minPE": 1302.5303,
  "maxPE": 1550.8619,
  "medianPE": 1445.82,
  "hienTaiPE": 1373.0299706506935,
  "minPS": 1.0406,
  "maxPS": 541.5012,
  "medianPS": 14.7,
  "hienTaiPS": 106.36031547602013
}