{
  "minPB": 1.255,
  "maxPB": 1.4152,
  "medianPB": 1.32,
  "hienTaiPB": 1.3105664302684727,
  "minPE": 1302.5303,
  "maxPE": 1550.8619,
  "medianPE": 1446.04,
  "hienTaiPE": 1360.1552189597764,
  "minPS": 1.0406,
  "maxPS": 541.5012,
  "medianPS": 14.69,
  "hienTaiPS": 105.36298644403084
}