{
  "minPB": 0.19,
  "maxPB": 1.5112,
  "medianPB": 0.46,
  "hienTaiPB": 1.4476256676324275,
  "minPE": -99.4929,
  "maxPE": 2054.993,
  "medianPE": 43.01,
  "hienTaiPE": 1502.4004594158753,
  "minPS": 0.9992,
  "maxPS": 407.2942,
  "medianPS": 55.09,
  "hienTaiPS": 116.38186365229971
}