{
  "minPB": 0.19,
  "maxPB": 1.5112,
  "medianPB": 0.46,
  "hienTaiPB": 1.437821430215152,
  "minPE": -99.4929,
  "maxPE": 2054.993,
  "medianPE": 42.81,
  "hienTaiPE": 1492.2252524343442,
  "minPS": 0.9992,
  "maxPS": 407.2942,
  "medianPS": 55.07,
  "hienTaiPS": 115.59365199798559
}