{
  "minPB": 0.19,
  "maxPB": 1.5112,
  "medianPB": 0.46,
  "hienTaiPB": 1.320570754163652,
  "minPE": -99.4929,
  "maxPE": 2054.993,
  "medianPE": 42.81,
  "hienTaiPE": 1370.538083226645,
  "minPS": 0.9992,
  "maxPS": 407.2942,
  "medianPS": 55.04,
  "hienTaiPS": 106.16728405047381
}