{
  "minPB": 1.1049,
  "maxPB": 1.297,
  "medianPB": 1.2,
  "hienTaiPB": 1.2794245000349873,
  "minPE": -26.6235,
  "maxPE": -22.6793,
  "medianPE": -24.65,
  "hienTaiPE": 16.276682074682647,
  "minPS": 0.2679,
  "maxPS": 2.1097,
  "medianPS": 0.5,
  "hienTaiPS": 0.28420240659968266
}