{
  "minPB": 1.1049,
  "maxPB": 1.4216,
  "medianPB": 1.21,
  "hienTaiPB": 1.4215827778166525,
  "minPE": -26.6235,
  "maxPE": 18.0852,
  "medianPE": -24.65,
  "hienTaiPE": 18.085202305202944,
  "minPS": 0.2679,
  "maxPS": 2.1097,
  "medianPS": 0.5,
  "hienTaiPS": 0.31578045177742514
}