{
  "minPB": 1.1049,
  "maxPB": 1.297,
  "medianPB": 1.2,
  "hienTaiPB": 1.4429065194839024,
  "minPE": -26.6235,
  "maxPE": 16.2767,
  "medianPE": -24.65,
  "hienTaiPE": 18.356480339780987,
  "minPS": 0.2679,
  "maxPS": 2.1097,
  "medianPS": 0.5,
  "hienTaiPS": 0.3205171585540865
}