{
  "minPB": 0.4538,
  "maxPB": 3.0785,
  "medianPB": 0.96,
  "hienTaiPB": 1.4689688704105408,
  "minPE": -24.6514,
  "maxPE": 170.9639,
  "medianPE": 3.51,
  "hienTaiPE": 18.68804238204304,
  "minPS": 0.2779,
  "maxPS": 2.0841,
  "medianPS": 0.5,
  "hienTaiPS": 0.3263064668366727
}