{
  "minPB": 0.4538,
  "maxPB": 3.0785,
  "medianPB": 0.96,
  "hienTaiPB": 1.4215827778166525,
  "minPE": -24.6514,
  "maxPE": 170.9639,
  "medianPE": 3.52,
  "hienTaiPE": 18.085202305202944,
  "minPS": 0.2779,
  "maxPS": 2.0841,
  "medianPS": 0.5,
  "hienTaiPS": 0.31578045177742514
}