{
  "minPB": 0.2699,
  "maxPB": 4.1621,
  "medianPB": 0.92,
  "hienTaiPB": 1.1436846418289603,
  "minPE": -32.8899,
  "maxPE": 133.3811,
  "medianPE": 2.97,
  "hienTaiPE": 52.24414413978504,
  "minPS": 0.0982,
  "maxPS": 2.6949,
  "medianPS": 0.33,
  "hienTaiPS": 0.636905183978736
}