{
  "minPB": 0.9335,
  "maxPB": 1.051,
  "medianPB": 0.98,
  "hienTaiPB": 1.0454188557326496,
  "minPE": 42.7422,
  "maxPE": 61.9815,
  "medianPE": 57.53,
  "hienTaiPE": 47.755308926771214,
  "minPS": 0.0982,
  "maxPS": 2.6918,
  "medianPS": 0.34,
  "hienTaiPS": 0.5821820668855489
}