{
  "minPB": 0.2699,
  "maxPB": 4.1621,
  "medianPB": 0.92,
  "hienTaiPB": 1.0759027674778554,
  "minPE": -32.8899,
  "maxPE": 133.3811,
  "medianPE": 2.97,
  "hienTaiPE": 49.147830799421484,
  "minPS": 0.0982,
  "maxPS": 2.6949,
  "medianPS": 0.33,
  "hienTaiPS": 0.5991582163487639
}