{
  "minPB": 0.1317,
  "maxPB": 1.0758,
  "medianPB": 0.41,
  "hienTaiPB": 0.1596258464338064,
  "minPE": -56.1896,
  "maxPE": 111.8382,
  "medianPE": -0.42,
  "hienTaiPE": -0.3949,
  "minPS": 0.0731,
  "maxPS": 0.4439,
  "medianPS": 0.16,
  "hienTaiPS": 0.8737964805304362
}