{
  "minPB": 0.1129,
  "maxPB": 0.1368,
  "medianPB": 0.13,
  "hienTaiPB": 0.13682215408611975,
  "minPE": -0.4226,
  "maxPE": -0.2961,
  "medianPE": -0.42,
  "hienTaiPE": -0.2961,
  "minPS": 0.0734,
  "maxPS": 0.4307,
  "medianPS": 0.16,
  "hienTaiPS": 0.748968411883231
}