{
  "minPB": 0.2659,
  "maxPB": 1.5515,
  "medianPB": 0.51,
  "hienTaiPB": 0.8025091344222413,
  "minPE": -210.1646,
  "maxPE": 245.8761,
  "medianPE": 25.18,
  "hienTaiPE": 46.12969659346167,
  "minPS": 0.5777,
  "maxPS": 10.1471,
  "medianPS": 2.6,
  "hienTaiPS": 4.6215901467246745
}