{
  "minPB": 0.2659,
  "maxPB": 1.5515,
  "medianPB": 0.51,
  "hienTaiPB": 0.828713514321743,
  "minPE": -210.1646,
  "maxPE": 245.8761,
  "medianPE": 25.23,
  "hienTaiPE": 47.63597240059511,
  "minPS": 0.5777,
  "maxPS": 10.1471,
  "medianPS": 2.6,
  "hienTaiPS": 4.772499212740174
}