{
  "minPB": 0.2659,
  "maxPB": 1.5515,
  "medianPB": 0.51,
  "hienTaiPB": 0.7763047545227395,
  "minPE": -210.1646,
  "maxPE": 245.8761,
  "medianPE": 25.11,
  "hienTaiPE": 44.623420786328225,
  "minPS": 0.5777,
  "maxPS": 10.1381,
  "medianPS": 2.63,
  "hienTaiPS": 4.470681080709175
}