{
  "minPB": 0.2659,
  "maxPB": 1.5515,
  "medianPB": 0.51,
  "hienTaiPB": 0.8156113243719921,
  "minPE": -210.1646,
  "maxPE": 245.8761,
  "medianPE": 25.18,
  "hienTaiPE": 46.88283449702839,
  "minPS": 0.5777,
  "maxPS": 10.1471,
  "medianPS": 2.6,
  "hienTaiPS": 4.697044679732424
}