{
  "minPB": 0.2659,
  "maxPB": 1.5515,
  "medianPB": 0.51,
  "hienTaiPB": 0.805784681909679,
  "minPE": -210.1646,
  "maxPE": 245.8761,
  "medianPE": 25.16,
  "hienTaiPE": 46.31798106935335,
  "minPS": 0.5777,
  "maxPS": 10.1381,
  "medianPS": 2.65,
  "hienTaiPS": 4.640453779976612
}