{
  "minPB": 0.2659,
  "maxPB": 1.5515,
  "medianPB": 0.51,
  "hienTaiPB": 0.8483667992463693,
  "minPE": -210.1646,
  "maxPE": 245.8761,
  "medianPE": 25.14,
  "hienTaiPE": 48.765679255945194,
  "minPS": 0.5777,
  "maxPS": 10.1381,
  "medianPS": 2.65,
  "hienTaiPS": 4.885681012251799
}