{
  "minPB": 0.4806,
  "maxPB": 2.9112,
  "medianPB": 1.45,
  "hienTaiPB": 1.6481990375207982,
  "minPE": 2.6428,
  "maxPE": 134.3528,
  "medianPE": 7.92,
  "hienTaiPE": 14.014362591495692,
  "minPS": 0.1049,
  "maxPS": 1,
  "medianPS": 0.47,
  "hienTaiPS": 0.5319849380897322
}