{
  "minPB": 0.4599,
  "maxPB": 6.3855,
  "medianPB": 0.73,
  "hienTaiPB": 0.5535417145319703,
  "minPE": -3.4303,
  "maxPE": 35.7838,
  "medianPE": 5.24,
  "hienTaiPE": 9.359630817630084,
  "minPS": 0.0605,
  "maxPS": 0.4566,
  "medianPS": 0.16,
  "hienTaiPS": 0.23402025025703663
}