{
  "minPB": 0.4599,
  "maxPB": 6.3855,
  "medianPB": 0.73,
  "hienTaiPB": 0.5799008437953975,
  "minPE": -3.4303,
  "maxPE": 35.7838,
  "medianPE": 5.26,
  "hienTaiPE": 9.805327523231515,
  "minPS": 0.0605,
  "maxPS": 0.4566,
  "medianPS": 0.16,
  "hienTaiPS": 0.2451640716978479
}