{
  "minPB": 0.5205,
  "maxPB": 0.5734,
  "medianPB": 0.56,
  "hienTaiPB": 0.5359689616896856,
  "minPE": 32.4807,
  "maxPE": 35.7838,
  "medianPE": 34.66,
  "hienTaiPE": 33.58174066033542,
  "minPS": 0.0587,
  "maxPS": 0.5119,
  "medianPS": 0.13,
  "hienTaiPS": 0.2363117573266959
}