{
  "minPB": 0.4599,
  "maxPB": 6.3855,
  "medianPB": 0.73,
  "hienTaiPB": 0.6326191023222518,
  "minPE": -3.4303,
  "maxPE": 35.7838,
  "medianPE": 5.25,
  "hienTaiPE": 10.69672093443438,
  "minPS": 0.0605,
  "maxPS": 0.4566,
  "medianPS": 0.16,
  "hienTaiPS": 0.2674517145794704
}