{
  "minPB": 0.4599,
  "maxPB": 6.3855,
  "medianPB": 0.73,
  "hienTaiPB": 0.6130254829031043,
  "minPE": -3.4303,
  "maxPE": 35.7838,
  "medianPE": 5.24,
  "hienTaiPE": 10.365419716603983,
  "minPS": 0.0605,
  "maxPS": 0.4566,
  "medianPS": 0.16,
  "hienTaiPS": 0.2591681406418007
}