{
  "minPB": 0.4599,
  "maxPB": 6.3855,
  "medianPB": 0.73,
  "hienTaiPB": 0.6272594127053549,
  "minPE": -3.4303,
  "maxPE": 35.7838,
  "medianPE": 5.24,
  "hienTaiPE": 10.606095937628757,
  "minPS": 0.0605,
  "maxPS": 0.4566,
  "medianPS": 0.16,
  "hienTaiPS": 0.26518580421983884
}