{
  "minPB": 1.4819,
  "maxPB": 1.8711,
  "medianPB": 1.7,
  "hienTaiPB": 1.6412022637507173,
  "minPE": 10.367,
  "maxPE": 13.6384,
  "medianPE": 11.47,
  "hienTaiPE": 11.265733045814153,
  "minPS": 1.2055,
  "maxPS": 1.6146,
  "medianPS": 1.29,
  "hienTaiPS": 1.2482066903331996
}