{
  "minPB": 1.4819,
  "maxPB": 1.8711,
  "medianPB": 1.7,
  "hienTaiPB": 1.7399039383539072,
  "minPE": 10.367,
  "maxPE": 13.6384,
  "medianPE": 11.48,
  "hienTaiPE": 11.943252655562416,
  "minPS": 1.2055,
  "maxPS": 1.6318,
  "medianPS": 1.32,
  "hienTaiPS": 1.323273666115476
}