{
  "minPB": 1.4819,
  "maxPB": 1.8711,
  "medianPB": 1.7,
  "hienTaiPB": 1.618248385936022,
  "minPE": 10.367,
  "maxPE": 13.6384,
  "medianPE": 11.47,
  "hienTaiPE": 11.108170345872695,
  "minPS": 1.2055,
  "maxPS": 1.6318,
  "medianPS": 1.32,
  "hienTaiPS": 1.2307492541047633
}