{
  "minPB": 1.4819,
  "maxPB": 1.8711,
  "medianPB": 1.7,
  "hienTaiPB": 1.6434976515321869,
  "minPE": 10.367,
  "maxPE": 13.6384,
  "medianPE": 11.47,
  "hienTaiPE": 11.281489315808297,
  "minPS": 1.2055,
  "maxPS": 1.6318,
  "medianPS": 1.32,
  "hienTaiPS": 1.2499524339560433
}