{
  "minPB": 1.8563,
  "maxPB": 2.0319,
  "medianPB": 1.98,
  "hienTaiPB": 1.9434417847241579,
  "minPE": 7.3133,
  "maxPE": 7.8758,
  "medianPE": 7.57,
  "hienTaiPE": 7.875819892645507,
  "minPS": 1.2018,
  "maxPS": 3.1958,
  "medianPS": 1.76,
  "hienTaiPS": 1.8279639513200416
}