{
  "minPB": 1.3869,
  "maxPB": 5.7994,
  "medianPB": 2.19,
  "hienTaiPB": 1.923367138688622,
  "minPE": 6.946,
  "maxPE": 16.3687,
  "medianPE": 10.79,
  "hienTaiPE": 7.7963191485230885,
  "minPS": 1.1918,
  "maxPS": 3.1958,
  "medianPS": 1.75,
  "hienTaiPS": 1.8089414047700316
}