{
  "minPB": 1.3832,
  "maxPB": 5.8056,
  "medianPB": 2.2,
  "hienTaiPB": 1.9690083662235724,
  "minPE": 6.9149,
  "maxPE": 16.3899,
  "medianPE": 10.8,
  "hienTaiPE": 7.979428754378719,
  "minPS": 1.1918,
  "maxPS": 3.1958,
  "medianPS": 1.75,
  "hienTaiPS": 1.8520113859829992
}