{
  "minPB": 1.8563,
  "maxPB": 2.0319,
  "medianPB": 1.98,
  "hienTaiPB": 1.9679017529944933,
  "minPE": 7.3133,
  "maxPE": 7.8209,
  "medianPE": 7.57,
  "hienTaiPE": 7.974944191706684,
  "minPS": 1.2018,
  "maxPS": 3.1958,
  "medianPS": 1.76,
  "hienTaiPS": 1.850970526870722
}