{
  "minPB": 1.8563,
  "maxPB": 2.0319,
  "medianPB": 1.99,
  "hienTaiPB": 1.961376550850613,
  "minPE": 7.3133,
  "maxPE": 7.8093,
  "medianPE": 7.57,
  "hienTaiPE": 7.948500735950894,
  "minPS": 1.2018,
  "maxPS": 3.1958,
  "medianPS": 1.76,
  "hienTaiPS": 1.8448330472776389
}