{
  "minPB": 1.3832,
  "maxPB": 5.8056,
  "medianPB": 2.2,
  "hienTaiPB": 1.9478682376404743,
  "minPE": 6.9149,
  "maxPE": 16.3899,
  "medianPE": 10.8,
  "hienTaiPE": 7.8937581433336454,
  "minPS": 1.1918,
  "maxPS": 3.1958,
  "medianPS": 1.75,
  "hienTaiPS": 1.8321273877691509
}