{
  "minPB": 1.3869,
  "maxPB": 5.7994,
  "medianPB": 2.2,
  "hienTaiPB": 1.9194015662993351,
  "minPE": 6.946,
  "maxPE": 16.3687,
  "medianPE": 10.8,
  "hienTaiPE": 7.7783966345978595,
  "minPS": 1.1918,
  "maxPS": 3.1958,
  "medianPS": 1.75,
  "hienTaiPS": 1.8053521843981564
}