{
  "minPB": 1.1805,
  "maxPB": 1.5793,
  "medianPB": 1.41,
  "hienTaiPB": 1.553539723600055,
  "minPE": 9.0084,
  "maxPE": 12.0517,
  "medianPE": 10.77,
  "hienTaiPE": 10.401776736199032,
  "minPS": 0.722,
  "maxPS": 3.3683,
  "medianPS": 2.57,
  "hienTaiPS": 3.5107053471157603
}