{
  "minPB": 0.626,
  "maxPB": 1.4154,
  "medianPB": 0.79,
  "hienTaiPB": 1.5844559370050313,
  "minPE": 5.5221,
  "maxPE": 39.8135,
  "medianPE": 16.61,
  "hienTaiPE": 10.608777268262696,
  "minPS": 0.722,
  "maxPS": 3.3085,
  "medianPS": 2.57,
  "hienTaiPS": 3.5805701301429393
}