{
  "minPB": 1.1805,
  "maxPB": 1.5793,
  "medianPB": 1.41,
  "hienTaiPB": 1.5303525635463229,
  "minPE": 9.0084,
  "maxPE": 12.0517,
  "medianPE": 10.77,
  "hienTaiPE": 10.246526337151286,
  "minPS": 0.722,
  "maxPS": 3.3683,
  "medianPS": 2.57,
  "hienTaiPS": 3.458306759845376
}