{
  "minPB": 1.0883,
  "maxPB": 1.2114,
  "medianPB": 1.14,
  "hienTaiPB": 1.1194115084937994,
  "minPE": 6.8119,
  "maxPE": 7.3549,
  "medianPE": 6.96,
  "hienTaiPE": 7.2118191518387675,
  "minPS": 1.6394,
  "maxPS": 4.9671,
  "medianPS": 3.69,
  "hienTaiPS": 4.831480404462371
}