{
  "minPB": 0.7012,
  "maxPB": 1.8939,
  "medianPB": 1.29,
  "hienTaiPB": 1.107750971946989,
  "minPE": -44.5191,
  "maxPE": 12.3289,
  "medianPE": 6.9,
  "hienTaiPE": 7.13669603567378,
  "minPS": 1.8747,
  "maxPS": 4.9671,
  "medianPS": 3.82,
  "hienTaiPS": 4.781152483582555
}