{
  "minPB": 0.558,
  "maxPB": 1.5048,
  "medianPB": 1.03,
  "hienTaiPB": 1.1797587474578999,
  "minPE": 0,
  "maxPE": 12.4314,
  "medianPE": 5.79,
  "hienTaiPE": 5.8031665126114005,
  "minPS": 0.1384,
  "maxPS": 0.4726,
  "medianPS": 0.25,
  "hienTaiPS": 0.2901975189385548
}