{
  "minPB": 0.5986,
  "maxPB": 1.5048,
  "medianPB": 1.03,
  "hienTaiPB": 1.1797587474578999,
  "minPE": 1.6955,
  "maxPE": 12.4314,
  "medianPE": 5.79,
  "hienTaiPE": 5.8031665126114005,
  "minPS": 0.1744,
  "maxPS": 0.4219,
  "medianPS": 0.24,
  "hienTaiPS": 0.2901975189385548
}