{
  "minPB": 0.5948,
  "maxPB": 1.7569,
  "medianPB": 1.05,
  "hienTaiPB": 1.0793849519559702,
  "minPE": 2.0214,
  "maxPE": 26.6319,
  "medianPE": 6.91,
  "hienTaiPE": 20.104303673821065,
  "minPS": 0.17,
  "maxPS": 0.6304,
  "medianPS": 0.37,
  "hienTaiPS": 0.5928228015699449
}