{
  "minPB": 0.5535,
  "maxPB": 1.7537,
  "medianPB": 1.05,
  "hienTaiPB": 1.0793849519559702,
  "minPE": 1.9067,
  "maxPE": 26.4205,
  "medianPE": 6.88,
  "hienTaiPE": 20.104303673821065,
  "minPS": 0.158,
  "maxPS": 0.6274,
  "medianPS": 0.37,
  "hienTaiPS": 0.5928228015699449
}