{
  "minPB": 1.1394,
  "maxPB": 1.236,
  "medianPB": 1.16,
  "hienTaiPB": 1.2199351326336152,
  "minPE": 9.0309,
  "maxPE": 9.7968,
  "medianPE": 9.18,
  "hienTaiPE": 9.548282064041098,
  "minPS": 0.4154,
  "maxPS": 1.0005,
  "medianPS": 0.55,
  "hienTaiPS": 0.5209951308626188
}