{
  "minPB": 0.9465,
  "maxPB": 1.4303,
  "medianPB": 1.15,
  "hienTaiPB": 1.2356830805347525,
  "minPE": 5.0212,
  "maxPE": 29.9911,
  "medianPE": 10.5,
  "hienTaiPE": 9.671539313109147,
  "minPS": 0.4154,
  "maxPS": 1.007,
  "medianPS": 0.55,
  "hienTaiPS": 0.5277205738456884
}