{
  "minPB": 1.1394,
  "maxPB": 1.236,
  "medianPB": 1.16,
  "hienTaiPB": 1.2032139969408344,
  "minPE": 9.0309,
  "maxPE": 9.7968,
  "medianPE": 9.18,
  "hienTaiPE": 9.417407793963227,
  "minPS": 0.4154,
  "maxPS": 1.0005,
  "medianPS": 0.55,
  "hienTaiPS": 0.5138540706165506
}