{
  "minPB": 0.9465,
  "maxPB": 1.4303,
  "medianPB": 1.15,
  "hienTaiPB": 1.222677752773701,
  "minPE": 5.0212,
  "maxPE": 29.9911,
  "medianPE": 10.5,
  "hienTaiPE": 9.569748214159691,
  "minPS": 0.4154,
  "maxPS": 1.007,
  "medianPS": 0.55,
  "hienTaiPS": 0.5221664158765242
}