{
  "minPB": 0.4195,
  "maxPB": 2.3569,
  "medianPB": 1.03,
  "hienTaiPB": 0.8522479515699068,
  "minPE": 3.2619,
  "maxPE": 19.7788,
  "medianPE": 6.08,
  "hienTaiPE": 4.758939903140458,
  "minPS": 0.1244,
  "maxPS": 0.5414,
  "medianPS": 0.3,
  "hienTaiPS": 0.33672990125235785
}