{
  "minPB": 0.4195,
  "maxPB": 2.3569,
  "medianPB": 1.03,
  "hienTaiPB": 0.8558138425806596,
  "minPE": 3.2619,
  "maxPE": 19.8148,
  "medianPE": 6.09,
  "hienTaiPE": 4.778851785580376,
  "minPS": 0.1235,
  "maxPS": 0.5425,
  "medianPS": 0.29,
  "hienTaiPS": 0.338138812973079
}