{
  "minPB": 0.4195,
  "maxPB": 2.3569,
  "medianPB": 1.03,
  "hienTaiPB": 0.8351316747182936,
  "minPE": 3.2619,
  "maxPE": 19.8148,
  "medianPE": 6.08,
  "hienTaiPE": 4.663362867428851,
  "minPS": 0.1235,
  "maxPS": 0.5425,
  "medianPS": 0.29,
  "hienTaiPS": 0.3299671249928963
}