{
  "minPB": 0.4195,
  "maxPB": 2.3569,
  "medianPB": 1.03,
  "hienTaiPB": 0.8408371003354981,
  "minPE": 3.2619,
  "maxPE": 19.8148,
  "medianPE": 6.08,
  "hienTaiPE": 4.69522187933272,
  "minPS": 0.1235,
  "maxPS": 0.5425,
  "medianPS": 0.29,
  "hienTaiPS": 0.33222138374605015
}