{
  "minPB": 0.4195,
  "maxPB": 2.3569,
  "medianPB": 1.03,
  "hienTaiPB": 0.8572401989849607,
  "minPE": 3.2619,
  "maxPE": 19.7428,
  "medianPE": 6.08,
  "hienTaiPE": 4.7868165385563435,
  "minPS": 0.1244,
  "maxPS": 0.5414,
  "medianPS": 0.3,
  "hienTaiPS": 0.3387023776613675
}