{
  "minPB": 0.4195,
  "maxPB": 2.3569,
  "medianPB": 1.03,
  "hienTaiPB": 0.8686510502193695,
  "minPE": 3.2619,
  "maxPE": 19.7428,
  "medianPE": 6.07,
  "hienTaiPE": 4.850534562364082,
  "minPS": 0.1244,
  "maxPS": 0.5414,
  "medianPS": 0.3,
  "hienTaiPS": 0.3432108951676752
}