{
  "minPB": 0.4195,
  "maxPB": 2.3569,
  "medianPB": 1.03,
  "hienTaiPB": 0.8543874861763585,
  "minPE": 3.2619,
  "maxPE": 19.8148,
  "medianPE": 6.08,
  "hienTaiPE": 4.770887032604409,
  "minPS": 0.1244,
  "maxPS": 0.5414,
  "medianPS": 0.3,
  "hienTaiPS": 0.3375752482847906
}