{
  "minPB": 0.4195,
  "maxPB": 2.3569,
  "medianPB": 1.03,
  "hienTaiPB": 0.8629456246021651,
  "minPE": 3.2619,
  "maxPE": 19.7428,
  "medianPE": 6.06,
  "hienTaiPE": 4.818675550460213,
  "minPS": 0.1244,
  "maxPS": 0.5414,
  "medianPS": 0.3,
  "hienTaiPS": 0.34095663641452134
}