{
  "minPB": 0.6527,
  "maxPB": 2.446,
  "medianPB": 1.48,
  "hienTaiPB": 1.462784855104403,
  "minPE": -624.8025,
  "maxPE": 319.7436,
  "medianPE": 6.67,
  "hienTaiPE": 436.33995523349563,
  "minPS": 0.3135,
  "maxPS": 1.9024,
  "medianPS": 0.9,
  "hienTaiPS": 0.6999721132477458
}