{
  "minPB": 0.6527,
  "maxPB": 2.446,
  "medianPB": 1.48,
  "hienTaiPB": 2.523230675530378,
  "minPE": -624.8025,
  "maxPE": 351.2334,
  "medianPE": 6.72,
  "hienTaiPE": 752.6645877982704,
  "minPS": 0.3135,
  "maxPS": 1.9024,
  "medianPS": 0.9,
  "hienTaiPS": 1.2074168679005624
}