{
  "minPB": 0.6527,
  "maxPB": 2.446,
  "medianPB": 1.48,
  "hienTaiPB": 1.6398415878310397,
  "minPE": -624.8025,
  "maxPE": 62.1394,
  "medianPE": 6.66,
  "hienTaiPE": 489.1549174353128,
  "minPS": 0.3135,
  "maxPS": 1.9024,
  "medianPS": 0.9,
  "hienTaiPS": 0.7846973378348979
}