{
  "minPB": 0.6527,
  "maxPB": 2.446,
  "medianPB": 1.48,
  "hienTaiPB": 1.6704992711241733,
  "minPE": -624.8025,
  "maxPE": 343.9665,
  "medianPE": 6.68,
  "hienTaiPE": 498.2999206181177,
  "minPS": 0.3135,
  "maxPS": 1.9024,
  "medianPS": 0.9,
  "hienTaiPS": 0.7993676588237238
}