{
  "minPB": 1.2689,
  "maxPB": 1.7227,
  "medianPB": 1.36,
  "hienTaiPB": 1.3348148624819407,
  "minPE": 17.7765,
  "maxPE": 398.1673,
  "medianPE": 19.05,
  "hienTaiPE": 398.16727340864134,
  "minPS": 0.3044,
  "maxPS": 1.9025,
  "medianPS": 0.89,
  "hienTaiPS": 0.6387358857494443
}