{
  "minPB": 0.6527,
  "maxPB": 2.446,
  "medianPB": 1.49,
  "hienTaiPB": 1.989304730537602,
  "minPE": -624.8025,
  "maxPE": 351.2334,
  "medianPE": 6.74,
  "hienTaiPE": 593.3976784348139,
  "minPS": 0.3135,
  "maxPS": 1.9024,
  "medianPS": 0.9,
  "hienTaiPS": 0.9519225136007847
}