{
  "minPB": 1.2689,
  "maxPB": 1.7227,
  "medianPB": 1.36,
  "hienTaiPB": 1.5304728861954227,
  "minPE": 17.7765,
  "maxPE": 398.9185,
  "medianPE": 19.28,
  "hienTaiPE": 456.53088922699186,
  "minPS": 0.3044,
  "maxPS": 1.9025,
  "medianPS": 0.89,
  "hienTaiPS": 0.7323622039702661
}