{
  "minPB": 0.6527,
  "maxPB": 2.446,
  "medianPB": 1.48,
  "hienTaiPB": 1.7826237195726562,
  "minPE": -624.8025,
  "maxPE": 62.0892,
  "medianPE": 6.65,
  "hienTaiPE": 531.7459715844436,
  "minPS": 0.3135,
  "maxPS": 1.9024,
  "medianPS": 0.9,
  "hienTaiPS": 0.8530214732266772
}