{
  "minPB": 0.6527,
  "maxPB": 2.446,
  "medianPB": 1.48,
  "hienTaiPB": 1.9204110602159534,
  "minPE": -624.8025,
  "maxPE": 351.2334,
  "medianPE": 6.69,
  "hienTaiPE": 572.8471094846905,
  "minPS": 0.3135,
  "maxPS": 1.9024,
  "medianPS": 0.9,
  "hienTaiPS": 0.9189555001427488
}