{
  "minPB": 1.2689,
  "maxPB": 1.7227,
  "medianPB": 1.36,
  "hienTaiPB": 1.73388144782009,
  "minPE": 17.7765,
  "maxPE": 456.5309,
  "medianPE": 19.52,
  "hienTaiPE": 517.2064440522313,
  "minPS": 0.3044,
  "maxPS": 1.9025,
  "medianPS": 0.89,
  "hienTaiPS": 0.8296973112051168
}