{
  "minPB": 0,
  "maxPB": 2.6467,
  "medianPB": 0.69,
  "hienTaiPB": 0.6266280861728519,
  "minPE": 0,
  "maxPE": 188.0472,
  "medianPE": 8.13,
  "hienTaiPE": 100.81445595304332,
  "minPS": 0,
  "maxPS": 10.751,
  "medianPS": 1.47,
  "hienTaiPS": 12.053955312155859
}