{
  "minPB": 0,
  "maxPB": 2.6467,
  "medianPB": 0.69,
  "hienTaiPB": 0.6218078701253684,
  "minPE": 0,
  "maxPE": 188.0472,
  "medianPE": 8.18,
  "hienTaiPE": 100.0389601380199,
  "minPS": 0,
  "maxPS": 10.751,
  "medianPS": 1.48,
  "hienTaiPS": 11.96123257898543
}