{
  "minPB": 0,
  "maxPB": 2.6467,
  "medianPB": 0.69,
  "hienTaiPB": 0.6362685182678188,
  "minPE": 0,
  "maxPE": 188.0472,
  "medianPE": 8.17,
  "hienTaiPE": 102.36544758309013,
  "minPS": 0,
  "maxPS": 10.751,
  "medianPS": 1.47,
  "hienTaiPS": 12.239400778496718
}