{
  "minPB": 0.473,
  "maxPB": 2.6995,
  "medianPB": 0.72,
  "hienTaiPB": 0.6218078701253684,
  "minPE": 2.1628,
  "maxPE": 189.5761,
  "medianPE": 10.14,
  "hienTaiPE": 100.0389601380199,
  "minPS": 0.4717,
  "maxPS": 10.8354,
  "medianPS": 1.56,
  "hienTaiPS": 11.96123257898543
}