{
  "minPB": 0.473,
  "maxPB": 2.6995,
  "medianPB": 0.72,
  "hienTaiPB": 0.607347221982918,
  "minPE": 2.1628,
  "maxPE": 189.5761,
  "medianPE": 10.12,
  "hienTaiPE": 97.71247269294967,
  "minPS": 0.4718,
  "maxPS": 10.8354,
  "medianPS": 1.57,
  "hienTaiPS": 11.68306437947414
}