{
  "minPB": 0,
  "maxPB": 2.6467,
  "medianPB": 0.69,
  "hienTaiPB": 0.6314483022203354,
  "minPE": 0,
  "maxPE": 188.0472,
  "medianPE": 8.19,
  "hienTaiPE": 101.58995176806673,
  "minPS": 0,
  "maxPS": 10.7514,
  "medianPS": 1.48,
  "hienTaiPS": 12.146678045326288
}