{
  "minPB": 0.7818,
  "maxPB": 1.9819,
  "medianPB": 1.35,
  "hienTaiPB": 1.6647477807149895,
  "minPE": 5.0469,
  "maxPE": 17.4734,
  "medianPE": 8.02,
  "hienTaiPE": 15.775904364532535,
  "minPS": 1.3661,
  "maxPS": 4.1437,
  "medianPS": 2.52,
  "hienTaiPS": 3.752975472026033
}