{
  "minPB": 0.7818,
  "maxPB": 1.9793,
  "medianPB": 1.35,
  "hienTaiPB": 1.8043074749066652,
  "minPE": 5.0476,
  "maxPE": 17.4743,
  "medianPE": 8.02,
  "hienTaiPE": 17.098435269343646,
  "minPS": 1.3763,
  "maxPS": 4.2024,
  "medianPS": 2.54,
  "hienTaiPS": 4.067596170279712
}