{
  "minPB": 0.7818,
  "maxPB": 1.9793,
  "medianPB": 1.35,
  "hienTaiPB": 1.7993232001141055,
  "minPE": 5.0476,
  "maxPE": 17.455,
  "medianPE": 8.02,
  "hienTaiPE": 17.051202022743247,
  "minPS": 1.3763,
  "maxPS": 4.2024,
  "medianPS": 2.53,
  "hienTaiPS": 4.056359716770652
}