{
  "minPB": 0.7818,
  "maxPB": 1.9819,
  "medianPB": 1.35,
  "hienTaiPB": 1.682192742488949,
  "minPE": 5.0469,
  "maxPE": 17.4734,
  "medianPE": 8.02,
  "hienTaiPE": 15.941220727633924,
  "minPS": 1.3661,
  "maxPS": 4.1437,
  "medianPS": 2.52,
  "hienTaiPS": 3.792303059307743
}