{
  "minPB": 0.7818,
  "maxPB": 1.9806,
  "medianPB": 1.35,
  "hienTaiPB": 1.682192742488949,
  "minPE": 5.0473,
  "maxPE": 17.4642,
  "medianPE": 8.02,
  "hienTaiPE": 15.941220727633924,
  "minPS": 1.3763,
  "maxPS": 4.2024,
  "medianPS": 2.53,
  "hienTaiPS": 3.792303059307743
}