{
  "minPB": 0.3565,
  "maxPB": 2.5359,
  "medianPB": 0.58,
  "hienTaiPB": 0.476023117598263,
  "minPE": -277.3274,
  "maxPE": 71.6505,
  "medianPE": -5.15,
  "hienTaiPE": -7.0769,
  "minPS": 1.3879,
  "maxPS": 16.7751,
  "medianPS": 2.72,
  "hienTaiPS": 2.1682829690886796
}