{
  "minPB": 0.4336,
  "maxPB": 0.476,
  "medianPB": 0.44,
  "hienTaiPB": 0.4502921382686272,
  "minPE": -6.714,
  "maxPE": -6.1152,
  "medianPE": -6.17,
  "hienTaiPE": -6.3511,
  "minPS": 1.3593,
  "maxPS": 15.9716,
  "medianPS": 2.65,
  "hienTaiPS": 2.051078484273075
}