{
  "minPB": 0.582,
  "maxPB": 1.7933,
  "medianPB": 0.98,
  "hienTaiPB": 2.0264230415915603,
  "minPE": 1.7713,
  "maxPE": 12.8074,
  "medianPE": 7.63,
  "hienTaiPE": 9.957288506554304,
  "minPS": 1.4352,
  "maxPS": 3.5974,
  "medianPS": 2.06,
  "hienTaiPS": 3.1022122562489876
}