{
  "minPB": 1.383,
  "maxPB": 1.7239,
  "medianPB": 1.46,
  "hienTaiPB": 1.7239174436561295,
  "minPE": 7.9003,
  "maxPE": 8.9415,
  "medianPE": 8.27,
  "hienTaiPE": 8.47085874748235,
  "minPS": 1.4353,
  "maxPS": 3.5974,
  "medianPS": 2.07,
  "hienTaiPS": 2.6391122251902357
}