{
  "minPB": 0.582,
  "maxPB": 1.7917,
  "medianPB": 0.98,
  "hienTaiPB": 1.9278718202882585,
  "minPE": 1.7713,
  "maxPE": 12.8074,
  "medianPE": 7.63,
  "hienTaiPE": 9.47303476335785,
  "minPS": 1.4352,
  "maxPS": 3.5974,
  "medianPS": 2.06,
  "hienTaiPS": 2.9513420774558714
}