{
  "minPB": 1.383,
  "maxPB": 1.7008,
  "medianPB": 1.46,
  "hienTaiPB": 1.700834687187161,
  "minPE": 7.9003,
  "maxPE": 8.9415,
  "medianPE": 8.24,
  "hienTaiPE": 8.357436396388506,
  "minPS": 1.4353,
  "maxPS": 3.5974,
  "medianPS": 2.07,
  "hienTaiPS": 2.6037752750291263
}