{
  "minPB": 0.582,
  "maxPB": 1.8136,
  "medianPB": 0.98,
  "hienTaiPB": 1.9062672642126253,
  "minPE": 1.7713,
  "maxPE": 12.8074,
  "medianPE": 7.65,
  "hienTaiPE": 9.390629427297778,
  "minPS": 1.4352,
  "maxPS": 3.5974,
  "medianPS": 2.06,
  "hienTaiPS": 2.9162283080326215
}