{
  "minPB": 1.383,
  "maxPB": 1.7019,
  "medianPB": 1.46,
  "hienTaiPB": 1.7018551879994732,
  "minPE": 7.9003,
  "maxPE": 8.9415,
  "medianPE": 8.24,
  "hienTaiPE": 8.362450858226339,
  "minPS": 1.4353,
  "maxPS": 3.5974,
  "medianPS": 2.07,
  "hienTaiPS": 2.6053375401941437
}