{
  "minPB": 0.582,
  "maxPB": 1.7886,
  "medianPB": 0.98,
  "hienTaiPB": 1.9193676468523226,
  "minPE": 1.7713,
  "maxPE": 12.8074,
  "medianPE": 7.63,
  "hienTaiPE": 9.431247581375908,
  "minPS": 1.4352,
  "maxPS": 3.5974,
  "medianPS": 2.06,
  "hienTaiPS": 2.938323201080726
}