{
  "minPB": 0.582,
  "maxPB": 1.781,
  "medianPB": 0.98,
  "hienTaiPB": 1.870918155905877,
  "minPE": 1.7713,
  "maxPE": 12.8074,
  "medianPE": 7.63,
  "hienTaiPE": 9.193180036027355,
  "minPS": 1.4352,
  "maxPS": 3.5974,
  "medianPS": 2.05,
  "hienTaiPS": 2.864152802532039
}