{
  "minPB": 0.582,
  "maxPB": 1.7907,
  "medianPB": 0.98,
  "hienTaiPB": 1.8883152649919628,
  "minPE": 1.7713,
  "maxPE": 12.8074,
  "medianPE": 7.63,
  "hienTaiPE": 9.278664671167558,
  "minPS": 1.4352,
  "maxPS": 3.5974,
  "medianPS": 2.06,
  "hienTaiPS": 2.8907857039166225
}