{
  "minPB": 1.383,
  "maxPB": 1.7209,
  "medianPB": 1.46,
  "hienTaiPB": 1.7209045364959694,
  "minPE": 7.9003,
  "maxPE": 8.9415,
  "medianPE": 8.26,
  "hienTaiPE": 8.45605414586589,
  "minPS": 1.4353,
  "maxPS": 3.5974,
  "medianPS": 2.07,
  "hienTaiPS": 2.63449982327447
}