{
  "minPB": 1.3956,
  "maxPB": 3.192,
  "medianPB": 2.36,
  "hienTaiPB": 2.7424650850148584,
  "minPE": 7.1262,
  "maxPE": 39.4569,
  "medianPE": 10.24,
  "hienTaiPE": 17.246244116540755,
  "minPS": 2.7877,
  "maxPS": 6.236,
  "medianPS": 4.62,
  "hienTaiPS": 6.133064012912583
}