{
  "minPB": 1.3956,
  "maxPB": 3.192,
  "medianPB": 2.37,
  "hienTaiPB": 2.849116504987659,
  "minPE": 7.1262,
  "maxPE": 39.4569,
  "medianPE": 10.25,
  "hienTaiPE": 17.91693138773956,
  "minPS": 2.7877,
  "maxPS": 6.236,
  "medianPS": 4.62,
  "hienTaiPS": 6.371572057859184
}