{
  "minPB": 0,
  "maxPB": 1.2222,
  "medianPB": 0.63,
  "hienTaiPB": 0.9790051294315826,
  "minPE": 0,
  "maxPE": 13.8916,
  "medianPE": 4.65,
  "hienTaiPE": 6.593523891277737,
  "minPS": 0,
  "maxPS": 1.2001,
  "medianPS": 0.48,
  "hienTaiPS": 1.2001077939320022
}