{
  "minPB": 0,
  "maxPB": 3.5947,
  "medianPB": 0.6,
  "hienTaiPB": 0.592639272126923,
  "minPE": -127.2375,
  "maxPE": 76.8332,
  "medianPE": 8.46,
  "hienTaiPE": 23.845764944737276,
  "minPS": 0,
  "maxPS": 3.5168,
  "medianPS": 0.53,
  "hienTaiPS": 0.5754667782887383
}