{
  "minPB": 0.3636,
  "maxPB": 3.6853,
  "medianPB": 0.64,
  "hienTaiPB": 0.5633731352317662,
  "minPE": -141.6418,
  "maxPE": 81.2873,
  "medianPE": 9.23,
  "hienTaiPE": 22.66819630549099,
  "minPS": 0.145,
  "maxPS": 3.5694,
  "medianPS": 0.64,
  "hienTaiPS": 0.5470486657806524
}