{
  "minPB": 0,
  "maxPB": 3.5947,
  "medianPB": 0.6,
  "hienTaiPB": 0.5853227379031338,
  "minPE": -127.2375,
  "maxPE": 76.8332,
  "medianPE": 8.47,
  "hienTaiPE": 23.551372784925704,
  "minPS": 0,
  "maxPS": 3.5168,
  "medianPS": 0.53,
  "hienTaiPS": 0.5683622501617167
}