{
  "minPB": 0,
  "maxPB": 3.5947,
  "medianPB": 0.6,
  "hienTaiPB": 0.5999558063507121,
  "minPE": -127.2375,
  "maxPE": 76.8332,
  "medianPE": 8.45,
  "hienTaiPE": 24.140157104548848,
  "minPS": 0,
  "maxPS": 3.5168,
  "medianPS": 0.53,
  "hienTaiPS": 0.5825713064157597
}