{
  "minPB": 0.3636,
  "maxPB": 3.6853,
  "medianPB": 0.64,
  "hienTaiPB": 0.5706896694555554,
  "minPE": -141.6418,
  "maxPE": 81.2873,
  "medianPE": 9.21,
  "hienTaiPE": 22.962588465302563,
  "minPS": 0.1435,
  "maxPS": 3.5695,
  "medianPS": 0.59,
  "hienTaiPS": 0.5541531939076738
}