{
  "minPB": 2.8545,
  "maxPB": 12.5436,
  "medianPB": 5.76,
  "hienTaiPB": 2.853551611906171,
  "minPE": 16.4384,
  "maxPE": 41.2577,
  "medianPE": 26.29,
  "hienTaiPE": 15.342955342799634,
  "minPS": 2.2218,
  "maxPS": 5.5572,
  "medianPS": 3.85,
  "hienTaiPS": 2.0844584787901645
}