{
  "minPB": 2.8605,
  "maxPB": 12.5436,
  "medianPB": 5.78,
  "hienTaiPB": 2.8425340381150273,
  "minPE": 16.5106,
  "maxPE": 41.2577,
  "medianPE": 26.33,
  "hienTaiPE": 15.283716132981874,
  "minPS": 2.2015,
  "maxPS": 5.5701,
  "medianPS": 3.82,
  "hienTaiPS": 2.076410376555453
}