{
  "minPB": 2.8545,
  "maxPB": 12.5436,
  "medianPB": 5.77,
  "hienTaiPB": 2.8425340381150273,
  "minPE": 16.4511,
  "maxPE": 41.2577,
  "medianPE": 26.31,
  "hienTaiPE": 15.283716132981874,
  "minPS": 2.2321,
  "maxPS": 5.5572,
  "medianPS": 3.85,
  "hienTaiPS": 2.076410376555453
}