{
  "minPB": 2.8545,
  "maxPB": 12.5436,
  "medianPB": 5.76,
  "hienTaiPB": 2.826007677428312,
  "minPE": 16.4511,
  "maxPE": 41.2577,
  "medianPE": 26.3,
  "hienTaiPE": 15.194857318255234,
  "minPS": 2.2315,
  "maxPS": 5.5572,
  "medianPS": 3.85,
  "hienTaiPS": 2.0643382232033867
}