{
  "minPB": 2.8545,
  "maxPB": 12.5436,
  "medianPB": 5.76,
  "hienTaiPB": 2.8370252512194556,
  "minPE": 16.3619,
  "maxPE": 41.2577,
  "medianPE": 26.26,
  "hienTaiPE": 15.254096528072994,
  "minPS": 2.2105,
  "maxPS": 5.5572,
  "medianPS": 3.84,
  "hienTaiPS": 2.0723863254380976
}