{
  "minPB": 2.8648,
  "maxPB": 12.5436,
  "medianPB": 5.79,
  "hienTaiPB": 2.8755867594884577,
  "minPE": 16.5106,
  "maxPE": 41.2577,
  "medianPE": 26.33,
  "hienTaiPE": 15.461433762435151,
  "minPS": 2.203,
  "maxPS": 5.5701,
  "medianPS": 3.82,
  "hienTaiPS": 2.1005546832595865
}