{
  "minPB": 2.8648,
  "maxPB": 12.5436,
  "medianPB": 5.79,
  "hienTaiPB": 2.903130693966317,
  "minPE": 16.5106,
  "maxPE": 41.2577,
  "medianPE": 26.33,
  "hienTaiPE": 15.609531786979549,
  "minPS": 2.2035,
  "maxPS": 5.5701,
  "medianPS": 3.83,
  "hienTaiPS": 2.120674938846364
}