{
  "minPB": 2.8648,
  "maxPB": 12.5436,
  "medianPB": 5.79,
  "hienTaiPB": 2.8866043332796014,
  "minPE": 16.5106,
  "maxPE": 41.2577,
  "medianPE": 26.33,
  "hienTaiPE": 15.52067297225291,
  "minPS": 2.2035,
  "maxPS": 5.5701,
  "medianPS": 3.82,
  "hienTaiPS": 2.1086027854942975
}