{
  "minPB": 0.4272,
  "maxPB": 1.5378,
  "medianPB": 0.66,
  "hienTaiPB": 1.4198844349637754,
  "minPE": 2.0901,
  "maxPE": 25.8892,
  "medianPE": 5.92,
  "hienTaiPE": 14.605813535426815,
  "minPS": 0.1988,
  "maxPS": 1.0998,
  "medianPS": 0.35,
  "hienTaiPS": 0.6696206275254672
}