{
  "minPB": 0.4272,
  "maxPB": 1.5378,
  "medianPB": 0.66,
  "hienTaiPB": 1.4855438308002507,
  "minPE": 2.0901,
  "maxPE": 25.8892,
  "medianPE": 5.92,
  "hienTaiPE": 15.281226878105512,
  "minPS": 0.1988,
  "maxPS": 1.0998,
  "medianPS": 0.35,
  "hienTaiPS": 0.7005857432491882
}