{
  "minPB": 1.121,
  "maxPB": 4.8426,
  "medianPB": 3.25,
  "hienTaiPB": 4.953972200289887,
  "minPE": 4.2095,
  "maxPE": 15.9649,
  "medianPE": 10.94,
  "hienTaiPE": 14.855811746324047,
  "minPS": 0.1578,
  "maxPS": 0.9659,
  "medianPS": 0.43,
  "hienTaiPS": 0.9770049276045534
}