{
  "minPB": 1.1488,
  "maxPB": 4.881,
  "medianPB": 3.25,
  "hienTaiPB": 5.443461787371341,
  "minPE": 4.2755,
  "maxPE": 15.9649,
  "medianPE": 10.94,
  "hienTaiPE": 16.323677302178893,
  "minPS": 0.1585,
  "maxPS": 1.0072,
  "medianPS": 0.44,
  "hienTaiPS": 1.0735403378278312
}