{
  "minPB": 1.121,
  "maxPB": 4.7905,
  "medianPB": 3.25,
  "hienTaiPB": 4.574195796519794,
  "minPE": 4.2095,
  "maxPE": 15.9649,
  "medianPE": 10.94,
  "hienTaiPE": 13.716950539195288,
  "minPS": 0.1578,
  "maxPS": 0.9659,
  "medianPS": 0.43,
  "hienTaiPS": 0.9021067645002862
}