{
  "minPB": 1.121,
  "maxPB": 4.8426,
  "medianPB": 3.25,
  "hienTaiPB": 4.970851151568558,
  "minPE": 4.2095,
  "maxPE": 15.9649,
  "medianPE": 10.94,
  "hienTaiPE": 14.906427799974216,
  "minPS": 0.1578,
  "maxPS": 0.9659,
  "medianPS": 0.43,
  "hienTaiPS": 0.980333734853632
}