{
  "minPB": 1.121,
  "maxPB": 4.8426,
  "medianPB": 3.25,
  "hienTaiPB": 5.063685383601247,
  "minPE": 4.2095,
  "maxPE": 15.9649,
  "medianPE": 10.94,
  "hienTaiPE": 15.184816095050135,
  "minPS": 0.1578,
  "maxPS": 0.9659,
  "medianPS": 0.43,
  "hienTaiPS": 0.998642174723564
}