{
  "minPB": 1.121,
  "maxPB": 4.8426,
  "medianPB": 3.25,
  "hienTaiPB": 5.401264409174664,
  "minPE": 4.2095,
  "maxPE": 15.9649,
  "medianPE": 10.94,
  "hienTaiPE": 16.197137168053477,
  "minPS": 0.1578,
  "maxPS": 0.9319,
  "medianPS": 0.43,
  "hienTaiPS": 1.0652183197051348
}