{
  "minPB": 1.121,
  "maxPB": 4.8426,
  "medianPB": 3.25,
  "hienTaiPB": 5.3168696527813095,
  "minPE": 4.2095,
  "maxPE": 15.9649,
  "medianPE": 10.94,
  "hienTaiPE": 15.944056899802641,
  "minPS": 0.1578,
  "maxPS": 0.9424,
  "medianPS": 0.43,
  "hienTaiPS": 1.0485742834597422
}