{
  "minPB": 0.3137,
  "maxPB": 1.7866,
  "medianPB": 0.67,
  "hienTaiPB": 0.6658457114635215,
  "minPE": -119.7326,
  "maxPE": 368.3405,
  "medianPE": 24.01,
  "hienTaiPE": 31.905821520953396,
  "minPS": 0.6495,
  "maxPS": 4.3831,
  "medianPS": 1.05,
  "hienTaiPS": 0.6633411258293269
}