{
  "minPB": 0.3137,
  "maxPB": 1.7845,
  "medianPB": 0.67,
  "hienTaiPB": 0.6734014074801288,
  "minPE": -119.5426,
  "maxPE": 367.8165,
  "medianPE": 24.03,
  "hienTaiPE": 32.26787339636847,
  "minPS": 0.6699,
  "maxPS": 5.3649,
  "medianPS": 1.08,
  "hienTaiPS": 0.6708684010160427
}