{
  "minPB": 0.3137,
  "maxPB": 1.7866,
  "medianPB": 0.67,
  "hienTaiPB": 0.6488453954261549,
  "minPE": -119.7326,
  "maxPE": 368.3405,
  "medianPE": 24,
  "hienTaiPE": 31.09120480126948,
  "minPS": 0.6495,
  "maxPS": 4.3831,
  "medianPS": 1.05,
  "hienTaiPS": 0.6464047566592165
}