{
  "minPB": 0.3137,
  "maxPB": 1.7866,
  "medianPB": 0.67,
  "hienTaiPB": 0.6573455534448381,
  "minPE": -119.7326,
  "maxPE": 368.3405,
  "medianPE": 23.99,
  "hienTaiPE": 31.498513161111436,
  "minPS": 0.6495,
  "maxPS": 4.3831,
  "medianPS": 1.05,
  "hienTaiPS": 0.6548729412442718
}