{
  "minPB": 0.3137,
  "maxPB": 1.7845,
  "medianPB": 0.67,
  "hienTaiPB": 0.7140132735693931,
  "minPE": -119.5426,
  "maxPE": 367.8165,
  "medianPE": 24.1,
  "hienTaiPE": 34.21390222672449,
  "minPS": 0.6699,
  "maxPS": 5.3385,
  "medianPS": 1.08,
  "hienTaiPS": 0.7113275051446399
}