{
  "minPB": 0.3137,
  "maxPB": 1.7866,
  "medianPB": 0.67,
  "hienTaiPB": 0.6299561553846366,
  "minPE": -119.7326,
  "maxPE": 368.3405,
  "medianPE": 23.98,
  "hienTaiPE": 30.186075112731793,
  "minPS": 0.6495,
  "maxPS": 4.3831,
  "medianPS": 1.05,
  "hienTaiPS": 0.627586568692427
}