{
  "minPB": 0,
  "maxPB": 3.2081,
  "medianPB": 2.39,
  "hienTaiPB": 3.901579463561422,
  "minPE": -590.8717,
  "maxPE": 891.8128,
  "medianPE": 13.55,
  "hienTaiPE": 14.872412677966116,
  "minPS": 1.188,
  "maxPS": 10.7559,
  "medianPS": 1.7,
  "hienTaiPS": 2.1995720960301335
}