{
  "minPB": 0,
  "maxPB": 3.1997,
  "medianPB": 2.39,
  "hienTaiPB": 3.7794005659551146,
  "minPE": -590.8717,
  "maxPE": 891.8128,
  "medianPE": 13.54,
  "hienTaiPE": 14.406679504334608,
  "minPS": 1.188,
  "maxPS": 10.7559,
  "medianPS": 1.7,
  "hienTaiPS": 2.1306919677619667
}