{
  "minPB": 0,
  "maxPB": 3.1955,
  "medianPB": 2.39,
  "hienTaiPB": 3.816787308622645,
  "minPE": -590.8717,
  "maxPE": 891.8128,
  "medianPE": 13.54,
  "hienTaiPE": 14.54919385546585,
  "minPS": 1.188,
  "maxPS": 10.7559,
  "medianPS": 1.7,
  "hienTaiPS": 2.151769287012026
}