{
  "minPB": 0,
  "maxPB": 3.2112,
  "medianPB": 2.39,
  "hienTaiPB": 3.820126865157217,
  "minPE": -590.8717,
  "maxPE": 891.8128,
  "medianPE": 13.55,
  "hienTaiPE": 14.56192389554511,
  "minPS": 1.188,
  "maxPS": 10.7559,
  "medianPS": 1.7,
  "hienTaiPS": 2.153652010518022
}