{
  "minPB": 2.6163,
  "maxPB": 4.0994,
  "medianPB": 3.08,
  "hienTaiPB": 4.113356219412355,
  "minPE": 11.7745,
  "maxPE": 15.6266,
  "medianPE": 13.81,
  "hienTaiPE": 15.679683512260727,
  "minPS": 1.188,
  "maxPS": 10.4964,
  "medianPS": 1.7,
  "hienTaiPS": 2.318964318361623
}