{
  "minPB": 2.6163,
  "maxPB": 4.0994,
  "medianPB": 3.09,
  "hienTaiPB": 3.9656012059071273,
  "minPE": 11.7745,
  "maxPE": 15.6266,
  "medianPE": 13.86,
  "hienTaiPE": 15.116456860949025,
  "minPS": 1.188,
  "maxPS": 10.4964,
  "medianPS": 1.7,
  "hienTaiPS": 2.2356652832426533
}