{
  "minPB": 0,
  "maxPB": 3.1932,
  "medianPB": 2.39,
  "hienTaiPB": 3.7957725382343597,
  "minPE": -590.8717,
  "maxPE": 891.8128,
  "medianPE": 13.53,
  "hienTaiPE": 14.469087749601231,
  "minPS": 1.188,
  "maxPS": 10.7559,
  "medianPS": 1.7,
  "hienTaiPS": 2.139921904949901
}