{
  "minPB": 2.6163,
  "maxPB": 4.0994,
  "medianPB": 3.09,
  "hienTaiPB": 4.050474813444309,
  "minPE": 11.7745,
  "maxPE": 15.6266,
  "medianPE": 13.84,
  "hienTaiPE": 15.43998617223171,
  "minPS": 1.188,
  "maxPS": 10.4964,
  "medianPS": 1.7,
  "hienTaiPS": 2.283514012346273
}