{
  "minPB": 0,
  "maxPB": 3.1965,
  "medianPB": 2.39,
  "hienTaiPB": 3.8299011769657216,
  "minPE": -590.8717,
  "maxPE": 891.8128,
  "medianPE": 13.54,
  "hienTaiPE": 14.59918254943563,
  "minPS": 1.188,
  "maxPS": 10.7559,
  "medianPS": 1.7,
  "hienTaiPS": 2.1591624207794755
}