{
  "minPB": 0.2523,
  "maxPB": 1.4765,
  "medianPB": 0.58,
  "hienTaiPB": 1.3485241897707123,
  "minPE": -31.88,
  "maxPE": 41.2408,
  "medianPE": 8.37,
  "hienTaiPE": 9.421421526870866,
  "minPS": 0.1284,
  "maxPS": 0.8506,
  "medianPS": 0.25,
  "hienTaiPS": 0.47551197893492564
}