{
  "minPB": 0.2523,
  "maxPB": 1.4744,
  "medianPB": 0.58,
  "hienTaiPB": 1.3616805233294509,
  "minPE": -31.7748,
  "maxPE": 41.1315,
  "medianPE": 8.37,
  "hienTaiPE": 9.513337834450093,
  "minPS": 0.1284,
  "maxPS": 0.8506,
  "medianPS": 0.25,
  "hienTaiPS": 0.48015112019282735
}