{
  "minPB": 0.2523,
  "maxPB": 1.4744,
  "medianPB": 0.58,
  "hienTaiPB": 1.3649696067191355,
  "minPE": -31.7748,
  "maxPE": 41.1315,
  "medianPE": 8.38,
  "hienTaiPE": 9.5363169113449,
  "minPS": 0.1286,
  "maxPS": 0.8496,
  "medianPS": 0.25,
  "hienTaiPS": 0.48131090550730277
}