{
  "minPB": 0.4028,
  "maxPB": 1.9825,
  "medianPB": 1.12,
  "hienTaiPB": 1.8573734079434239,
  "minPE": 5.1528,
  "maxPE": 76.0089,
  "medianPE": 9.1,
  "hienTaiPE": 16.004464246819325,
  "minPS": 1.0831,
  "maxPS": 16.848,
  "medianPS": 3.1,
  "hienTaiPS": 6.882176682886411
}