{
  "minPB": 0.4028,
  "maxPB": 1.9816,
  "medianPB": 1.12,
  "hienTaiPB": 1.84810199326151,
  "minPE": 5.1528,
  "maxPE": 75.8969,
  "medianPE": 9.11,
  "hienTaiPE": 15.924575074206249,
  "minPS": 1.0831,
  "maxPS": 16.848,
  "medianPS": 3.1,
  "hienTaiPS": 6.847823055517593
}