{
  "minPB": 0.4028,
  "maxPB": 1.9825,
  "medianPB": 1.12,
  "hienTaiPB": 1.8790067088678897,
  "minPE": 5.1528,
  "maxPE": 76.0089,
  "medianPE": 9.1,
  "hienTaiPE": 16.19087231624983,
  "minPS": 1.0831,
  "maxPS": 16.6543,
  "medianPS": 3.11,
  "hienTaiPS": 6.962335146746985
}