{
  "minPB": 0.4028,
  "maxPB": 1.9825,
  "medianPB": 1.12,
  "hienTaiPB": 1.835740107018958,
  "minPE": 5.1528,
  "maxPE": 76.0089,
  "medianPE": 9.11,
  "hienTaiPE": 15.818056177388817,
  "minPS": 1.0831,
  "maxPS": 16.848,
  "medianPS": 3.1,
  "hienTaiPS": 6.802018219025837
}