{
  "minPB": 0.4028,
  "maxPB": 1.9825,
  "medianPB": 1.12,
  "hienTaiPB": 1.8913685951104415,
  "minPE": 5.1528,
  "maxPE": 76.0089,
  "medianPE": 9.1,
  "hienTaiPE": 16.297391213067264,
  "minPS": 1.0831,
  "maxPS": 16.848,
  "medianPS": 3.1,
  "hienTaiPS": 7.008139983238741
}