{
  "minPB": 0.4028,
  "maxPB": 1.9806,
  "medianPB": 1.12,
  "hienTaiPB": 1.8511924648221478,
  "minPE": 5.1528,
  "maxPE": 75.7848,
  "medianPE": 9.11,
  "hienTaiPE": 15.951204798410608,
  "minPS": 1.0831,
  "maxPS": 16.848,
  "medianPS": 3.1,
  "hienTaiPS": 6.859274264640533
}