{
  "minPB": 0.6499,
  "maxPB": 0.9498,
  "medianPB": 0.72,
  "hienTaiPB": 0.9971889917379635,
  "minPE": -397.6546,
  "maxPE": -7.5987,
  "medianPE": -10.23,
  "hienTaiPE": -2.2974,
  "minPS": 0.5475,
  "maxPS": 0.8229,
  "medianPS": 0.63,
  "hienTaiPS": 0.5419332811403492
}