{
  "minPB": 0.6729,
  "maxPB": 1.4552,
  "medianPB": 0.9,
  "hienTaiPB": 0.7058496066524429,
  "minPE": 0,
  "maxPE": 17.4429,
  "medianPE": 8.18,
  "hienTaiPE": -16.981,
  "minPS": 0.09,
  "maxPS": 0.1929,
  "medianPS": 0.13,
  "hienTaiPS": 0.1454489131740527
}