{
  "minPB": 0.7146,
  "maxPB": 0.9676,
  "medianPB": 0.8,
  "hienTaiPB": 0.7147844117999422,
  "minPE": -19.2838,
  "maxPE": 21.5707,
  "medianPE": 10.35,
  "hienTaiPE": -17.2042,
  "minPS": 0.09,
  "maxPS": 0.1929,
  "medianPS": 0.13,
  "hienTaiPS": 0.14729003865726856
}