{
  "minPB": 0.6729,
  "maxPB": 1.4552,
  "medianPB": 0.9,
  "hienTaiPB": 0.7749156504426123,
  "minPE": 0,
  "maxPE": 17.4348,
  "medianPE": 8.17,
  "hienTaiPE": -18.8924,
  "minPS": 0.09,
  "maxPS": 0.1929,
  "medianPS": 0.13,
  "hienTaiPS": 0.1596808131593113
}