{
  "minPB": 0.7778,
  "maxPB": 1.211,
  "medianPB": 0.97,
  "hienTaiPB": 0.9603438710918653,
  "minPE": 6.5249,
  "maxPE": 16.5956,
  "medianPE": 13.38,
  "hienTaiPE": 13.108449531345048,
  "minPS": 0.0609,
  "maxPS": 0.1774,
  "medianPS": 0.11,
  "hienTaiPS": 0.17557890842454577
}