{
  "minPB": 0.7778,
  "maxPB": 1.211,
  "medianPB": 0.97,
  "hienTaiPB": 0.8995076077647787,
  "minPE": 6.5249,
  "maxPE": 16.5956,
  "medianPE": 13.38,
  "hienTaiPE": 12.278050013522284,
  "minPS": 0.0609,
  "maxPS": 0.1774,
  "medianPS": 0.11,
  "hienTaiPS": 0.16445626264199537
}