{
  "minPB": 0.7778,
  "maxPB": 1.211,
  "medianPB": 0.97,
  "hienTaiPB": 1.0733255029850257,
  "minPE": 6.5249,
  "maxPE": 16.5518,
  "medianPE": 13.09,
  "hienTaiPE": 14.650620064444466,
  "minPS": 0.0609,
  "maxPS": 0.1407,
  "medianPS": 0.11,
  "hienTaiPS": 0.1962352505921394
}