{
  "minPB": 0.7778,
  "maxPB": 1.211,
  "medianPB": 0.97,
  "hienTaiPB": 1.0124892396579392,
  "minPE": 6.5249,
  "maxPE": 16.5518,
  "medianPE": 13.1,
  "hienTaiPE": 13.820220546621702,
  "minPS": 0.0609,
  "maxPS": 0.1406,
  "medianPS": 0.11,
  "hienTaiPS": 0.185112604809589
}