{
  "minPB": 0.7778,
  "maxPB": 1.211,
  "medianPB": 0.97,
  "hienTaiPB": 1.0385619239409765,
  "minPE": 6.5249,
  "maxPE": 16.5518,
  "medianPE": 13.22,
  "hienTaiPE": 14.176106054260028,
  "minPS": 0.0609,
  "maxPS": 0.1405,
  "medianPS": 0.11,
  "hienTaiPS": 0.1898794530021106
}