{
  "minPB": 0.7778,
  "maxPB": 1.211,
  "medianPB": 0.97,
  "hienTaiPB": 1.0559437134630012,
  "minPE": 6.5249,
  "maxPE": 16.5518,
  "medianPE": 12.94,
  "hienTaiPE": 14.413363059352246,
  "minPS": 0.0609,
  "maxPS": 0.1518,
  "medianPS": 0.11,
  "hienTaiPS": 0.193057351797125
}