{
  "minPB": 1.3994,
  "maxPB": 5.2103,
  "medianPB": 2.26,
  "hienTaiPB": 3.659749499951358,
  "minPE": 4.0683,
  "maxPE": 18.9089,
  "medianPE": 10.48,
  "hienTaiPE": 22.170841642568856,
  "minPS": 2.3757,
  "maxPS": 8.4094,
  "medianPS": 5.13,
  "hienTaiPS": 9.598752128225252
}