{
  "minPB": 1.3994,
  "maxPB": 5.2103,
  "medianPB": 2.26,
  "hienTaiPB": 3.772937628815833,
  "minPE": 4.0683,
  "maxPE": 18.9468,
  "medianPE": 10.48,
  "hienTaiPE": 22.85653777584418,
  "minPS": 2.3757,
  "maxPS": 8.4134,
  "medianPS": 5.13,
  "hienTaiPS": 9.895620750747682
}