{
  "minPB": 1.3994,
  "maxPB": 5.2103,
  "medianPB": 2.25,
  "hienTaiPB": 3.6672953752089894,
  "minPE": 4.0683,
  "maxPE": 18.9089,
  "medianPE": 10.48,
  "hienTaiPE": 22.216554718120545,
  "minPS": 2.3757,
  "maxPS": 8.4058,
  "medianPS": 5.13,
  "hienTaiPS": 9.618543369726748
}