{
  "minPB": 3.5617,
  "maxPB": 4.0698,
  "medianPB": 3.97,
  "hienTaiPB": 3.7681082686509484,
  "minPE": 18.0391,
  "maxPE": 22.8565,
  "medianPE": 18.83,
  "hienTaiPE": 22.8272814074911,
  "minPS": 2.3757,
  "maxPS": 8.3854,
  "medianPS": 5.21,
  "hienTaiPS": 9.882954356186724
}