{
  "minPB": 1.3994,
  "maxPB": 5.2103,
  "medianPB": 2.26,
  "hienTaiPB": 3.788029379331096,
  "minPE": 4.0683,
  "maxPE": 19.0129,
  "medianPE": 10.48,
  "hienTaiPE": 22.94796392694756,
  "minPS": 2.3757,
  "maxPS": 8.536,
  "medianPS": 5.14,
  "hienTaiPS": 9.935203233750673
}