{
  "minPB": 3.5617,
  "maxPB": 4.0698,
  "medianPB": 3.97,
  "hienTaiPB": 3.6672953752089894,
  "minPE": 18.0391,
  "maxPE": 22.8565,
  "medianPE": 18.84,
  "hienTaiPE": 22.216554718120545,
  "minPS": 2.3757,
  "maxPS": 8.3854,
  "medianPS": 5.21,
  "hienTaiPS": 9.618543369726748
}