{
  "minPB": 3.5617,
  "maxPB": 4.0698,
  "medianPB": 3.97,
  "hienTaiPB": 3.5616531216021463,
  "minPE": 18.0391,
  "maxPE": 22.8565,
  "medianPE": 18.83,
  "hienTaiPE": 21.576571660396908,
  "minPS": 2.3757,
  "maxPS": 8.3842,
  "medianPS": 5.21,
  "hienTaiPS": 9.341465988705812
}