{
  "minPB": 0.3769,
  "maxPB": 0.5132,
  "medianPB": 0.45,
  "hienTaiPB": 0.4569181321344701,
  "minPE": 36.4964,
  "maxPE": 53.981,
  "medianPE": 46.23,
  "hienTaiPE": 43.4480930160776,
  "minPS": 0.5246,
  "maxPS": 1.1691,
  "medianPS": 0.68,
  "hienTaiPS": 0.5992287991204638
}