{
  "minPB": 0.4211,
  "maxPB": 1.6342,
  "medianPB": 0.73,
  "hienTaiPB": 0.4046989170333878,
  "minPE": -180.5839,
  "maxPE": 1377.4679,
  "medianPE": 10.59,
  "hienTaiPE": 38.48259667138302,
  "minPS": 0.5308,
  "maxPS": 1.1691,
  "medianPS": 0.69,
  "hienTaiPS": 0.5307455077924108
}