{
  "minPB": 0.4206,
  "maxPB": 1.6342,
  "medianPB": 0.73,
  "hienTaiPB": 0.46997293590974065,
  "minPE": -180.5839,
  "maxPE": 1377.4679,
  "medianPE": 10.59,
  "hienTaiPE": 44.68946710225125,
  "minPS": 0.5308,
  "maxPS": 1.1691,
  "medianPS": 0.69,
  "hienTaiPS": 0.6163496219524771
}