{
  "minPB": 0.3769,
  "maxPB": 0.5132,
  "medianPB": 0.44,
  "hienTaiPB": 0.4438633283591995,
  "minPE": 36.4964,
  "maxPE": 53.981,
  "medianPE": 46.4,
  "hienTaiPE": 42.20671892990396,
  "minPS": 0.5246,
  "maxPS": 1.1691,
  "medianPS": 0.68,
  "hienTaiPS": 0.5821079762884506
}