{
  "minPB": 0.4226,
  "maxPB": 1.6342,
  "medianPB": 0.73,
  "hienTaiPB": 0.41775372080865836,
  "minPE": -180.5839,
  "maxPE": 1377.4679,
  "medianPE": 10.59,
  "hienTaiPE": 39.723970757556664,
  "minPS": 0.5328,
  "maxPS": 1.1691,
  "medianPS": 0.69,
  "hienTaiPS": 0.547866330624424
}