{
  "minPB": 2.2081,
  "maxPB": 2.9571,
  "medianPB": 2.24,
  "hienTaiPB": 2.907235564662998,
  "minPE": 9.8799,
  "maxPE": 11.3459,
  "medianPE": 10.04,
  "hienTaiPE": 10.452907047001585,
  "minPS": 2.9834,
  "maxPS": 6.9242,
  "medianPS": 4.76,
  "hienTaiPS": 5.631798298236025
}