{
  "minPB": 2.2081,
  "maxPB": 2.9571,
  "medianPB": 2.24,
  "hienTaiPB": 2.9570738886286496,
  "minPE": 9.8799,
  "maxPE": 11.3459,
  "medianPE": 10.04,
  "hienTaiPE": 10.632099739235898,
  "minPS": 2.9834,
  "maxPS": 6.9242,
  "medianPS": 4.76,
  "hienTaiPS": 5.728343411920071
}