{
  "minPB": 1.6395,
  "maxPB": 2.5792,
  "medianPB": 2.17,
  "hienTaiPB": 2.8241716913869124,
  "minPE": 8.1099,
  "maxPE": 32.7182,
  "medianPE": 11.7,
  "hienTaiPE": 10.154252559944396,
  "minPS": 2.9834,
  "maxPS": 6.9242,
  "medianPS": 4.76,
  "hienTaiPS": 5.470889775429281
}