{
  "minPB": 0.81,
  "maxPB": 1.04,
  "medianPB": 0.93,
  "hienTaiPB": 1.04,
  "minPE": 8.0877,
  "maxPE": 18.0676,
  "medianPE": 9.49,
  "hienTaiPE": 18.067606227396475,
  "minPS": 2.265,
  "maxPS": 4.9832,
  "medianPS": 2.96,
  "hienTaiPS": 3.153031202997944
}