{
  "minPB": 0.6725,
  "maxPB": 1.5799,
  "medianPB": 0.98,
  "hienTaiPB": 0.98,
  "minPE": 9.3174,
  "maxPE": 65.7037,
  "medianPE": 17.2,
  "hienTaiPE": 17.025244329662062,
  "minPS": 2.265,
  "maxPS": 4.9869,
  "medianPS": 2.99,
  "hienTaiPS": 2.97112555667114
}