{
  "minPB": -0.7752,
  "maxPB": 9.0716,
  "medianPB": 1.35,
  "hienTaiPB": 2.911518714046278,
  "minPE": -519.8937,
  "maxPE": 5612.0393,
  "medianPE": 12.62,
  "hienTaiPE": -11.1679,
  "minPS": 0.4413,
  "maxPS": 12.4857,
  "medianPS": 3.02,
  "hienTaiPS": 6.364245331876838
}