{
  "minPB": -0.7752,
  "maxPB": 9.0716,
  "medianPB": 1.35,
  "hienTaiPB": 2.9588604817543476,
  "minPE": -519.8937,
  "maxPE": 5612.0393,
  "medianPE": 12.55,
  "hienTaiPE": -11.2971,
  "minPS": 0.4413,
  "maxPS": 12.4857,
  "medianPS": 3.03,
  "hienTaiPS": 6.467728995809795
}