{
  "minPB": 2.1997,
  "maxPB": 2.7437,
  "medianPB": 2.35,
  "hienTaiPB": 2.7409807553706185,
  "minPE": -13.7153,
  "maxPE": -10.0872,
  "medianPE": -12.55,
  "hienTaiPE": -10.4687,
  "minPS": 0.4413,
  "maxPS": 12.465,
  "medianPS": 3.09,
  "hienTaiPS": 5.991468951572892
}