{
  "minPB": -0.7752,
  "maxPB": 9.0716,
  "medianPB": 1.35,
  "hienTaiPB": 2.8512655551450985,
  "minPE": -519.8937,
  "maxPE": 5612.0393,
  "medianPE": 12.64,
  "hienTaiPE": -10.5876,
  "minPS": 0.4413,
  "maxPS": 12.4857,
  "medianPS": 3.02,
  "hienTaiPS": 6.232538850507621
}