{
  "minPB": 0.8485,
  "maxPB": 2.46,
  "medianPB": 1.19,
  "hienTaiPB": 1.0535353605510875,
  "minPE": 3.3026,
  "maxPE": 36.1186,
  "medianPE": 15.04,
  "hienTaiPE": 13.331693879431997,
  "minPS": 0.3347,
  "maxPS": 2.9203,
  "medianPS": 0.95,
  "hienTaiPS": 0.3679491518103078
}