{
  "minPB": 0.8483,
  "maxPB": 2.46,
  "medianPB": 1.19,
  "hienTaiPB": 1.0690856979761958,
  "minPE": 3.3026,
  "maxPE": 36.13,
  "medianPE": 15.04,
  "hienTaiPE": 13.528471648870108,
  "minPS": 0.3347,
  "maxPS": 2.9203,
  "medianPS": 0.95,
  "hienTaiPS": 0.37338013560086586
}