{
  "minPB": 0.848,
  "maxPB": 2.46,
  "medianPB": 1.19,
  "hienTaiPB": 1.0418726074822562,
  "minPE": 3.3026,
  "maxPE": 36.1414,
  "medianPE": 15.05,
  "hienTaiPE": 13.184110552353415,
  "minPS": 0.3347,
  "maxPS": 2.9203,
  "medianPS": 0.95,
  "hienTaiPS": 0.3638759139673893
}