{
  "minPB": 0.4555,
  "maxPB": 2.1365,
  "medianPB": 0.68,
  "hienTaiPB": 0.5831639681732002,
  "minPE": -56.5399,
  "maxPE": 43.0216,
  "medianPE": 7.38,
  "hienTaiPE": -8.7324,
  "minPS": 0.464,
  "maxPS": 1.8755,
  "medianPS": 0.71,
  "hienTaiPS": 0.5321013095899924
}