{
  "minPB": 0.4555,
  "maxPB": 2.1365,
  "medianPB": 0.68,
  "hienTaiPB": 0.5748160177085532,
  "minPE": -56.5399,
  "maxPE": 43.0216,
  "medianPE": 7.38,
  "hienTaiPE": -57.817,
  "minPS": 0.464,
  "maxPS": 1.8755,
  "medianPS": 0.71,
  "hienTaiPS": 0.6134364436475788
}