{
  "minPB": 0.4555,
  "maxPB": 2.1365,
  "medianPB": 0.67,
  "hienTaiPB": 0.5479833197864734,
  "minPE": -56.5399,
  "maxPE": 43.0215,
  "medianPE": 7.35,
  "hienTaiPE": -8.3248,
  "minPS": 0.4612,
  "maxPS": 1.8755,
  "medianPS": 0.72,
  "hienTaiPS": 0.5000011283366084
}