{
  "minPB": 0.4555,
  "maxPB": 2.1365,
  "medianPB": 0.68,
  "hienTaiPB": 0.5444056267301961,
  "minPE": -56.5399,
  "maxPE": 43.0215,
  "medianPE": 7.36,
  "hienTaiPE": -8.6056,
  "minPS": 0.4612,
  "maxPS": 1.8755,
  "medianPS": 0.72,
  "hienTaiPS": 0.4967367031243998
}