{
  "minPB": 0.5379,
  "maxPB": 3.1089,
  "medianPB": 1.03,
  "hienTaiPB": 0.8719045163792731,
  "minPE": 5.6396,
  "maxPE": 28.4027,
  "medianPE": 10.07,
  "hienTaiPE": 9.042754841941393,
  "minPS": 0.0948,
  "maxPS": 0.6327,
  "medianPS": 0.2,
  "hienTaiPS": 0.121471595653327
}