{
  "minPB": 0.5379,
  "maxPB": 3.1089,
  "medianPB": 1.03,
  "hienTaiPB": 0.7997334490279687,
  "minPE": 5.6396,
  "maxPE": 28.4027,
  "medianPE": 10.07,
  "hienTaiPE": 8.29424940759725,
  "minPS": 0.0955,
  "maxPS": 0.6327,
  "medianPS": 0.2,
  "hienTaiPS": 0.11141689981625072
}