{
  "minPB": 0.5379,
  "maxPB": 3.1121,
  "medianPB": 1.03,
  "hienTaiPB": 0.8953113490337503,
  "minPE": 5.6321,
  "maxPE": 28.4027,
  "medianPE": 10.07,
  "hienTaiPE": 9.285513361188142,
  "minPS": 0.0948,
  "maxPS": 0.6327,
  "medianPS": 0.2,
  "hienTaiPS": 0.12473257808697336
}