{
  "minPB": 0.5379,
  "maxPB": 3.1152,
  "medianPB": 1.03,
  "hienTaiPB": 0.8250908510703189,
  "minPE": 5.6246,
  "maxPE": 28.4027,
  "medianPE": 10.07,
  "hienTaiPE": 8.557237803447896,
  "minPS": 0.0948,
  "maxPS": 0.6327,
  "medianPS": 0.2,
  "hienTaiPS": 0.11494963078603428
}