{
  "minPB": 0.5379,
  "maxPB": 3.1089,
  "medianPB": 1.03,
  "hienTaiPB": 0.8328931286218113,
  "minPE": 5.6396,
  "maxPE": 28.4027,
  "medianPE": 10.07,
  "hienTaiPE": 8.638157309863479,
  "minPS": 0.0948,
  "maxPS": 0.6327,
  "medianPS": 0.2,
  "hienTaiPS": 0.11603662493058306
}