{
  "minPB": 0.5379,
  "maxPB": 3.1152,
  "medianPB": 1.03,
  "hienTaiPB": 0.7217106735130449,
  "minPE": 5.6246,
  "maxPE": 28.4028,
  "medianPE": 10.07,
  "hienTaiPE": 7.475118882380502,
  "minPS": 0.0946,
  "maxPS": 0.5789,
  "medianPS": 0.19,
  "hienTaiPS": 0.09000656760681086
}