{
  "minPB": 4.3113,
  "maxPB": 7.1038,
  "medianPB": 4.92,
  "hienTaiPB": 4.2692055933963955,
  "minPE": -3600.9952,
  "maxPE": 277.6299,
  "medianPE": 38.53,
  "hienTaiPE": 40.97866965631872,
  "minPS": 1.9381,
  "maxPS": 7.9942,
  "medianPS": 3.25,
  "hienTaiPS": 3.284646977145009
}