{
  "minPB": 4.3179,
  "maxPB": 7.1038,
  "medianPB": 4.92,
  "hienTaiPB": 4.28222146410797,
  "minPE": -3600.9952,
  "maxPE": 277.6299,
  "medianPE": 38.51,
  "hienTaiPE": 41.1036046247831,
  "minPS": 1.9381,
  "maxPS": 7.9942,
  "medianPS": 3.25,
  "hienTaiPS": 3.2946611447582557
}