{
  "minPB": 4.3113,
  "maxPB": 7.1038,
  "medianPB": 4.92,
  "hienTaiPB": 4.275713528752183,
  "minPE": -3600.9952,
  "maxPE": 277.6299,
  "medianPE": 38.51,
  "hienTaiPE": 35.43475788005507,
  "minPS": 1.9381,
  "maxPS": 7.9942,
  "medianPS": 3.25,
  "hienTaiPS": 2.064460925215155
}