{
  "minPB": 4.3047,
  "maxPB": 7.1038,
  "medianPB": 4.92,
  "hienTaiPB": 4.262697658040608,
  "minPE": -3600.9952,
  "maxPE": 277.6299,
  "medianPE": 38.47,
  "hienTaiPE": 35.3268895151234,
  "minPS": 1.9583,
  "maxPS": 8.0308,
  "medianPS": 3,
  "hienTaiPS": 2.0581764170714254
}