{
  "minPB": 0.4347,
  "maxPB": 3.0613,
  "medianPB": 0.72,
  "hienTaiPB": 0.48444712175455806,
  "minPE": 2.2091,
  "maxPE": 30.4017,
  "medianPE": 7.06,
  "hienTaiPE": 10333.254420421432,
  "minPS": 0.0565,
  "maxPS": 0.9972,
  "medianPS": 0.18,
  "hienTaiPS": 0.23898209561621456
}