{
  "minPB": 0.4347,
  "maxPB": 3.0613,
  "medianPB": 0.72,
  "hienTaiPB": 0.478314879707032,
  "minPE": 2.2091,
  "maxPE": 25.1319,
  "medianPE": 7.05,
  "hienTaiPE": 10202.453731555339,
  "minPS": 0.0569,
  "maxPS": 0.9901,
  "medianPS": 0.18,
  "hienTaiPS": 0.2359570057982878
}