{
  "minPB": 0.4347,
  "maxPB": 3.0613,
  "medianPB": 0.72,
  "hienTaiPB": 0.49671160584961016,
  "minPE": 2.2091,
  "maxPE": 30.0069,
  "medianPE": 7.06,
  "hienTaiPE": 10594.855798153621,
  "minPS": 0.0565,
  "maxPS": 0.9972,
  "medianPS": 0.18,
  "hienTaiPS": 0.24503227525206808
}