{
  "minPB": 0.4347,
  "maxPB": 3.0613,
  "medianPB": 0.72,
  "hienTaiPB": 0.4660503956119799,
  "minPE": 2.2091,
  "maxPE": 30.0069,
  "medianPE": 7.06,
  "hienTaiPE": 9940.85235382315,
  "minPS": 0.0569,
  "maxPS": 0.9901,
  "medianPS": 0.18,
  "hienTaiPS": 0.22990682616243427
}