{
  "minPB": 0.4347,
  "maxPB": 3.0613,
  "medianPB": 0.72,
  "hienTaiPB": 0.5519017842773446,
  "minPE": 2.2091,
  "maxPE": 30.4017,
  "medianPE": 7.06,
  "hienTaiPE": 11772.061997948467,
  "minPS": 0.0565,
  "maxPS": 0.9972,
  "medianPS": 0.18,
  "hienTaiPS": 0.272258083613409
}