{
  "minPB": 0.4347,
  "maxPB": 3.0613,
  "medianPB": 0.72,
  "hienTaiPB": 0.45991815356445387,
  "minPE": 2.2091,
  "maxPE": 25.2649,
  "medianPE": 7.06,
  "hienTaiPE": 9810.051664957056,
  "minPS": 0.0569,
  "maxPS": 0.9901,
  "medianPS": 0.18,
  "hienTaiPS": 0.22688173634450748
}