{
  "minPB": 0.4347,
  "maxPB": 3.0613,
  "medianPB": 0.72,
  "hienTaiPB": 0.4905793638020841,
  "minPE": 2.2091,
  "maxPE": 30.4017,
  "medianPE": 7.06,
  "hienTaiPE": 10464.055109287527,
  "minPS": 0.0565,
  "maxPS": 0.9972,
  "medianPS": 0.18,
  "hienTaiPS": 0.24200718543414132
}