{
  "minPB": 0.4347,
  "maxPB": 3.0613,
  "medianPB": 0.72,
  "hienTaiPB": 0.47218263765950597,
  "minPE": 2.2091,
  "maxPE": 30.0069,
  "medianPE": 7.06,
  "hienTaiPE": 10071.653042689244,
  "minPS": 0.0565,
  "maxPS": 0.9972,
  "medianPS": 0.18,
  "hienTaiPS": 0.23293191598036103
}