{
  "minPB": 0.1525,
  "maxPB": 1.797,
  "medianPB": 0.35,
  "hienTaiPB": 0.3321779663924486,
  "minPE": -135.1848,
  "maxPE": 132.0111,
  "medianPE": 8.19,
  "hienTaiPE": 18.206745782208305,
  "minPS": 0.1002,
  "maxPS": 1.0066,
  "medianPS": 0.26,
  "hienTaiPS": 0.18051275585268095
}