{
  "minPB": 0.1525,
  "maxPB": 1.797,
  "medianPB": 0.35,
  "hienTaiPB": 0.3251742140889934,
  "minPE": -135.1848,
  "maxPE": 132.0111,
  "medianPE": 8.2,
  "hienTaiPE": 17.8228686121015,
  "minPS": 0.1002,
  "maxPS": 1.0066,
  "medianPS": 0.26,
  "hienTaiPS": 0.1767067640124136
}