{
  "minPB": 0.1525,
  "maxPB": 1.797,
  "medianPB": 0.35,
  "hienTaiPB": 0.31683641372773713,
  "minPE": -135.1848,
  "maxPE": 132.0111,
  "medianPE": 8.19,
  "hienTaiPE": 17.365871981021975,
  "minPS": 0.1002,
  "maxPS": 1.0066,
  "medianPS": 0.26,
  "hienTaiPS": 0.1721758213454286
}