{
  "minPB": 0.1525,
  "maxPB": 1.7963,
  "medianPB": 0.35,
  "hienTaiPB": 0.3335120144502496,
  "minPE": -135.1848,
  "maxPE": 132.0111,
  "medianPE": 8.2,
  "hienTaiPE": 18.27986524318103,
  "minPS": 0.1002,
  "maxPS": 1.0066,
  "medianPS": 0.26,
  "hienTaiPS": 0.18123770667939854
}