{
  "minPB": 0.2855,
  "maxPB": 0.3227,
  "medianPB": 0.29,
  "hienTaiPB": 0.30858199137009346,
  "minPE": 16.1503,
  "maxPE": 21.4424,
  "medianPE": 19.53,
  "hienTaiPE": 16.913445316253245,
  "minPS": 0.1002,
  "maxPS": 0.8785,
  "medianPS": 0.25,
  "hienTaiPS": 0.16769018810511352
}