{
  "minPB": 0.2855,
  "maxPB": 0.3227,
  "medianPB": 0.29,
  "hienTaiPB": 0.30766483333035527,
  "minPE": 16.1503,
  "maxPE": 21.4424,
  "medianPE": 19.53,
  "hienTaiPE": 16.8631756868345,
  "minPS": 0.1002,
  "maxPS": 0.8785,
  "medianPS": 0.25,
  "hienTaiPS": 0.16719178441174515
}