{
  "minPB": 0.2855,
  "maxPB": 0.3227,
  "medianPB": 0.29,
  "hienTaiPB": 0.3001608130052246,
  "minPE": 16.1503,
  "maxPE": 21.4424,
  "medianPE": 19.53,
  "hienTaiPE": 16.451878718862925,
  "minPS": 0.1002,
  "maxPS": 0.8785,
  "medianPS": 0.25,
  "hienTaiPS": 0.16311393601145868
}