{
  "minPB": 0.2152,
  "maxPB": 2.4545,
  "medianPB": 0.69,
  "hienTaiPB": 2.2293283764556335,
  "minPE": -17.7495,
  "maxPE": 95.9523,
  "medianPE": 7,
  "hienTaiPE": 21.410177961562066,
  "minPS": 0.2095,
  "maxPS": 1.4579,
  "medianPS": 0.63,
  "hienTaiPS": 1.4931812038392622
}