{
  "minPB": 1.8498,
  "maxPB": 2.1681,
  "medianPB": 1.9,
  "hienTaiPB": 2.168063973907751,
  "minPE": 13.9526,
  "maxPE": 20.8218,
  "medianPE": 14.3,
  "hienTaiPE": 20.82180265754142,
  "minPS": 0.2333,
  "maxPS": 3.1705,
  "medianPS": 0.7,
  "hienTaiPS": 1.452146937503685
}