{
  "minPB": 1.8498,
  "maxPB": 2.0262,
  "medianPB": 1.89,
  "hienTaiPB": 2.1217404445870245,
  "minPE": 13.9526,
  "maxPE": 19.4596,
  "medianPE": 14.3,
  "hienTaiPE": 20.37691754459039,
  "minPS": 0.2333,
  "maxPS": 3.1705,
  "medianPS": 0.7,
  "hienTaiPS": 1.4211199142944901
}