{
  "minPB": 1.8498,
  "maxPB": 2.1211,
  "medianPB": 1.89,
  "hienTaiPB": 2.1724984796601032,
  "minPE": 13.9526,
  "maxPE": 20.371,
  "medianPE": 14.3,
  "hienTaiPE": 20.864391070415962,
  "minPS": 0.2333,
  "maxPS": 3.1705,
  "medianPS": 0.7,
  "hienTaiPS": 1.4551171238197347
}