{
  "minPB": 0.2152,
  "maxPB": 2.4543,
  "medianPB": 0.69,
  "hienTaiPB": 2.2513644588865533,
  "minPE": -17.7495,
  "maxPE": 95.9523,
  "medianPE": 7.01,
  "hienTaiPE": 21.621809613230962,
  "minPS": 0.2095,
  "maxPS": 1.4606,
  "medianPS": 0.63,
  "hienTaiPS": 1.507940745071324
}