{
  "minPB": 0.2152,
  "maxPB": 2.4545,
  "medianPB": 0.69,
  "hienTaiPB": 2.2445421423444727,
  "minPE": -17.7495,
  "maxPE": 95.9523,
  "medianPE": 7,
  "hienTaiPE": 21.556288978039355,
  "minPS": 0.2095,
  "maxPS": 1.4555,
  "medianPS": 0.63,
  "hienTaiPS": 1.503371227662017
}