{
  "minPB": 0.2152,
  "maxPB": 2.4545,
  "medianPB": 0.69,
  "hienTaiPB": 2.214455726393898,
  "minPE": -17.7495,
  "maxPE": 95.9523,
  "medianPE": 7,
  "hienTaiPE": 21.267342976844358,
  "minPS": 0.2095,
  "maxPS": 1.4595,
  "medianPS": 0.63,
  "hienTaiPS": 1.483219655886973
}