{
  "minPB": 0.3017,
  "maxPB": 1.4101,
  "medianPB": 0.59,
  "hienTaiPB": 0.5330756519810713,
  "minPE": -178.6764,
  "maxPE": 335.0671,
  "medianPE": 13.14,
  "hienTaiPE": 947.1898933280053,
  "minPS": 0.8687,
  "maxPS": 13.937,
  "medianPS": 2.28,
  "hienTaiPS": 3.4808979631326533
}