{
  "minPB": 0.2974,
  "maxPB": 1.4175,
  "medianPB": 0.59,
  "hienTaiPB": 0.45303178473313954,
  "minPE": -178.6764,
  "maxPE": 331.8915,
  "medianPE": 13.04,
  "hienTaiPE": 804.9647855063079,
  "minPS": 0.8687,
  "maxPS": 13.937,
  "medianPS": 2.35,
  "hienTaiPS": 2.9582244299687717
}