{
  "minPB": 0.2974,
  "maxPB": 1.4175,
  "medianPB": 0.59,
  "hienTaiPB": 0.47036086939506294,
  "minPE": -178.6764,
  "maxPE": 333.734,
  "medianPE": 13.07,
  "hienTaiPE": 835.7557882305929,
  "minPS": 0.8687,
  "maxPS": 13.937,
  "medianPS": 2.28,
  "hienTaiPS": 3.0713805557052822
}