{
  "minPB": 0.2974,
  "maxPB": 1.4175,
  "medianPB": 0.59,
  "hienTaiPB": 0.4538569792408502,
  "minPE": -178.6764,
  "maxPE": 332.8238,
  "medianPE": 13.05,
  "hienTaiPE": 806.4310237312739,
  "minPS": 0.8687,
  "maxPS": 13.937,
  "medianPS": 2.35,
  "hienTaiPS": 2.9636128169086056
}