{
  "minPB": 0.2974,
  "maxPB": 1.4175,
  "medianPB": 0.59,
  "hienTaiPB": 0.5099702057651735,
  "minPE": -178.6764,
  "maxPE": 333.756,
  "medianPE": 13.07,
  "hienTaiPE": 906.1352230289586,
  "minPS": 0.8687,
  "maxPS": 13.937,
  "medianPS": 2.28,
  "hienTaiPS": 3.330023128817306
}