{
  "minPB": 0.3017,
  "maxPB": 1.4101,
  "medianPB": 0.59,
  "hienTaiPB": 0.5272992904270969,
  "minPE": -178.6764,
  "maxPE": 334.6883,
  "medianPE": 13.09,
  "hienTaiPE": 936.9262257532437,
  "minPS": 0.8687,
  "maxPS": 13.937,
  "medianPS": 2.28,
  "hienTaiPS": 3.4431792545538165
}