{
  "minPB": 0.2974,
  "maxPB": 1.4175,
  "medianPB": 0.59,
  "hienTaiPB": 0.4571577572716927,
  "minPE": -178.6764,
  "maxPE": 332.3576,
  "medianPE": 13.05,
  "hienTaiPE": 812.2959766311377,
  "minPS": 0.8687,
  "maxPS": 13.937,
  "medianPS": 2.35,
  "hienTaiPS": 2.985166364667941
}