{
  "minPB": 0.2996,
  "maxPB": 1.4138,
  "medianPB": 0.59,
  "hienTaiPB": 0.5157465673191479,
  "minPE": -178.6764,
  "maxPE": 334.0212,
  "medianPE": 13.08,
  "hienTaiPE": 916.3988906037204,
  "minPS": 0.8687,
  "maxPS": 13.937,
  "medianPS": 2.28,
  "hienTaiPS": 3.3677418373961427
}