{
  "minPB": 4.3322,
  "maxPB": 12.0209,
  "medianPB": 6.22,
  "hienTaiPB": 5.399782884703177,
  "minPE": 11.0446,
  "maxPE": 26.5721,
  "medianPE": 15.62,
  "hienTaiPE": 10.956791244689189,
  "minPS": 7.2752,
  "maxPS": 16.1739,
  "medianPS": 9.53,
  "hienTaiPS": 7.320947057436678
}