{
  "minPB": 4.3322,
  "maxPB": 12.0209,
  "medianPB": 6.22,
  "hienTaiPB": 5.197291026526807,
  "minPE": 11.0602,
  "maxPE": 26.5721,
  "medianPE": 15.58,
  "hienTaiPE": 10.545911573013344,
  "minPS": 7.2592,
  "maxPS": 16.159,
  "medianPS": 9.55,
  "hienTaiPS": 7.046411542782803
}