{
  "minPB": 4.3322,
  "maxPB": 12.0209,
  "medianPB": 6.22,
  "hienTaiPB": 5.224289940950323,
  "minPE": 10.9978,
  "maxPE": 26.5721,
  "medianPE": 15.62,
  "hienTaiPE": 10.60069552923679,
  "minPS": 7.249,
  "maxPS": 16.1739,
  "medianPS": 9.52,
  "hienTaiPS": 7.083016278069986
}