{
  "minPB": 4.3322,
  "maxPB": 12.0209,
  "medianPB": 6.22,
  "hienTaiPB": 5.24453912676796,
  "minPE": 10.9978,
  "maxPE": 26.5721,
  "medianPE": 15.62,
  "hienTaiPE": 10.641783496404376,
  "minPS": 7.2592,
  "maxPS": 16.1739,
  "medianPS": 9.53,
  "hienTaiPS": 7.110469829535374
}