{
  "minPB": 4.3322,
  "maxPB": 12.0209,
  "medianPB": 6.22,
  "hienTaiPB": 5.096045097438623,
  "minPE": 11.0602,
  "maxPE": 26.5721,
  "medianPE": 15.6,
  "hienTaiPE": 10.340471737175422,
  "minPS": 7.2592,
  "maxPS": 16.159,
  "medianPS": 9.56,
  "hienTaiPS": 6.909143785455865
}