{
  "minPB": 4.3322,
  "maxPB": 12.0209,
  "medianPB": 6.22,
  "hienTaiPB": 5.44028125633845,
  "minPE": 11.0446,
  "maxPE": 26.5721,
  "medianPE": 15.63,
  "hienTaiPE": 11.038967179024358,
  "minPS": 7.2752,
  "maxPS": 16.1739,
  "medianPS": 9.53,
  "hienTaiPS": 7.375854160367453
}