{
  "minPB": 4.3322,
  "maxPB": 12.0209,
  "medianPB": 6.22,
  "hienTaiPB": 5.10954455465038,
  "minPE": 11.0602,
  "maxPE": 26.5721,
  "medianPE": 15.61,
  "hienTaiPE": 10.367863715287145,
  "minPS": 7.2592,
  "maxPS": 16.159,
  "medianPS": 9.56,
  "hienTaiPS": 6.927446153099456
}