{
  "minPB": 4.3322,
  "maxPB": 12.0209,
  "medianPB": 6.21,
  "hienTaiPB": 5.082545640226865,
  "minPE": 11.0602,
  "maxPE": 26.5721,
  "medianPE": 15.57,
  "hienTaiPE": 10.3130797590637,
  "minPS": 7.2592,
  "maxPS": 16.159,
  "medianPS": 9.54,
  "hienTaiPS": 6.890841417812273
}