{
  "minPB": 4.3322,
  "maxPB": 12.0209,
  "medianPB": 6.22,
  "hienTaiPB": 5.075795911620986,
  "minPE": 11.0602,
  "maxPE": 26.5721,
  "medianPE": 15.61,
  "hienTaiPE": 10.299383770007838,
  "minPS": 7.2592,
  "maxPS": 16.159,
  "medianPS": 9.56,
  "hienTaiPS": 6.8816902339904775
}