{
  "minPB": 0.7662,
  "maxPB": 0.9728,
  "medianPB": 0.82,
  "hienTaiPB": 1.0278811101945984,
  "minPE": 9.1594,
  "maxPE": 12.4854,
  "medianPE": 11.07,
  "hienTaiPE": 11.819555237043037,
  "minPS": 0.5937,
  "maxPS": 2.5663,
  "medianPS": 1.48,
  "hienTaiPS": 0.9224004605850148
}