{
  "minPB": 0.7662,
  "maxPB": 0.9238,
  "medianPB": 0.81,
  "hienTaiPB": 0.9727791669696725,
  "minPE": 9.1594,
  "maxPE": 12.4854,
  "medianPE": 11.07,
  "hienTaiPE": 11.185940653453578,
  "minPS": 0.5937,
  "maxPS": 2.5663,
  "medianPS": 1.48,
  "hienTaiPS": 0.872953051438466
}