{
  "minPB": 0.7662,
  "maxPB": 0.9128,
  "medianPB": 0.81,
  "hienTaiPB": 0.9128133279098981,
  "minPE": 9.1594,
  "maxPE": 12.4854,
  "medianPE": 11.07,
  "hienTaiPE": 10.496396366596851,
  "minPS": 0.5937,
  "maxPS": 2.5663,
  "medianPS": 1.48,
  "hienTaiPS": 0.8191408770347249
}