{
  "minPB": 0.3504,
  "maxPB": 0.4937,
  "medianPB": 0.38,
  "hienTaiPB": 0.39830174401028406,
  "minPE": 6.7842,
  "maxPE": 118.0981,
  "medianPE": 7.4,
  "hienTaiPE": 118.09812893024716,
  "minPS": 0.1005,
  "maxPS": 0.7258,
  "medianPS": 0.19,
  "hienTaiPS": 0.4952744805260761
}