{
  "minPB": 0.3187,
  "maxPB": 2.3229,
  "medianPB": 0.47,
  "hienTaiPB": 0.44036240817777006,
  "minPE": -22.2912,
  "maxPE": 50.3163,
  "medianPE": 8.66,
  "hienTaiPE": 130.56929134528127,
  "minPS": 0.0977,
  "maxPS": 0.7563,
  "medianPS": 0.2,
  "hienTaiPS": 0.5475754656696298
}