{
  "minPB": 0.3187,
  "maxPB": 2.3229,
  "medianPB": 0.47,
  "hienTaiPB": 0.5018601974529578,
  "minPE": -22.2912,
  "maxPE": 50.3163,
  "medianPE": 8.66,
  "hienTaiPE": 148.80364245211143,
  "minPS": 0.0977,
  "maxPS": 0.7563,
  "medianPS": 0.2,
  "hienTaiPS": 0.6240458454628559
}