{
  "minPB": 0.3504,
  "maxPB": 0.4937,
  "medianPB": 0.38,
  "hienTaiPB": 0.3599054558876927,
  "minPE": 6.7842,
  "maxPE": 118.0981,
  "medianPE": 7.4,
  "hienTaiPE": 106.71346930137133,
  "minPS": 0.1005,
  "maxPS": 0.7258,
  "medianPS": 0.19,
  "hienTaiPS": 0.4475300206033624
}