{
  "minPB": 0.3187,
  "maxPB": 2.3194,
  "medianPB": 0.47,
  "hienTaiPB": 0.46999605793213517,
  "minPE": -22.2912,
  "maxPE": 50.6089,
  "medianPE": 8.71,
  "hienTaiPE": 139.35579213769165,
  "minPS": 0.0977,
  "maxPS": 0.7563,
  "medianPS": 0.2,
  "hienTaiPS": 0.5844238870207698
}