{
  "minPB": 0.3187,
  "maxPB": 2.3229,
  "medianPB": 0.47,
  "hienTaiPB": 0.3919289161061195,
  "minPE": -22.2912,
  "maxPE": 50.3163,
  "medianPE": 8.65,
  "hienTaiPE": 116.20855886736321,
  "minPS": 0.0977,
  "maxPS": 0.7563,
  "medianPS": 0.2,
  "hienTaiPS": 0.4873500888376589
}