{
  "minPB": 0.3504,
  "maxPB": 0.4937,
  "medianPB": 0.38,
  "hienTaiPB": 0.35847156960925564,
  "minPE": 6.7842,
  "maxPE": 118.0981,
  "medianPE": 7.4,
  "hienTaiPE": 106.28831603722244,
  "minPS": 0.1005,
  "maxPS": 0.7258,
  "medianPS": 0.19,
  "hienTaiPS": 0.4457470324734685
}