{
  "minPB": 0.1208,
  "maxPB": 3.1299,
  "medianPB": 0.42,
  "hienTaiPB": 1.6736322185324162,
  "minPE": -99.7135,
  "maxPE": 69.829,
  "medianPE": 6.97,
  "hienTaiPE": 136.31160273642243,
  "minPS": 0.079,
  "maxPS": 0.9759,
  "medianPS": 0.33,
  "hienTaiPS": 0.7003119730581109
}