{
  "minPB": 0.1208,
  "maxPB": 3.1299,
  "medianPB": 0.42,
  "hienTaiPB": 1.582343188430648,
  "minPE": -99.7135,
  "maxPE": 70.3533,
  "medianPE": 6.97,
  "hienTaiPE": 128.87642440534486,
  "minPS": 0.079,
  "maxPS": 0.9759,
  "medianPS": 0.33,
  "hienTaiPS": 0.6621131381640322
}