{
  "minPB": 0.1208,
  "maxPB": 3.1299,
  "medianPB": 0.42,
  "hienTaiPB": 1.6127728651312374,
  "minPE": -99.7135,
  "maxPE": 70.9977,
  "medianPE": 6.98,
  "hienTaiPE": 131.3548171823707,
  "minPS": 0.079,
  "maxPS": 0.9759,
  "medianPS": 0.33,
  "hienTaiPS": 0.6748460831287251
}