{
  "minPB": 0.1208,
  "maxPB": 3.1299,
  "medianPB": 0.42,
  "hienTaiPB": 1.688847056882711,
  "minPE": -99.7135,
  "maxPE": 69.3593,
  "medianPE": 6.97,
  "hienTaiPE": 137.55079912493537,
  "minPS": 0.079,
  "maxPS": 0.9759,
  "medianPS": 0.33,
  "hienTaiPS": 0.7066784455404573
}