{
  "minPB": 1.6128,
  "maxPB": 5.3846,
  "medianPB": 4.67,
  "hienTaiPB": 1.614294348966267,
  "minPE": -2.5698,
  "maxPE": 134.2298,
  "medianPE": -2.23,
  "hienTaiPE": 131.47873682122201,
  "minPS": 0.079,
  "maxPS": 0.9017,
  "medianPS": 0.31,
  "hienTaiPS": 0.6754827303769597
}