{
  "minPB": 0.1208,
  "maxPB": 3.1299,
  "medianPB": 0.42,
  "hienTaiPB": 1.6145986457332728,
  "minPE": -99.7135,
  "maxPE": 69.3375,
  "medianPE": 6.97,
  "hienTaiPE": 131.50352074899226,
  "minPS": 0.079,
  "maxPS": 0.9759,
  "medianPS": 0.33,
  "hienTaiPS": 0.6756100598266066
}