{
  "minPB": 1.6432,
  "maxPB": 5.3846,
  "medianPB": 4.67,
  "hienTaiPB": 1.6432025418318268,
  "minPE": -2.5698,
  "maxPE": -1.9017,
  "medianPE": -2.23,
  "hienTaiPE": 133.83320995939658,
  "minPS": 0.079,
  "maxPS": 0.9025,
  "medianPS": 0.31,
  "hienTaiPS": 0.687579028093418
}