{
  "minPB": 9.6958,
  "maxPB": 11.4913,
  "medianPB": 10.41,
  "hienTaiPB": 10.773069235522527,
  "minPE": -0.2629,
  "maxPE": -0.2218,
  "medianPE": -0.24,
  "hienTaiPE": -0.2487,
  "minPS": 0.0417,
  "maxPS": 0.5171,
  "medianPS": 0.13,
  "hienTaiPS": 0.1767379925636856
}