{
  "minPB": 0.254,
  "maxPB": 3.0347,
  "medianPB": 0.5,
  "hienTaiPB": 0.48705842496902385,
  "minPE": 3.8804,
  "maxPE": 16.509,
  "medianPE": 7.32,
  "hienTaiPE": 9.895969147427278,
  "minPS": 0.081,
  "maxPS": 0.394,
  "medianPS": 0.14,
  "hienTaiPS": 0.10012208935491021
}