{
  "minPB": 0,
  "maxPB": 2.9415,
  "medianPB": 0.47,
  "hienTaiPB": 0.5411760277433598,
  "minPE": 0,
  "maxPE": 16.3027,
  "medianPE": 6.88,
  "hienTaiPE": 10.995521274919199,
  "minPS": 0,
  "maxPS": 0.3853,
  "medianPS": 0.13,
  "hienTaiPS": 0.11124676594990024
}