{
  "minPB": 0.254,
  "maxPB": 3.0347,
  "medianPB": 0.51,
  "hienTaiPB": 0.4762349044141566,
  "minPE": 3.8804,
  "maxPE": 16.509,
  "medianPE": 7.32,
  "hienTaiPE": 9.676058721928895,
  "minPS": 0.081,
  "maxPS": 0.3832,
  "medianPS": 0.14,
  "hienTaiPS": 0.0978971540359122
}