{
  "minPB": 0,
  "maxPB": 2.9415,
  "medianPB": 0.47,
  "hienTaiPB": 0.5195289866336255,
  "minPE": 0,
  "maxPE": 16.3027,
  "medianPE": 6.87,
  "hienTaiPE": 10.555700423922431,
  "minPS": 0,
  "maxPS": 0.3853,
  "medianPS": 0.13,
  "hienTaiPS": 0.10679689531190423
}