{
  "minPB": 0,
  "maxPB": 2.9415,
  "medianPB": 0.47,
  "hienTaiPB": 0.5087054660787582,
  "minPE": 0,
  "maxPE": 16.3027,
  "medianPE": 6.87,
  "hienTaiPE": 10.335789998424048,
  "minPS": 0,
  "maxPS": 0.3853,
  "medianPS": 0.13,
  "hienTaiPS": 0.10457195999290622
}