{
  "minPB": 0,
  "maxPB": 2.9415,
  "medianPB": 0.47,
  "hienTaiPB": 0.47082314413672305,
  "minPE": 0,
  "maxPE": 16.3027,
  "medianPE": 6.87,
  "hienTaiPE": 9.566103509179703,
  "minPS": 0,
  "maxPS": 0.3853,
  "medianPS": 0.13,
  "hienTaiPS": 0.0967846863764132
}