{
  "minPB": 0.254,
  "maxPB": 3.0347,
  "medianPB": 0.51,
  "hienTaiPB": 0.4329408221946878,
  "minPE": 3.8804,
  "maxPE": 16.509,
  "medianPE": 7.32,
  "hienTaiPE": 8.79641701993536,
  "minPS": 0.081,
  "maxPS": 0.3832,
  "medianPS": 0.14,
  "hienTaiPS": 0.0889974127599202
}