{
  "minPB": 0.178,
  "maxPB": 1.4389,
  "medianPB": 0.58,
  "hienTaiPB": 0.6659412349443887,
  "minPE": -63.4747,
  "maxPE": 352.2833,
  "medianPE": 6.47,
  "hienTaiPE": 374.49139421735157,
  "minPS": 0.1016,
  "maxPS": 0.9474,
  "medianPS": 0.33,
  "hienTaiPS": 1.026897739173934
}