{
  "minPB": 0.178,
  "maxPB": 1.4389,
  "medianPB": 0.58,
  "hienTaiPB": 0.7016062176762656,
  "minPE": -63.4747,
  "maxPE": 361.6686,
  "medianPE": 6.48,
  "hienTaiPE": 394.5475619497997,
  "minPS": 0.1016,
  "maxPS": 0.9474,
  "medianPS": 0.33,
  "hienTaiPS": 1.0818940184448822
}