{
  "minPB": 0.178,
  "maxPB": 1.4389,
  "medianPB": 0.58,
  "hienTaiPB": 0.6431390328699101,
  "minPE": -63.4747,
  "maxPE": 277.1295,
  "medianPE": 6.47,
  "hienTaiPE": 361.66859845398307,
  "minPS": 0.1045,
  "maxPS": 0.9467,
  "medianPS": 0.32,
  "hienTaiPS": 0.9917361835744753
}