{
  "minPB": 0.178,
  "maxPB": 1.4389,
  "medianPB": 0.58,
  "hienTaiPB": 0.6413850173257194,
  "minPE": -63.4747,
  "maxPE": 324.1006,
  "medianPE": 6.47,
  "hienTaiPE": 360.68222954910857,
  "minPS": 0.1045,
  "maxPS": 0.9467,
  "medianPS": 0.32,
  "hienTaiPS": 0.9890314485283631
}