{
  "minPB": 0.178,
  "maxPB": 1.4389,
  "medianPB": 0.58,
  "hienTaiPB": 0.6437237047179737,
  "minPE": -63.4747,
  "maxPE": 300.6151,
  "medianPE": 6.47,
  "hienTaiPE": 361.9973880889412,
  "minPS": 0.1045,
  "maxPS": 0.9467,
  "medianPS": 0.32,
  "hienTaiPS": 0.9926377619231794
}