{
  "minPB": 0.178,
  "maxPB": 1.4389,
  "medianPB": 0.58,
  "hienTaiPB": 0.706283592460774,
  "minPE": -63.4747,
  "maxPE": 358.2711,
  "medianPE": 6.47,
  "hienTaiPE": 397.17787902946503,
  "minPS": 0.1016,
  "maxPS": 0.9474,
  "medianPS": 0.33,
  "hienTaiPS": 1.0891066452345148
}