{
  "minPB": 0.178,
  "maxPB": 1.4389,
  "medianPB": 0.58,
  "hienTaiPB": 0.7398047784164178,
  "minPE": -63.4747,
  "maxPE": 360.6822,
  "medianPE": 6.48,
  "hienTaiPE": 416.0284847670666,
  "minPS": 0.1016,
  "maxPS": 0.9474,
  "medianPS": 0.33,
  "hienTaiPS": 1.1407971372268813
}