{
  "minPB": 0.178,
  "maxPB": 1.4389,
  "medianPB": 0.58,
  "hienTaiPB": 0.6649667818642828,
  "minPE": -63.4747,
  "maxPE": 347.5862,
  "medianPE": 6.47,
  "hienTaiPE": 373.94341149242126,
  "minPS": 0.1045,
  "maxPS": 0.9467,
  "medianPS": 0.32,
  "hienTaiPS": 1.0253951085927606
}