{
  "minPB": 0,
  "maxPB": 2.5108,
  "medianPB": 0.44,
  "hienTaiPB": 0.6451370430083375,
  "minPE": 0,
  "maxPE": 88.2733,
  "medianPE": 6.5,
  "hienTaiPE": 17.446118637711695,
  "minPS": 0,
  "maxPS": 1.4004,
  "medianPS": 0.37,
  "hienTaiPS": 1.0344557293010577
}