{
  "minPB": 0,
  "maxPB": 2.5108,
  "medianPB": 0.44,
  "hienTaiPB": 0.6851455417995522,
  "minPE": 0,
  "maxPE": 88.2733,
  "medianPE": 6.5,
  "hienTaiPE": 18.52804847570932,
  "minPS": 0,
  "maxPS": 1.4004,
  "medianPS": 0.37,
  "hienTaiPS": 1.0986080225910457
}