{
  "minPB": 0.2945,
  "maxPB": 2.5685,
  "medianPB": 0.47,
  "hienTaiPB": 0.630133855961632,
  "minPE": 2.8547,
  "maxPE": 123.192,
  "medianPE": 7.24,
  "hienTaiPE": 17.040394948462588,
  "minPS": 0.1932,
  "maxPS": 1.4208,
  "medianPS": 0.4,
  "hienTaiPS": 1.0103986193173122
}