{
  "minPB": 0.2945,
  "maxPB": 2.5685,
  "medianPB": 0.47,
  "hienTaiPB": 0.6201317312638283,
  "minPE": 2.8547,
  "maxPE": 123.192,
  "medianPE": 7.24,
  "hienTaiPE": 16.76991248896318,
  "minPS": 0.1932,
  "maxPS": 1.3737,
  "medianPS": 0.39,
  "hienTaiPS": 0.9943605459948152
}