{
  "minPB": 0.2945,
  "maxPB": 2.5685,
  "medianPB": 0.47,
  "hienTaiPB": 0.6251327936127301,
  "minPE": 2.8547,
  "maxPE": 123.192,
  "medianPE": 7.24,
  "hienTaiPE": 16.90515371871288,
  "minPS": 0.1932,
  "maxPS": 1.3737,
  "medianPS": 0.39,
  "hienTaiPS": 1.0023795826560635
}