{
  "minPB": 0,
  "maxPB": 2.5108,
  "medianPB": 0.44,
  "hienTaiPB": 0.6951476664973559,
  "minPE": 0,
  "maxPE": 88.2733,
  "medianPE": 6.5,
  "hienTaiPE": 18.798530935208724,
  "minPS": 0,
  "maxPS": 1.4004,
  "medianPS": 0.37,
  "hienTaiPS": 1.1146460959135427
}