{
  "minPB": 0,
  "maxPB": 3.2648,
  "medianPB": 0.53,
  "hienTaiPB": 0.8290267412367925,
  "minPE": -282.3678,
  "maxPE": 923.4328,
  "medianPE": 8.77,
  "hienTaiPE": 3391.3539714254352,
  "minPS": 0,
  "maxPS": 15.4665,
  "medianPS": 1.89,
  "hienTaiPS": 3.7409281717152276
}