{
  "minPB": 0,
  "maxPB": 3.2648,
  "medianPB": 0.53,
  "hienTaiPB": 0.8149754405378639,
  "minPE": -282.3678,
  "maxPE": 896.273,
  "medianPE": 8.76,
  "hienTaiPE": 3333.8733956385636,
  "minPS": 0,
  "maxPS": 15.4665,
  "medianPS": 1.89,
  "hienTaiPS": 3.677522609482766
}