{
  "minPB": 0,
  "maxPB": 3.2648,
  "medianPB": 0.53,
  "hienTaiPB": 0.8430780419357212,
  "minPE": -282.3678,
  "maxPE": 977.7524,
  "medianPE": 8.78,
  "hienTaiPE": 3448.8345472123074,
  "minPS": 0,
  "maxPS": 15.4665,
  "medianPS": 1.89,
  "hienTaiPS": 3.804333733947689
}