{
  "minPB": 0,
  "maxPB": 3.2648,
  "medianPB": 0.53,
  "hienTaiPB": 0.7447189370432203,
  "minPE": -282.3678,
  "maxPE": 869.1132,
  "medianPE": 8.75,
  "hienTaiPE": 3046.470516704205,
  "minPS": 0,
  "maxPS": 15.4665,
  "medianPS": 1.89,
  "hienTaiPS": 3.3604947983204587
}