{
  "minPB": 0.2563,
  "maxPB": 3.345,
  "medianPB": 0.58,
  "hienTaiPB": 0.6604111328496483,
  "minPE": -312.0907,
  "maxPE": 977.7524,
  "medianPE": 10.08,
  "hienTaiPE": 2701.587061982974,
  "minPS": 0.5957,
  "maxPS": 17.6505,
  "medianPS": 2.05,
  "hienTaiPS": 2.98006142492569
}