{
  "minPB": 0,
  "maxPB": 3.2648,
  "medianPB": 0.53,
  "hienTaiPB": 0.8852319440325073,
  "minPE": -282.3678,
  "maxPE": 923.4328,
  "medianPE": 8.76,
  "hienTaiPE": 3621.276274572923,
  "minPS": 0,
  "maxPS": 15.4665,
  "medianPS": 1.89,
  "hienTaiPS": 3.9945504206450737
}