{
  "minPB": 0,
  "maxPB": 3.2648,
  "medianPB": 0.53,
  "hienTaiPB": 0.6885137342475056,
  "minPE": -282.3678,
  "maxPE": 841.9534,
  "medianPE": 8.75,
  "hienTaiPE": 2816.5482135567177,
  "minPS": 0,
  "maxPS": 15.4665,
  "medianPS": 1.89,
  "hienTaiPS": 3.1068725493906126
}