{
  "minPB": 0.2563,
  "maxPB": 3.345,
  "medianPB": 0.58,
  "hienTaiPB": 0.6744624335485769,
  "minPE": -312.0907,
  "maxPE": 1004.9122,
  "medianPE": 10.08,
  "hienTaiPE": 2759.067637769846,
  "minPS": 0.5957,
  "maxPS": 17.6505,
  "medianPS": 2.05,
  "hienTaiPS": 3.0434669871581512
}