{
  "minPB": 0.3418,
  "maxPB": 1.564,
  "medianPB": 0.61,
  "hienTaiPB": 0.37152651604344694,
  "minPE": 3.39,
  "maxPE": 23.0313,
  "medianPE": 8.58,
  "hienTaiPE": 10.096955370698508,
  "minPS": 0.1609,
  "maxPS": 0.6103,
  "medianPS": 0.38,
  "hienTaiPS": 0.26809083001866985
}