{
  "minPB": 0,
  "maxPB": 1.5464,
  "medianPB": 0.59,
  "hienTaiPB": 0.37152651604344694,
  "minPE": 0,
  "maxPE": 23.0313,
  "medianPE": 7.07,
  "hienTaiPE": 10.096955370698508,
  "minPS": 0,
  "maxPS": 0.6045,
  "medianPS": 0.36,
  "hienTaiPS": 0.26809083001866985
}