{
  "minPB": 0,
  "maxPB": 1.5448,
  "medianPB": 0.59,
  "hienTaiPB": 0.4161096979686606,
  "minPE": 0,
  "maxPE": 23.0313,
  "medianPE": 7.16,
  "hienTaiPE": 11.308590015182329,
  "minPS": 0,
  "maxPS": 0.6045,
  "medianPS": 0.36,
  "hienTaiPS": 0.30026172962091024
}