{
  "minPB": 0.186,
  "maxPB": 2.6096,
  "medianPB": 0.33,
  "hienTaiPB": 0.28013071909690174,
  "minPE": -480.7218,
  "maxPE": 413.255,
  "medianPE": 17.95,
  "hienTaiPE": -1.5957,
  "minPS": 0.4346,
  "maxPS": 1.8988,
  "medianPS": 0.75,
  "hienTaiPS": 2.0267070760354247
}