{
  "minPB": 0.186,
  "maxPB": 2.6096,
  "medianPB": 0.33,
  "hienTaiPB": 0.31514705898401446,
  "minPE": -480.7218,
  "maxPE": 413.255,
  "medianPE": 17.95,
  "hienTaiPE": -1.853,
  "minPS": 0.4346,
  "maxPS": 1.9051,
  "medianPS": 0.75,
  "hienTaiPS": 2.2800454605398524
}