{
  "minPB": 0.186,
  "maxPB": 2.6096,
  "medianPB": 0.33,
  "hienTaiPB": 0.32530179755127714,
  "minPE": -480.7218,
  "maxPE": 413.255,
  "medianPE": 17.95,
  "hienTaiPE": -1.6955,
  "minPS": 0.4346,
  "maxPS": 1.9026,
  "medianPS": 0.75,
  "hienTaiPS": 2.3535135920461365
}