{
  "minPB": 0.5251,
  "maxPB": 2.3374,
  "medianPB": 1.26,
  "hienTaiPB": 0.6699170004868262,
  "minPE": 3.1251,
  "maxPE": 36.4207,
  "medianPE": 6.98,
  "hienTaiPE": 48.491,
  "minPS": 0.1046,
  "maxPS": 0.9051,
  "medianPS": 0.42,
  "hienTaiPS": 0.14294392767321015
}