{
  "minPB": 0,
  "maxPB": 2.1052,
  "medianPB": 1.41,
  "hienTaiPB": 1.1424197437901316,
  "minPE": 0,
  "maxPE": 11.9602,
  "medianPE": 7.21,
  "hienTaiPE": 9.348963951710273,
  "minPS": 0.2391,
  "maxPS": 0.4761,
  "medianPS": 0.34,
  "hienTaiPS": 0.27417826656164124
}