{
  "minPB": 0,
  "maxPB": 2.1052,
  "medianPB": 1.41,
  "hienTaiPB": 1.0920188727405669,
  "minPE": 0,
  "maxPE": 11.9602,
  "medianPE": 7.21,
  "hienTaiPE": 8.936509659723056,
  "minPS": 0.2391,
  "maxPS": 0.4761,
  "medianPS": 0.34,
  "hienTaiPS": 0.26208216656627475
}