{
  "minPB": 0,
  "maxPB": 2.1052,
  "medianPB": 1.41,
  "hienTaiPB": 1.1218673885954757,
  "minPE": 0,
  "maxPE": 11.9602,
  "medianPE": 7.21,
  "hienTaiPE": 9.18077425708882,
  "minPS": 0.2391,
  "maxPS": 0.4761,
  "medianPS": 0.34,
  "hienTaiPS": 0.2692457457857529
}