{
  "minPB": 0.5636,
  "maxPB": 2.1059,
  "medianPB": 1.35,
  "hienTaiPB": 1.2928616117189164,
  "minPE": 2.569,
  "maxPE": 9.7861,
  "medianPE": 5.86,
  "hienTaiPE": 9.778410336199492,
  "minPS": 0.1565,
  "maxPS": 0.8241,
  "medianPS": 0.35,
  "hienTaiPS": 0.723275329169028
}