{
  "minPB": 0.5758,
  "maxPB": 2.1059,
  "medianPB": 1.35,
  "hienTaiPB": 1.2248162637337103,
  "minPE": 2.614,
  "maxPE": 9.7861,
  "medianPE": 5.86,
  "hienTaiPE": 9.263757160610046,
  "minPS": 0.1583,
  "maxPS": 0.8514,
  "medianPS": 0.35,
  "hienTaiPS": 0.6852082065811844
}