{
  "minPB": 0.5758,
  "maxPB": 2.1059,
  "medianPB": 1.35,
  "hienTaiPB": 1.270179829057181,
  "minPE": 2.614,
  "maxPE": 9.7861,
  "medianPE": 5.86,
  "hienTaiPE": 9.606859277669678,
  "minPS": 0.2716,
  "maxPS": 0.8541,
  "medianPS": 0.37,
  "hienTaiPS": 0.7105862883064136
}