{
  "minPB": 0.5758,
  "maxPB": 2.1059,
  "medianPB": 1.35,
  "hienTaiPB": 1.3064706813159577,
  "minPE": 2.614,
  "maxPE": 9.7861,
  "medianPE": 5.86,
  "hienTaiPE": 9.881340971317382,
  "minPS": 0.1583,
  "maxPS": 0.8514,
  "medianPS": 0.35,
  "hienTaiPS": 0.7308887536865968
}