{
  "minPB": 0.1461,
  "maxPB": 1.7261,
  "medianPB": 0.41,
  "hienTaiPB": 0.31505326079261153,
  "minPE": -50.8703,
  "maxPE": 42.2339,
  "medianPE": 5.69,
  "hienTaiPE": -2880.4219,
  "minPS": 0.1207,
  "maxPS": 0.4175,
  "medianPS": 0.24,
  "hienTaiPS": 0.250838994246182
}