{
  "minPB": 0.1453,
  "maxPB": 1.7272,
  "medianPB": 0.41,
  "hienTaiPB": 0.2580286205891488,
  "minPE": -48.8754,
  "maxPE": 42.2339,
  "medianPE": 5.69,
  "hienTaiPE": -2322.1889,
  "minPS": 0.1207,
  "maxPS": 0.4175,
  "medianPS": 0.24,
  "hienTaiPS": 0.20543713628762306
}