{
  "minPB": 0.1453,
  "maxPB": 1.7272,
  "medianPB": 0.41,
  "hienTaiPB": 0.33605681151211897,
  "minPE": -48.8754,
  "maxPE": 42.2339,
  "medianPE": 5.69,
  "hienTaiPE": -2934.8837,
  "minPS": 0.1207,
  "maxPS": 0.4175,
  "medianPS": 0.24,
  "hienTaiPS": 0.26756159386259415
}