{
  "minPB": 0.2756,
  "maxPB": 6.5854,
  "medianPB": 0.71,
  "hienTaiPB": 1.0851035066185981,
  "minPE": -107.2563,
  "maxPE": 1110.0461,
  "medianPE": 87.58,
  "hienTaiPE": 299.2068377364619,
  "minPS": 0.4765,
  "maxPS": 9.2477,
  "medianPS": 3.44,
  "hienTaiPS": 4.482443948443186
}