{
  "minPB": 0.4658,
  "maxPB": 1.4451,
  "medianPB": 0.94,
  "hienTaiPB": 1.1603950642838925,
  "minPE": 2.4067,
  "maxPE": 11.9009,
  "medianPE": 5.35,
  "hienTaiPE": 7.990013359096622,
  "minPS": 0.2469,
  "maxPS": 0.9163,
  "medianPS": 0.34,
  "hienTaiPS": 0.34920695145835395
}