{
  "minPB": 0.4658,
  "maxPB": 1.4451,
  "medianPB": 0.94,
  "hienTaiPB": 1.091751975974141,
  "minPE": 2.4067,
  "maxPE": 11.9009,
  "medianPE": 5.36,
  "hienTaiPE": 7.517364681516258,
  "minPS": 0.2469,
  "maxPS": 0.9163,
  "medianPS": 0.34,
  "hienTaiPS": 0.3285496388368739
}