{
  "minPB": 0.739,
  "maxPB": 2.2833,
  "medianPB": 1.23,
  "hienTaiPB": 2.024897911322678,
  "minPE": 6.8959,
  "maxPE": 78.4521,
  "medianPE": 10.91,
  "hienTaiPE": 26.855218017371655,
  "minPS": 1.2103,
  "maxPS": 30.5175,
  "medianPS": 2.97,
  "hienTaiPS": 7.8363225146685656
}