{
  "minPB": 1.9886,
  "maxPB": 2.4779,
  "medianPB": 2.2,
  "hienTaiPB": 1.988589397050685,
  "minPE": 23.9759,
  "maxPE": 29.6804,
  "medianPE": 26.35,
  "hienTaiPE": 26.37367617706016,
  "minPS": 1.2103,
  "maxPS": 30.018,
  "medianPS": 3.01,
  "hienTaiPS": 7.695809145440026
}