{
  "minPB": 0.739,
  "maxPB": 2.2833,
  "medianPB": 1.23,
  "hienTaiPB": 2.026670368380334,
  "minPE": 6.8959,
  "maxPE": 78.4521,
  "medianPE": 10.91,
  "hienTaiPE": 26.87872523738686,
  "minPS": 1.2103,
  "maxPS": 30.5175,
  "medianPS": 2.95,
  "hienTaiPS": 7.843181895119072
}