{
  "minPB": 0.739,
  "maxPB": 2.2833,
  "medianPB": 1.23,
  "hienTaiPB": 2.0356400753084745,
  "minPE": 6.8959,
  "maxPE": 78.4521,
  "medianPE": 10.91,
  "hienTaiPE": 26.99768601746381,
  "minPS": 1.2103,
  "maxPS": 30.5175,
  "medianPS": 2.95,
  "hienTaiPS": 7.877894517398903
}