{
  "minPB": 1.9988,
  "maxPB": 2.4779,
  "medianPB": 2.2,
  "hienTaiPB": 1.9750005596086522,
  "minPE": 23.9759,
  "maxPE": 29.6804,
  "medianPE": 26.33,
  "hienTaiPE": 26.193454156943584,
  "minPS": 1.2103,
  "maxPS": 30.018,
  "medianPS": 3.01,
  "hienTaiPS": 7.6432205619861495
}