{
  "minPB": 1.9988,
  "maxPB": 2.4779,
  "medianPB": 2.2,
  "hienTaiPB": 2.078608731251661,
  "minPE": 23.9759,
  "maxPE": 29.6804,
  "medianPE": 26.33,
  "hienTaiPE": 27.56755801783244,
  "minPS": 1.2103,
  "maxPS": 30.018,
  "medianPS": 3.01,
  "hienTaiPS": 8.044182528320253
}