{
  "minPB": 0.7401,
  "maxPB": 2.2785,
  "medianPB": 1.23,
  "hienTaiPB": 2.202143617088323,
  "minPE": 6.8988,
  "maxPE": 78.0957,
  "medianPE": 10.91,
  "hienTaiPE": 29.20594001889225,
  "minPS": 1.2103,
  "maxPS": 30.3789,
  "medianPS": 2.97,
  "hienTaiPS": 8.52226055971913
}