{
  "minPB": 2.0017,
  "maxPB": 2.4779,
  "medianPB": 2.2,
  "hienTaiPB": 2.0947219772303565,
  "minPE": 23.9759,
  "maxPE": 29.6804,
  "medianPE": 26.33,
  "hienTaiPE": 27.781260017970677,
  "minPS": 1.2103,
  "maxPS": 30.018,
  "medianPS": 3,
  "hienTaiPS": 8.106540532415758
}