{
  "minPB": 0.7876,
  "maxPB": 3.8137,
  "medianPB": 2.35,
  "hienTaiPB": 3.4350166269670375,
  "minPE": 3.3444,
  "maxPE": 14.4046,
  "medianPE": 9,
  "hienTaiPE": 13.6825090751116,
  "minPS": 1.3645,
  "maxPS": 5.8888,
  "medianPS": 3.66,
  "hienTaiPS": 6.255073651457336
}