{
  "minPB": 0.824,
  "maxPB": 3.8137,
  "medianPB": 2.36,
  "hienTaiPB": 3.3319661281580264,
  "minPE": 3.4706,
  "maxPE": 14.4046,
  "medianPE": 9.01,
  "hienTaiPE": 13.272033802858251,
  "minPS": 1.4162,
  "maxPS": 5.9727,
  "medianPS": 3.76,
  "hienTaiPS": 6.067421441913616
}