{
  "minPB": 0.7876,
  "maxPB": 3.8137,
  "medianPB": 2.35,
  "hienTaiPB": 3.4556267267288394,
  "minPE": 3.3444,
  "maxPE": 14.4046,
  "medianPE": 8.97,
  "hienTaiPE": 13.764604129562269,
  "minPS": 1.3645,
  "maxPS": 5.8762,
  "medianPS": 3.66,
  "hienTaiPS": 6.292604093366081
}