{
  "minPB": 0,
  "maxPB": 1.297,
  "medianPB": 0.78,
  "hienTaiPB": 0.8164612154804273,
  "minPE": 0,
  "maxPE": 7.2017,
  "medianPE": 4.65,
  "hienTaiPE": 4.469759694486157,
  "minPS": 0.1591,
  "maxPS": 0.623,
  "medianPS": 0.32,
  "hienTaiPS": 0.20476566451834455
}