{
  "minPB": 0,
  "maxPB": 1.297,
  "medianPB": 0.78,
  "hienTaiPB": 0.7859133468740167,
  "minPE": 0,
  "maxPE": 7.2017,
  "medianPE": 4.65,
  "hienTaiPE": 4.3025237875496005,
  "minPS": 0.1591,
  "maxPS": 0.623,
  "medianPS": 0.32,
  "hienTaiPS": 0.1971043641452092
}