{
  "minPB": 0,
  "maxPB": 1.297,
  "medianPB": 0.78,
  "hienTaiPB": 0.7942445837666742,
  "minPE": 0,
  "maxPE": 7.2017,
  "medianPE": 4.65,
  "hienTaiPE": 4.3481335803504795,
  "minPS": 0.1591,
  "maxPS": 0.623,
  "medianPS": 0.32,
  "hienTaiPS": 0.19919380970151884
}