{
  "minPB": 0,
  "maxPB": 1.297,
  "medianPB": 0.78,
  "hienTaiPB": 0.791467504802455,
  "minPE": 0,
  "maxPE": 7.2017,
  "medianPE": 4.65,
  "hienTaiPE": 4.3329303160835195,
  "minPS": 0,
  "maxPS": 0.6265,
  "medianPS": 0.31,
  "hienTaiPS": 0.19849732784941562
}