{
  "minPB": 0,
  "maxPB": 1.297,
  "medianPB": 0.78,
  "hienTaiPB": 0.7803591889455784,
  "minPE": 0,
  "maxPE": 7.2017,
  "medianPE": 4.65,
  "hienTaiPE": 4.272117259015681,
  "minPS": 0,
  "maxPS": 0.6265,
  "medianPS": 0.31,
  "hienTaiPS": 0.1957114004410028
}