{
  "minPB": 0,
  "maxPB": 1.297,
  "medianPB": 0.79,
  "hienTaiPB": 0.8025758206593315,
  "minPE": 0,
  "maxPE": 7.2017,
  "medianPE": 4.65,
  "hienTaiPE": 4.393743373151358,
  "minPS": 0,
  "maxPS": 0.6265,
  "medianPS": 0.31,
  "hienTaiPS": 0.20128325525782848
}