{
  "minPB": 1.1234,
  "maxPB": 3.5819,
  "medianPB": 1.4,
  "hienTaiPB": 1.4756515897776061,
  "minPE": 3.5578,
  "maxPE": 13.779,
  "medianPE": 8.97,
  "hienTaiPE": 12.753856746275705,
  "minPS": 0.0866,
  "maxPS": 0.3764,
  "medianPS": 0.18,
  "hienTaiPS": 0.15436683869209625
}