{
  "minPB": 1.1234,
  "maxPB": 3.5819,
  "medianPB": 1.4,
  "hienTaiPB": 1.5464020084655734,
  "minPE": 3.5578,
  "maxPE": 13.779,
  "medianPE": 8.97,
  "hienTaiPE": 13.36534302863139,
  "minPS": 0.0866,
  "maxPS": 0.3765,
  "medianPS": 0.19,
  "hienTaiPS": 0.16176798849240223
}