{
  "minPB": 1.1239,
  "maxPB": 3.5819,
  "medianPB": 1.4,
  "hienTaiPB": 1.6508431027192396,
  "minPE": 3.5726,
  "maxPE": 13.7793,
  "medianPE": 8.97,
  "hienTaiPE": 14.268013254965972,
  "minPS": 0.0866,
  "maxPS": 0.3765,
  "medianPS": 0.19,
  "hienTaiPS": 0.17269349534047299
}