{
  "minPB": 1.1234,
  "maxPB": 3.5819,
  "medianPB": 1.4,
  "hienTaiPB": 1.751915129416336,
  "minPE": 3.5578,
  "maxPE": 13.7793,
  "medianPE": 8.97,
  "hienTaiPE": 15.141565086902665,
  "minPS": 0.0866,
  "maxPS": 0.3765,
  "medianPS": 0.19,
  "hienTaiPS": 0.18326656648376724
}