{
  "minPB": 1.1239,
  "maxPB": 3.5819,
  "medianPB": 1.4,
  "hienTaiPB": 1.751915129416336,
  "minPE": 3.5726,
  "maxPE": 13.7955,
  "medianPE": 8.99,
  "hienTaiPE": 15.141565086902665,
  "minPS": 0.0868,
  "maxPS": 0.3764,
  "medianPS": 0.19,
  "hienTaiPS": 0.18326656648376724
}