{
  "minPB": 1.1234,
  "maxPB": 3.5819,
  "medianPB": 1.4,
  "hienTaiPB": 1.4150083737593482,
  "minPE": 3.5578,
  "maxPE": 13.779,
  "medianPE": 8.96,
  "hienTaiPE": 12.22972564711369,
  "minPS": 0.0866,
  "maxPS": 0.3764,
  "medianPS": 0.18,
  "hienTaiPS": 0.14802299600611968
}