{
  "minPB": 0.4797,
  "maxPB": 1.536,
  "medianPB": 0.96,
  "hienTaiPB": 0.7363119430680453,
  "minPE": -35.2474,
  "maxPE": 257.7788,
  "medianPE": 8.3,
  "hienTaiPE": 19.64768968327298,
  "minPS": 0.1548,
  "maxPS": 0.4624,
  "medianPS": 0.27,
  "hienTaiPS": 0.29813156342819885
}