{
  "minPB": 0.4797,
  "maxPB": 1.536,
  "medianPB": 0.96,
  "hienTaiPB": 0.7326155979723221,
  "minPE": -35.2474,
  "maxPE": 257.7788,
  "medianPE": 8.3,
  "hienTaiPE": 19.549056702935264,
  "minPS": 0.1548,
  "maxPS": 0.4624,
  "medianPS": 0.27,
  "hienTaiPS": 0.296634919033479
}