{
  "minPB": 0.4797,
  "maxPB": 1.536,
  "medianPB": 0.96,
  "hienTaiPB": 0.8501593720163173,
  "minPE": -35.2474,
  "maxPE": 257.7788,
  "medianPE": 8.35,
  "hienTaiPE": 22.685585477674625,
  "minPS": 0.1553,
  "maxPS": 0.4624,
  "medianPS": 0.27,
  "hienTaiPS": 0.344228210785571
}