{
  "minPB": 0.4797,
  "maxPB": 1.536,
  "medianPB": 0.96,
  "hienTaiPB": 0.7577507446232393,
  "minPE": -35.2474,
  "maxPE": 257.7788,
  "medianPE": 8.32,
  "hienTaiPE": 20.219760969231732,
  "minPS": 0.1548,
  "maxPS": 0.4624,
  "medianPS": 0.27,
  "hienTaiPS": 0.30681210091757416
}