{
  "minPB": 0.4797,
  "maxPB": 1.536,
  "medianPB": 0.96,
  "hienTaiPB": 0.8279813014419786,
  "minPE": -35.2474,
  "maxPE": 257.7788,
  "medianPE": 8.37,
  "hienTaiPE": 22.09378759564833,
  "minPS": 0.1553,
  "maxPS": 0.4624,
  "medianPS": 0.27,
  "hienTaiPS": 0.33524834441725176
}