{
  "minPB": 0.4797,
  "maxPB": 1.536,
  "medianPB": 0.96,
  "hienTaiPB": 0.8575520622077635,
  "minPE": -35.2474,
  "maxPE": 257.7788,
  "medianPE": 8.36,
  "hienTaiPE": 22.882851438350055,
  "minPS": 0.1553,
  "maxPS": 0.4624,
  "medianPS": 0.27,
  "hienTaiPS": 0.34722149957501075
}