{
  "minPB": 0.4797,
  "maxPB": 1.536,
  "medianPB": 0.96,
  "hienTaiPB": 0.7651434348146855,
  "minPE": -35.2474,
  "maxPE": 257.7788,
  "medianPE": 8.33,
  "hienTaiPE": 20.417026929907163,
  "minPS": 0.1548,
  "maxPS": 0.4624,
  "medianPS": 0.27,
  "hienTaiPS": 0.3098053897070139
}