{
  "minPB": 0.4797,
  "maxPB": 1.536,
  "medianPB": 0.96,
  "hienTaiPB": 0.8686410974949329,
  "minPE": -35.2474,
  "maxPE": 257.7788,
  "medianPE": 8.36,
  "hienTaiPE": 23.178750379363205,
  "minPS": 0.1553,
  "maxPS": 0.4624,
  "medianPS": 0.27,
  "hienTaiPS": 0.3517114327591704
}