{
  "minPB": 0.4797,
  "maxPB": 1.536,
  "medianPB": 0.96,
  "hienTaiPB": 0.8316776465377017,
  "minPE": -35.2474,
  "maxPE": 257.7788,
  "medianPE": 8.36,
  "hienTaiPE": 22.19242057598605,
  "minPS": 0.1553,
  "maxPS": 0.4624,
  "medianPS": 0.27,
  "hienTaiPS": 0.3367449888119716
}