{
  "minPB": 0.4797,
  "maxPB": 1.536,
  "medianPB": 0.96,
  "hienTaiPB": 0.8353739916334249,
  "minPE": -35.2474,
  "maxPE": 257.7788,
  "medianPE": 8.36,
  "hienTaiPE": 22.291053556323764,
  "minPS": 0.1553,
  "maxPS": 0.4624,
  "medianPS": 0.27,
  "hienTaiPS": 0.3382416332066915
}