{
  "minPB": 0.5333,
  "maxPB": 2.4,
  "medianPB": 1,
  "hienTaiPB": 0.9584797417621104,
  "minPE": 2.8323,
  "maxPE": 11.1363,
  "medianPE": 6.44,
  "hienTaiPE": 9.054833362920043,
  "minPS": 0.3131,
  "maxPS": 2.847,
  "medianPS": 0.52,
  "hienTaiPS": 0.6524927744435506
}