{
  "minPB": 0.5333,
  "maxPB": 2.4,
  "medianPB": 1,
  "hienTaiPB": 0.9850607460197872,
  "minPE": 2.8323,
  "maxPE": 11.1363,
  "medianPE": 6.43,
  "hienTaiPE": 9.305946196802001,
  "minPS": 0.311,
  "maxPS": 2.0327,
  "medianPS": 0.52,
  "hienTaiPS": 0.6705880063612347
}