{
  "minPB": 0.534,
  "maxPB": 2.4,
  "medianPB": 1,
  "hienTaiPB": 0.9131356756754853,
  "minPE": 2.8547,
  "maxPE": 11.1332,
  "medianPE": 6.44,
  "hienTaiPE": 8.626464411003761,
  "minPS": 0.3139,
  "maxPS": 2.8199,
  "medianPS": 0.52,
  "hienTaiPS": 0.6216244376427954
}