{
  "minPB": 0.5347,
  "maxPB": 1.9691,
  "medianPB": 1.01,
  "hienTaiPB": 0.8338919269681246,
  "minPE": 3.9502,
  "maxPE": 17.9136,
  "medianPE": 5.82,
  "hienTaiPE": 7.691585758912789,
  "minPS": 0.1396,
  "maxPS": 0.6316,
  "medianPS": 0.39,
  "hienTaiPS": 0.4551454714212429
}