{
  "minPB": 0.5347,
  "maxPB": 1.973,
  "medianPB": 1.01,
  "hienTaiPB": 0.7714418707634634,
  "minPE": 3.9502,
  "maxPE": 18.1169,
  "medianPE": 5.82,
  "hienTaiPE": 7.115563917936941,
  "minPS": 0.1396,
  "maxPS": 0.6316,
  "medianPS": 0.39,
  "hienTaiPS": 0.42105968721788994
}