{
  "minPB": 0.5347,
  "maxPB": 1.9691,
  "medianPB": 1.01,
  "hienTaiPB": 0.881647852301101,
  "minPE": 3.9502,
  "maxPE": 17.9136,
  "medianPE": 5.82,
  "hienTaiPE": 8.13207304907079,
  "minPS": 0.1396,
  "maxPS": 0.6316,
  "medianPS": 0.39,
  "hienTaiPS": 0.4812110711061599
}