{
  "minPB": 0.5347,
  "maxPB": 1.973,
  "medianPB": 1.01,
  "hienTaiPB": 0.7640948053276209,
  "minPE": 3.9502,
  "maxPE": 18.1169,
  "medianPE": 5.82,
  "hienTaiPE": 7.047796642528018,
  "minPS": 0.1396,
  "maxPS": 0.6316,
  "medianPS": 0.39,
  "hienTaiPS": 0.41704959495867194
}