{
  "minPB": 0.9746,
  "maxPB": 1.1057,
  "medianPB": 1,
  "hienTaiPB": 1.0958821380166717,
  "minPE": 17.062,
  "maxPE": 57.1184,
  "medianPE": 17.57,
  "hienTaiPE": 56.61345286339177,
  "minPS": 1.5867,
  "maxPS": 7.7974,
  "medianPS": 4.03,
  "hienTaiPS": 6.3639270803418535
}