{
  "minPB": 0.9709,
  "maxPB": 1.6122,
  "medianPB": 1.08,
  "hienTaiPB": 1.1017637338893138,
  "minPE": 15.6523,
  "maxPE": 55.7532,
  "medianPE": 25.52,
  "hienTaiPE": 56.91729708089127,
  "minPS": 1.5867,
  "maxPS": 7.8559,
  "medianPS": 2.23,
  "hienTaiPS": 6.39808225629652
}