{
  "minPB": 0.9709,
  "maxPB": 1.6122,
  "medianPB": 1.08,
  "hienTaiPB": 1.0475039409797273,
  "minPE": 15.6523,
  "maxPE": 55.7301,
  "medianPE": 25.45,
  "hienTaiPE": 54.1142271870579,
  "minPS": 1.5867,
  "maxPS": 7.8559,
  "medianPS": 2.24,
  "hienTaiPS": 6.082988731644322
}