{
  "minPB": 0.9709,
  "maxPB": 1.6122,
  "medianPB": 1.08,
  "hienTaiPB": 1.0472554228442634,
  "minPE": 15.6523,
  "maxPE": 55.7301,
  "medianPE": 25.48,
  "hienTaiPE": 54.10138869899454,
  "minPS": 1.5867,
  "maxPS": 7.8559,
  "medianPS": 2.24,
  "hienTaiPS": 6.081545555195533
}