{
  "minPB": 0.9709,
  "maxPB": 1.6122,
  "medianPB": 1.08,
  "hienTaiPB": 1.08519585819173,
  "minPE": 15.6523,
  "maxPE": 56.038,
  "medianPE": 25.53,
  "hienTaiPE": 56.06139787666734,
  "minPS": 1.5867,
  "maxPS": 7.8559,
  "medianPS": 2.23,
  "hienTaiPS": 6.30187049304394
}