{
  "minPB": 0.9709,
  "maxPB": 1.6122,
  "medianPB": 1.08,
  "hienTaiPB": 1.0520601067965627,
  "minPE": 15.6523,
  "maxPE": 55.7301,
  "medianPE": 25.44,
  "hienTaiPE": 54.34959946821948,
  "minPS": 1.5867,
  "maxPS": 7.8559,
  "medianPS": 2.24,
  "hienTaiPS": 6.109446966538782
}