{
  "minPB": 0.9746,
  "maxPB": 1.1057,
  "medianPB": 1,
  "hienTaiPB": 1.016273495289782,
  "minPE": 17.062,
  "maxPE": 57.1184,
  "medianPE": 17.57,
  "hienTaiPE": 52.5008571870958,
  "minPS": 1.5867,
  "maxPS": 7.7974,
  "medianPS": 4.03,
  "hienTaiPS": 5.9016295579132105
}