{
  "minPB": 0.9709,
  "maxPB": 1.6122,
  "medianPB": 1.08,
  "hienTaiPB": 1.0686279824941465,
  "minPE": 15.6523,
  "maxPE": 55.7301,
  "medianPE": 25.51,
  "hienTaiPE": 55.20549867244341,
  "minPS": 1.5867,
  "maxPS": 7.8559,
  "medianPS": 2.24,
  "hienTaiPS": 6.205658729791361
}