{
  "minPB": 0.9709,
  "maxPB": 1.6122,
  "medianPB": 1.08,
  "hienTaiPB": 1.0634091016494076,
  "minPE": 15.6523,
  "maxPE": 55.7301,
  "medianPE": 25.5,
  "hienTaiPE": 54.93589042311287,
  "minPS": 1.5867,
  "maxPS": 7.8559,
  "medianPS": 2.24,
  "hienTaiPS": 6.1753520243667985
}