{
  "minPB": 0.9746,
  "maxPB": 1.1057,
  "medianPB": 1,
  "hienTaiPB": 1.0252201481664773,
  "minPE": 17.062,
  "maxPE": 57.1184,
  "medianPE": 17.57,
  "hienTaiPE": 52.96304275737672,
  "minPS": 1.5867,
  "maxPS": 7.7974,
  "medianPS": 4.03,
  "hienTaiPS": 5.953583910069603
}