{
  "minPB": 0.9746,
  "maxPB": 1.1057,
  "medianPB": 1,
  "hienTaiPB": 1.08519585819173,
  "minPE": 17.062,
  "maxPE": 57.1184,
  "medianPE": 17.56,
  "hienTaiPE": 56.06139787666734,
  "minPS": 1.5867,
  "maxPS": 7.7974,
  "medianPS": 4.03,
  "hienTaiPS": 6.30187049304394
}