{
  "minPB": 1.0222,
  "maxPB": 8.456,
  "medianPB": 2.56,
  "hienTaiPB": 3.071528555030061,
  "minPE": 3.1837,
  "maxPE": 31.5144,
  "medianPE": 11.49,
  "hienTaiPE": 10.603336688622063,
  "minPS": 0.6015,
  "maxPS": 2.6947,
  "medianPS": 1.26,
  "hienTaiPS": 1.5031945893129584
}