{
  "minPB": 1.0222,
  "maxPB": 8.456,
  "medianPB": 2.56,
  "hienTaiPB": 2.7041010800331855,
  "minPE": 3.1837,
  "maxPE": 31.5144,
  "medianPE": 11.49,
  "hienTaiPE": 9.334926789042273,
  "minPS": 0.6016,
  "maxPS": 2.8072,
  "medianPS": 1.27,
  "hienTaiPS": 1.3233769569892309
}