{
  "minPB": 1.0222,
  "maxPB": 8.456,
  "medianPB": 2.56,
  "hienTaiPB": 3.094234747305149,
  "minPE": 3.1837,
  "maxPE": 31.5144,
  "medianPE": 11.49,
  "hienTaiPE": 10.68172157005677,
  "minPS": 0.6015,
  "maxPS": 2.6947,
  "medianPS": 1.26,
  "hienTaiPS": 1.5143069149059978
}