{
  "minPB": 1.0222,
  "maxPB": 8.456,
  "medianPB": 2.56,
  "hienTaiPB": 2.5327725383211592,
  "minPE": 3.1837,
  "maxPE": 31.5144,
  "medianPE": 11.49,
  "hienTaiPE": 8.743477229125855,
  "minPS": 0.6016,
  "maxPS": 2.8072,
  "medianPS": 1.27,
  "hienTaiPS": 1.2395294093326612
}