{
  "minPB": 1.0222,
  "maxPB": 8.456,
  "medianPB": 2.56,
  "hienTaiPB": 2.6463034996965984,
  "minPE": 3.1837,
  "maxPE": 31.5144,
  "medianPE": 11.49,
  "hienTaiPE": 9.135401636299385,
  "minPS": 0.6015,
  "maxPS": 2.6947,
  "medianPS": 1.26,
  "hienTaiPS": 1.2950910372978581
}