{
  "minPB": 0.4251,
  "maxPB": 3.0537,
  "medianPB": 0.78,
  "hienTaiPB": 1.0947964600285445,
  "minPE": -677.0368,
  "maxPE": 90.9156,
  "medianPE": 8.33,
  "hienTaiPE": -531.9724,
  "minPS": 0.1614,
  "maxPS": 0.6982,
  "medianPS": 0.3,
  "hienTaiPS": 0.2654935061565311
}