{
  "minPB": 0,
  "maxPB": 2.9754,
  "medianPB": 0.76,
  "hienTaiPB": 1.0947964600285445,
  "minPE": -677.0368,
  "maxPE": 90.9156,
  "medianPE": 7.71,
  "hienTaiPE": -531.9724,
  "minPS": 0,
  "maxPS": 0.7369,
  "medianPS": 0.29,
  "hienTaiPS": 0.2654935061565311
}