{
  "minPB": 1.5437,
  "maxPB": 5.4546,
  "medianPB": 3.05,
  "hienTaiPB": 3.117595100328679,
  "minPE": 10.9326,
  "maxPE": 195.4863,
  "medianPE": 24.89,
  "hienTaiPE": 31.246270748692584,
  "minPS": 2.3594,
  "maxPS": 38.7585,
  "medianPS": 9.27,
  "hienTaiPS": 9.821180845063713
}