{
  "minPB": 1.5437,
  "maxPB": 5.4546,
  "medianPB": 3.05,
  "hienTaiPB": 2.927075399753037,
  "minPE": 10.9326,
  "maxPE": 195.4863,
  "medianPE": 24.84,
  "hienTaiPE": 29.33677642516137,
  "minPS": 2.3594,
  "maxPS": 38.7585,
  "medianPS": 9.27,
  "hienTaiPS": 9.220997571198708
}