{
  "minPB": 1.5437,
  "maxPB": 5.4546,
  "medianPB": 3.05,
  "hienTaiPB": 2.9010954405836316,
  "minPE": 10.9326,
  "maxPE": 195.4863,
  "medianPE": 24.86,
  "hienTaiPE": 29.076390835588935,
  "minPS": 2.3594,
  "maxPS": 38.7585,
  "medianPS": 9.27,
  "hienTaiPS": 9.139154397489845
}