{
  "minPB": 1.5592,
  "maxPB": 5.4546,
  "medianPB": 3.05,
  "hienTaiPB": 2.9790353180918485,
  "minPE": 10.9328,
  "maxPE": 195.4863,
  "medianPE": 24.86,
  "hienTaiPE": 29.857547604306248,
  "minPS": 2.3594,
  "maxPS": 38.7585,
  "medianPS": 9.28,
  "hienTaiPS": 9.384683918616437
}