{
  "minPB": 0.4582,
  "maxPB": 1.2754,
  "medianPB": 0.61,
  "hienTaiPB": 0.5414999236789781,
  "minPE": 4.3078,
  "maxPE": 54.1906,
  "medianPE": 12.29,
  "hienTaiPE": 167.47823642808183,
  "minPS": 0.7232,
  "maxPS": 1.4629,
  "medianPS": 0.87,
  "hienTaiPS": 0.7261284579918146
}