{
  "minPB": 0.4582,
  "maxPB": 1.2754,
  "medianPB": 0.61,
  "hienTaiPB": 0.5307416470495945,
  "minPE": 4.3078,
  "maxPE": 53.8219,
  "medianPE": 12.25,
  "hienTaiPE": 164.15085424739146,
  "minPS": 0.7232,
  "maxPS": 1.4629,
  "medianPS": 0.87,
  "hienTaiPS": 0.7117020647866792
}