{
  "minPB": 0.4582,
  "maxPB": 1.2754,
  "medianPB": 0.61,
  "hienTaiPB": 0.5271555548397999,
  "minPE": 4.3078,
  "maxPE": 53.8219,
  "medianPE": 12.21,
  "hienTaiPE": 163.041726853828,
  "minPS": 0.7236,
  "maxPS": 1.4629,
  "medianPS": 0.87,
  "hienTaiPS": 0.706893267051634
}