{
  "minPB": 0.4582,
  "maxPB": 1.2754,
  "medianPB": 0.61,
  "hienTaiPB": 0.5199833704202108,
  "minPE": 4.3078,
  "maxPE": 53.8219,
  "medianPE": 12.21,
  "hienTaiPE": 160.8234720667011,
  "minPS": 0.7237,
  "maxPS": 1.4629,
  "medianPS": 0.87,
  "hienTaiPS": 0.6972756715815438
}