{
  "minPB": 0.4582,
  "maxPB": 1.2754,
  "medianPB": 0.61,
  "hienTaiPB": 0.5296658193866561,
  "minPE": 4.3078,
  "maxPE": 53.8219,
  "medianPE": 12.21,
  "hienTaiPE": 163.81811602932243,
  "minPS": 0.7236,
  "maxPS": 1.4629,
  "medianPS": 0.87,
  "hienTaiPS": 0.7102594254661656
}