{
  "minPB": 0.4361,
  "maxPB": 0.5402,
  "medianPB": 0.49,
  "hienTaiPB": 0.5379138314691836,
  "minPE": 46.1283,
  "maxPE": 166.3691,
  "medianPE": 51.98,
  "hienTaiPE": 166.36910903451837,
  "minPS": 0.7274,
  "maxPS": 1.4629,
  "medianPS": 0.86,
  "hienTaiPS": 0.7213196602567694
}