{
  "minPB": 0.4361,
  "maxPB": 0.5402,
  "medianPB": 0.49,
  "hienTaiPB": 0.5199833704202108,
  "minPE": 46.1283,
  "maxPE": 166.3691,
  "medianPE": 51.98,
  "hienTaiPE": 160.8234720667011,
  "minPS": 0.7237,
  "maxPS": 1.4629,
  "medianPS": 0.86,
  "hienTaiPS": 0.6972756715815438
}