{
  "minPB": 0.4582,
  "maxPB": 1.2754,
  "medianPB": 0.6,
  "hienTaiPB": 0.534327739259389,
  "minPE": 4.3078,
  "maxPE": 55.6762,
  "medianPE": 12.33,
  "hienTaiPE": 165.25998164095492,
  "minPS": 0.7213,
  "maxPS": 1.4629,
  "medianPS": 0.87,
  "hienTaiPS": 0.7165108625217242
}