{
  "minPB": 2.3823,
  "maxPB": 10.9004,
  "medianPB": 3.07,
  "hienTaiPB": 3.0251537780451323,
  "minPE": 7.0813,
  "maxPE": 47.74,
  "medianPE": 14.64,
  "hienTaiPE": 12.284108493965707,
  "minPS": 1.5227,
  "maxPS": 5.3221,
  "medianPS": 2.44,
  "hienTaiPS": 2.1866398713542785
}