{
  "minPB": 2.3823,
  "maxPB": 10.9004,
  "medianPB": 3.07,
  "hienTaiPB": 3.0832122848965033,
  "minPE": 7.0813,
  "maxPE": 47.74,
  "medianPE": 14.62,
  "hienTaiPE": 12.519864111526665,
  "minPS": 1.5227,
  "maxPS": 5.2877,
  "medianPS": 2.47,
  "hienTaiPS": 2.2286056870671382
}