{
  "minPB": 2.3823,
  "maxPB": 10.9004,
  "medianPB": 3.07,
  "hienTaiPB": 3.086267995783418,
  "minPE": 7.0813,
  "maxPE": 47.74,
  "medianPE": 14.64,
  "hienTaiPE": 12.53227230192461,
  "minPS": 1.5227,
  "maxPS": 5.3221,
  "medianPS": 2.44,
  "hienTaiPS": 2.2308144142099207
}