{
  "minPB": 2.3823,
  "maxPB": 10.9004,
  "medianPB": 3.07,
  "hienTaiPB": 2.9487610058722753,
  "minPE": 7.0813,
  "maxPE": 47.74,
  "medianPE": 14.62,
  "hienTaiPE": 11.973903734017078,
  "minPS": 1.5227,
  "maxPS": 5.2877,
  "medianPS": 2.46,
  "hienTaiPS": 2.131421692784726
}