{
  "minPB": 2.3823,
  "maxPB": 10.9004,
  "medianPB": 3.07,
  "hienTaiPB": 2.9395938732115328,
  "minPE": 7.0813,
  "maxPE": 47.74,
  "medianPE": 14.62,
  "hienTaiPE": 11.936679162823243,
  "minPS": 1.5227,
  "maxPS": 5.2877,
  "medianPS": 2.46,
  "hienTaiPS": 2.1247955113563797
}