{
  "minPB": 0.7032,
  "maxPB": 3.5903,
  "medianPB": 1.36,
  "hienTaiPB": 3.0089818008477613,
  "minPE": 3.5638,
  "maxPE": 35.2354,
  "medianPE": 13.5,
  "hienTaiPE": 46.34666911736969,
  "minPS": 1.1976,
  "maxPS": 8.0359,
  "medianPS": 2.22,
  "hienTaiPS": 7.531625656684387
}