{
  "minPB": 0.7032,
  "maxPB": 3.5903,
  "medianPB": 1.36,
  "hienTaiPB": 2.949036630945158,
  "minPE": 3.5638,
  "maxPE": 35.3726,
  "medianPE": 13.5,
  "hienTaiPE": 45.4233471637847,
  "minPS": 1.1976,
  "maxPS": 8.0359,
  "medianPS": 2.22,
  "hienTaiPS": 7.381580023471999
}