{
  "minPB": 0.7032,
  "maxPB": 3.5903,
  "medianPB": 1.36,
  "hienTaiPB": 2.899564280816934,
  "minPE": 3.5638,
  "maxPE": 35.983,
  "medianPE": 13.51,
  "hienTaiPE": 44.66133569491989,
  "minPS": 1.1976,
  "maxPS": 8.0359,
  "medianPS": 2.23,
  "hienTaiPS": 7.257748360077682
}