{
  "minPB": 1.9102,
  "maxPB": 3.0962,
  "medianPB": 2.16,
  "hienTaiPB": 3.168106137121165,
  "minPE": 25.5498,
  "maxPE": 47.6902,
  "medianPE": 28.85,
  "hienTaiPE": 48.797625437446705,
  "minPS": 1.1995,
  "maxPS": 8.033,
  "medianPS": 2.27,
  "hienTaiPS": 7.929921496606709
}