{
  "minPB": 1.9102,
  "maxPB": 3.0962,
  "medianPB": 2.16,
  "hienTaiPB": 2.96388615152077,
  "minPE": 25.5498,
  "maxPE": 47.6902,
  "medianPE": 28.89,
  "hienTaiPE": 45.65207098540288,
  "minPS": 1.1995,
  "maxPS": 8.033,
  "medianPS": 2.27,
  "hienTaiPS": 7.418749085154338
}