{
  "minPB": 1.9102,
  "maxPB": 3.0894,
  "medianPB": 2.15,
  "hienTaiPB": 3.0949527094434117,
  "minPE": 25.5498,
  "maxPE": 41.3217,
  "medianPE": 28.81,
  "hienTaiPE": 43.168466318322444,
  "minPS": 1.1995,
  "maxPS": 8.033,
  "medianPS": 2.27,
  "hienTaiPS": 7.908084467289649
}