{
  "minPB": 1.9102,
  "maxPB": 3.0962,
  "medianPB": 2.16,
  "hienTaiPB": 2.919181279051032,
  "minPE": 25.5498,
  "maxPE": 47.6902,
  "medianPE": 28.94,
  "hienTaiPE": 44.96349190137339,
  "minPS": 1.1995,
  "maxPS": 8.033,
  "medianPS": 2.27,
  "hienTaiPS": 7.306850646826455
}