{
  "minPB": 0.7032,
  "maxPB": 3.5903,
  "medianPB": 1.36,
  "hienTaiPB": 3.0011662637027023,
  "minPE": 3.5638,
  "maxPE": 35.6969,
  "medianPE": 13.5,
  "hienTaiPE": 46.226288158623284,
  "minPS": 1.1976,
  "maxPS": 8.0359,
  "medianPS": 2.23,
  "hienTaiPS": 7.5120629926410505
}