{
  "minPB": 0.7032,
  "maxPB": 3.5903,
  "medianPB": 1.36,
  "hienTaiPB": 2.9386419665422294,
  "minPE": 3.5638,
  "maxPE": 35.4563,
  "medianPE": 13.5,
  "hienTaiPE": 45.26324048865197,
  "minPS": 1.1976,
  "maxPS": 8.0359,
  "medianPS": 2.23,
  "hienTaiPS": 7.355561680294362
}