{
  "minPB": 0.7032,
  "maxPB": 3.5903,
  "medianPB": 1.36,
  "hienTaiPB": 2.977719652267525,
  "minPE": 3.5638,
  "maxPE": 35.5383,
  "medianPE": 13.5,
  "hienTaiPE": 45.865145282384034,
  "minPS": 1.1976,
  "maxPS": 8.0359,
  "medianPS": 2.23,
  "hienTaiPS": 7.453375000511042
}