{
  "minPB": 0.7032,
  "maxPB": 3.5903,
  "medianPB": 1.36,
  "hienTaiPB": 2.8505608629174133,
  "minPE": 3.5638,
  "maxPE": 35.3021,
  "medianPE": 13.5,
  "hienTaiPE": 43.906547083579866,
  "minPS": 1.1976,
  "maxPS": 8.0359,
  "medianPS": 2.22,
  "hienTaiPS": 7.1350904565259645
}