{
  "minPB": 0.7288,
  "maxPB": 2.9205,
  "medianPB": 1.44,
  "hienTaiPB": 2.4428096857888706,
  "minPE": -220.0054,
  "maxPE": 49.0231,
  "medianPE": 8.27,
  "hienTaiPE": 28.46827675104629,
  "minPS": 0.9819,
  "maxPS": 39.2002,
  "medianPS": 2.64,
  "hienTaiPS": 15.528199115160003
}