{
  "minPB": 0.7288,
  "maxPB": 2.9247,
  "medianPB": 1.43,
  "hienTaiPB": 2.199775048682325,
  "minPE": -220.0054,
  "maxPE": 49.1605,
  "medianPE": 8.23,
  "hienTaiPE": 25.63597370693709,
  "minPS": 0.9806,
  "maxPS": 39.1221,
  "medianPS": 2.73,
  "hienTaiPS": 13.983301754212961
}