{
  "minPB": 0.7288,
  "maxPB": 2.9205,
  "medianPB": 1.43,
  "hienTaiPB": 2.399188084256927,
  "minPE": -220.0054,
  "maxPE": 49.0231,
  "medianPE": 8.27,
  "hienTaiPE": 27.959914666206178,
  "minPS": 0.9811,
  "maxPS": 39.2002,
  "medianPS": 2.64,
  "hienTaiPS": 15.250909845246431
}