{
  "minPB": 0.7288,
  "maxPB": 2.9205,
  "medianPB": 1.43,
  "hienTaiPB": 2.346218996682423,
  "minPE": -220.0054,
  "maxPE": 49.0231,
  "medianPE": 8.26,
  "hienTaiPE": 27.342617848900325,
  "minPS": 0.9811,
  "maxPS": 39.2002,
  "medianPS": 2.64,
  "hienTaiPS": 14.914201446065665
}