{
  "minPB": 0.7288,
  "maxPB": 2.9205,
  "medianPB": 1.43,
  "hienTaiPB": 2.181080076597206,
  "minPE": -220.0054,
  "maxPE": 49.0231,
  "medianPE": 8.24,
  "hienTaiPE": 25.418104242005615,
  "minPS": 0.9811,
  "maxPS": 39.2002,
  "medianPS": 2.64,
  "hienTaiPS": 13.864463495678574
}