{
  "minPB": 0.7288,
  "maxPB": 2.9205,
  "medianPB": 1.43,
  "hienTaiPB": 2.3680297974483953,
  "minPE": -220.0054,
  "maxPE": 49.0231,
  "medianPE": 8.26,
  "hienTaiPE": 27.596798891320383,
  "minPS": 0.9811,
  "maxPS": 39.2002,
  "medianPS": 2.64,
  "hienTaiPS": 15.052846081022452
}