{
  "minPB": 0.8028,
  "maxPB": 0.8701,
  "medianPB": 0.84,
  "hienTaiPB": 0.8490951511680466,
  "minPE": 7.6634,
  "maxPE": 9.9999,
  "medianPE": 7.98,
  "hienTaiPE": 9.780848023802799,
  "minPS": 0.1447,
  "maxPS": 3.118,
  "medianPS": 1.18,
  "hienTaiPS": 1.4872727245283612
}