{
  "minPB": 0.8028,
  "maxPB": 0.8701,
  "medianPB": 0.84,
  "hienTaiPB": 0.8681086170746267,
  "minPE": 7.6634,
  "maxPE": 9.9999,
  "medianPE": 7.98,
  "hienTaiPE": 9.999866846583958,
  "minPS": 0.1447,
  "maxPS": 3.118,
  "medianPS": 1.18,
  "hienTaiPS": 1.5205766589610406
}