{
  "minPB": 0.21,
  "maxPB": 1.9759,
  "medianPB": 0.88,
  "hienTaiPB": 0.8539546722310186,
  "minPE": -5.5721,
  "maxPE": 38.7056,
  "medianPE": 6.38,
  "hienTaiPE": 9.836825539302698,
  "minPS": 0.1447,
  "maxPS": 3.118,
  "medianPS": 1.18,
  "hienTaiPS": 1.4957846482171104
}