{
  "minPB": 0.8028,
  "maxPB": 0.8701,
  "medianPB": 0.84,
  "hienTaiPB": 0.8492366906164827,
  "minPE": 7.6634,
  "maxPE": 9.9999,
  "medianPE": 7.98,
  "hienTaiPE": 9.78247843687561,
  "minPS": 0.1447,
  "maxPS": 3.118,
  "medianPS": 1.18,
  "hienTaiPS": 1.4875206446358005
}