{
  "minPB": 0.3914,
  "maxPB": 2.8197,
  "medianPB": 0.84,
  "hienTaiPB": 1.6790811790673763,
  "minPE": -379.7743,
  "maxPE": 98.9788,
  "medianPE": 8.51,
  "hienTaiPE": 22.863686793141266,
  "minPS": 0.4902,
  "maxPS": 7.9823,
  "medianPS": 1.29,
  "hienTaiPS": 1.660107002917639
}