{
  "minPB": 0.3923,
  "maxPB": 2.8195,
  "medianPB": 0.84,
  "hienTaiPB": 1.6790811790673763,
  "minPE": -379.7743,
  "maxPE": 98.4164,
  "medianPE": 8.52,
  "hienTaiPE": 22.863686793141266,
  "minPS": 0.4932,
  "maxPS": 9.0967,
  "medianPS": 1.32,
  "hienTaiPS": 1.660107002917639
}