{
  "minPB": 0.3914,
  "maxPB": 2.8197,
  "medianPB": 0.84,
  "hienTaiPB": 1.6831369307076356,
  "minPE": -379.7743,
  "maxPE": 98.9788,
  "medianPE": 8.5,
  "hienTaiPE": 22.918913089743057,
  "minPS": 0.4902,
  "maxPS": 7.9823,
  "medianPS": 1.28,
  "hienTaiPS": 1.6641169232145414
}