{
  "minPB": 0.3919,
  "maxPB": 2.8196,
  "medianPB": 0.84,
  "hienTaiPB": 1.7074714405491918,
  "minPE": -379.7743,
  "maxPE": 98.6976,
  "medianPE": 8.52,
  "hienTaiPE": 23.250270869353802,
  "minPS": 0.4932,
  "maxPS": 9.0967,
  "medianPS": 1.32,
  "hienTaiPS": 1.6881764449959566
}