{
  "minPB": 0.3923,
  "maxPB": 2.8195,
  "medianPB": 0.84,
  "hienTaiPB": 1.6223006561037452,
  "minPE": -379.7743,
  "maxPE": 98.4164,
  "medianPE": 8.52,
  "hienTaiPE": 22.0905186407162,
  "minPS": 0.4935,
  "maxPS": 9.0967,
  "medianPS": 1.32,
  "hienTaiPS": 1.603968118761004
}