{
  "minPB": 0.3923,
  "maxPB": 2.8195,
  "medianPB": 0.84,
  "hienTaiPB": 1.6669139241465982,
  "minPE": -379.7743,
  "maxPE": 98.4164,
  "medianPE": 8.52,
  "hienTaiPE": 22.698007903335895,
  "minPS": 0.4932,
  "maxPS": 9.0967,
  "medianPS": 1.32,
  "hienTaiPS": 1.6480772420269314
}