{
  "minPB": 0.3923,
  "maxPB": 2.8195,
  "medianPB": 0.84,
  "hienTaiPB": 1.6466351659453013,
  "minPE": -379.7743,
  "maxPE": 98.4164,
  "medianPE": 8.55,
  "hienTaiPE": 22.421876420326942,
  "minPS": 0.4935,
  "maxPS": 9.0967,
  "medianPS": 1.32,
  "hienTaiPS": 1.628027640542419
}