{
  "minPB": 0.3244,
  "maxPB": 0.9359,
  "medianPB": 0.48,
  "hienTaiPB": 0.33389498328411904,
  "minPE": 3.9329,
  "maxPE": 15.0427,
  "medianPE": 5.7,
  "hienTaiPE": 10.224675769746614,
  "minPS": 0.0916,
  "maxPS": 0.3896,
  "medianPS": 0.18,
  "hienTaiPS": 0.1249445530317136
}