{
  "minPB": 0.3242,
  "maxPB": 0.9367,
  "medianPB": 0.48,
  "hienTaiPB": 0.32448949079724243,
  "minPE": 3.9329,
  "maxPE": 15.0867,
  "medianPE": 5.69,
  "hienTaiPE": 9.936656733979104,
  "minPS": 0.0916,
  "maxPS": 0.3861,
  "medianPS": 0.18,
  "hienTaiPS": 0.12142498815758082
}