{
  "minPB": 0.3244,
  "maxPB": 0.9359,
  "medianPB": 0.48,
  "hienTaiPB": 0.32919223704068074,
  "minPE": 3.9329,
  "maxPE": 15.0427,
  "medianPE": 5.69,
  "hienTaiPE": 10.080666251862858,
  "minPS": 0.0916,
  "maxPS": 0.3861,
  "medianPS": 0.18,
  "hienTaiPS": 0.1231847705946472
}