{
  "minPB": 0.3244,
  "maxPB": 0.9359,
  "medianPB": 0.48,
  "hienTaiPB": 0.33154361016239986,
  "minPE": 3.9329,
  "maxPE": 15.0427,
  "medianPE": 5.69,
  "hienTaiPE": 10.152671010804736,
  "minPS": 0.0916,
  "maxPS": 0.3896,
  "medianPS": 0.18,
  "hienTaiPS": 0.1240646618131804
}