{
  "minPB": 0,
  "maxPB": 2.4434,
  "medianPB": 0.72,
  "hienTaiPB": 0.6679130674861261,
  "minPE": -20.0178,
  "maxPE": 30.8786,
  "medianPE": 5.97,
  "hienTaiPE": 4.192519259973312,
  "minPS": 0.7091,
  "maxPS": 4.8724,
  "medianPS": 1.97,
  "hienTaiPS": 1.828802819072509
}