{
  "minPB": 0,
  "maxPB": 2.4434,
  "medianPB": 0.72,
  "hienTaiPB": 0.6932367856846522,
  "minPE": -20.0178,
  "maxPE": 30.8785,
  "medianPE": 5.97,
  "hienTaiPE": 4.351477336180831,
  "minPS": 0.7098,
  "maxPS": 12.5876,
  "medianPS": 1.97,
  "hienTaiPS": 1.8981413145823671
}