{
  "minPB": 0,
  "maxPB": 2.4434,
  "medianPB": 0.72,
  "hienTaiPB": 0.7058986447839153,
  "minPE": -20.0178,
  "maxPE": 30.8785,
  "medianPE": 5.95,
  "hienTaiPE": 4.43095637428459,
  "minPS": 0.7098,
  "maxPS": 12.5876,
  "medianPS": 1.97,
  "hienTaiPS": 1.9328105623372962
}