{
  "minPB": 0,
  "maxPB": 2.4434,
  "medianPB": 0.72,
  "hienTaiPB": 0.6647476027113103,
  "minPE": -20.0178,
  "maxPE": 30.8786,
  "medianPE": 5.97,
  "hienTaiPE": 4.172649500447372,
  "minPS": 0.7091,
  "maxPS": 4.8724,
  "medianPS": 1.97,
  "hienTaiPS": 1.8201355071337766
}