{
  "minPB": 0,
  "maxPB": 2.4434,
  "medianPB": 0.72,
  "hienTaiPB": 0.6964022504594679,
  "minPE": -20.0178,
  "maxPE": 30.8785,
  "medianPE": 5.96,
  "hienTaiPE": 4.371347095706771,
  "minPS": 0.7098,
  "maxPS": 12.5876,
  "medianPS": 1.97,
  "hienTaiPS": 1.9068086265210993
}