{
  "minPB": 0.6957,
  "maxPB": 1.6667,
  "medianPB": 1.01,
  "hienTaiPB": 0.679327659842283,
  "minPE": 2.9938,
  "maxPE": 8.0404,
  "medianPE": 5.47,
  "hienTaiPE": 7.374076890835974,
  "minPS": 0.2943,
  "maxPS": 0.6637,
  "medianPS": 0.47,
  "hienTaiPS": 0.5270805954811366
}