{
  "minPB": 0.6944,
  "maxPB": 1.6626,
  "medianPB": 1,
  "hienTaiPB": 0.7019719151703592,
  "minPE": 2.9938,
  "maxPE": 8.0404,
  "medianPE": 5.48,
  "hienTaiPE": 7.61987945386384,
  "minPS": 0.2936,
  "maxPS": 0.6637,
  "medianPS": 0.47,
  "hienTaiPS": 0.5446499486638412
}