{
  "minPB": 0.6944,
  "maxPB": 1.6667,
  "medianPB": 1,
  "hienTaiPB": 0.6944238300610004,
  "minPE": 2.9938,
  "maxPE": 8.0404,
  "medianPE": 5.48,
  "hienTaiPE": 7.537945266187885,
  "minPS": 0.2936,
  "maxPS": 0.6637,
  "medianPS": 0.47,
  "hienTaiPS": 0.5387934976029396
}