{
  "minPB": 0.2981,
  "maxPB": 2.9424,
  "medianPB": 0.73,
  "hienTaiPB": 1.4047957755784237,
  "minPE": -18.366,
  "maxPE": 266.3361,
  "medianPE": 7.62,
  "hienTaiPE": 32.59251067794078,
  "minPS": 0.0504,
  "maxPS": 0.5077,
  "medianPS": 0.2,
  "hienTaiPS": 0.22728509445383777
}