{
  "minPB": 0.2981,
  "maxPB": 2.9424,
  "medianPB": 0.73,
  "hienTaiPB": 1.3425579880527974,
  "minPE": -18.366,
  "maxPE": 266.3361,
  "medianPE": 7.66,
  "hienTaiPE": 31.14853868588011,
  "minPS": 0.0509,
  "maxPS": 0.5133,
  "medianPS": 0.2,
  "hienTaiPS": 0.21721550166157913
}