{
  "minPB": 0.2981,
  "maxPB": 2.9424,
  "medianPB": 0.73,
  "hienTaiPB": 1.4314691130894064,
  "minPE": -18.366,
  "maxPE": 266.3361,
  "medianPE": 7.62,
  "hienTaiPE": 33.21135581739535,
  "minPS": 0.0504,
  "maxPS": 0.5077,
  "medianPS": 0.2,
  "hienTaiPS": 0.23160063422194863
}