{
  "minPB": 0.2981,
  "maxPB": 2.9424,
  "medianPB": 0.73,
  "hienTaiPB": 1.3647857693119496,
  "minPE": -18.366,
  "maxPE": 266.3361,
  "medianPE": 7.66,
  "hienTaiPE": 31.66424296875892,
  "minPS": 0.0509,
  "maxPS": 0.5133,
  "medianPS": 0.2,
  "hienTaiPS": 0.22081178480167152
}