{
  "minPB": 0.2981,
  "maxPB": 2.9424,
  "medianPB": 0.73,
  "hienTaiPB": 1.3514491005564582,
  "minPE": -18.366,
  "maxPE": 266.3361,
  "medianPE": 7.66,
  "hienTaiPE": 31.354820399031635,
  "minPS": 0.0509,
  "maxPS": 0.5133,
  "medianPS": 0.2,
  "hienTaiPS": 0.21865401491761607
}