{
  "minPB": 0.3261,
  "maxPB": 10.2768,
  "medianPB": 0.84,
  "hienTaiPB": 0.523144993431748,
  "minPE": -383.647,
  "maxPE": 591.9921,
  "medianPE": 9.32,
  "hienTaiPE": 134.8997037312677,
  "minPS": 0.154,
  "maxPS": 50.7269,
  "medianPS": 0.69,
  "hienTaiPS": 0.21191492143990207
}