{
  "minPB": 0.3261,
  "maxPB": 10.2768,
  "medianPB": 0.84,
  "hienTaiPB": 0.5393726345728385,
  "minPE": -383.647,
  "maxPE": 591.9921,
  "medianPE": 9.31,
  "hienTaiPE": 139.11531947286983,
  "minPS": 0.154,
  "maxPS": 50.7269,
  "medianPS": 0.69,
  "hienTaiPS": 0.218537262734899
}