{
  "minPB": 0.3261,
  "maxPB": 10.2768,
  "medianPB": 0.84,
  "hienTaiPB": 0.5394932744764902,
  "minPE": -383.647,
  "maxPE": 591.9921,
  "medianPE": 9.33,
  "hienTaiPE": 98.26121336660522,
  "minPS": 0.1472,
  "maxPS": 4.7643,
  "medianPS": 0.39,
  "hienTaiPS": 0.22383977343752107
}