{
  "minPB": 0.3261,
  "maxPB": 10.2768,
  "medianPB": 0.84,
  "hienTaiPB": 0.5313191339541191,
  "minPE": -383.647,
  "maxPE": 591.9921,
  "medianPE": 9.33,
  "hienTaiPE": 96.77240710347483,
  "minPS": 0.154,
  "maxPS": 50.7269,
  "medianPS": 0.68,
  "hienTaiPS": 0.22044826171877074
}