{
  "minPB": 0.3261,
  "maxPB": 10.2768,
  "medianPB": 0.84,
  "hienTaiPB": 0.506796712387006,
  "minPE": -383.647,
  "maxPE": 591.9921,
  "medianPE": 9.32,
  "hienTaiPE": 92.30598831408369,
  "minPS": 0.154,
  "maxPS": 50.7269,
  "medianPS": 0.68,
  "hienTaiPS": 0.2102737265625198
}