{
  "minPB": 0.3877,
  "maxPB": 2.9012,
  "medianPB": 1.74,
  "hienTaiPB": 2.6082463788908172,
  "minPE": 6.2475,
  "maxPE": 32.9229,
  "medianPE": 11.18,
  "hienTaiPE": 11.79877240041713,
  "minPS": 2.8826,
  "maxPS": 6.0354,
  "medianPS": 3.72,
  "hienTaiPS": 5.561260169842599
}