{
  "minPB": 0.3877,
  "maxPB": 2.9012,
  "medianPB": 1.74,
  "hienTaiPB": 2.736768664227466,
  "minPE": 6.2475,
  "maxPE": 32.9229,
  "medianPE": 11.18,
  "hienTaiPE": 12.380161185365221,
  "minPS": 2.8752,
  "maxPS": 6.0267,
  "medianPS": 3.69,
  "hienTaiPS": 5.83529327966093
}