{
  "minPB": 0.3877,
  "maxPB": 2.9012,
  "medianPB": 1.74,
  "hienTaiPB": 2.732988597011682,
  "minPE": 6.2475,
  "maxPE": 32.9229,
  "medianPE": 11.18,
  "hienTaiPE": 12.363061515219687,
  "minPS": 2.8752,
  "maxPS": 6.0267,
  "medianPS": 3.69,
  "hienTaiPS": 5.827233482313332
}