{
  "minPB": 0.3877,
  "maxPB": 2.9012,
  "medianPB": 1.74,
  "hienTaiPB": 2.7216483953643307,
  "minPE": 6.2475,
  "maxPE": 32.9229,
  "medianPE": 11.18,
  "hienTaiPE": 12.311762504783092,
  "minPS": 2.8752,
  "maxPS": 6.0267,
  "medianPS": 3.69,
  "hienTaiPS": 5.803054090270538
}