{
  "minPB": 0.3877,
  "maxPB": 2.9012,
  "medianPB": 1.74,
  "hienTaiPB": 2.7292085297958986,
  "minPE": 6.2475,
  "maxPE": 32.9229,
  "medianPE": 11.18,
  "hienTaiPE": 12.345961845074156,
  "minPS": 2.8752,
  "maxPS": 6.0267,
  "medianPS": 3.69,
  "hienTaiPS": 5.819173684965734
}