{
  "minPB": 0.4839,
  "maxPB": 3.7583,
  "medianPB": 0.94,
  "hienTaiPB": 0.9722348040114754,
  "minPE": -76.2211,
  "maxPE": 62.9369,
  "medianPE": 8.07,
  "hienTaiPE": 10.767866989822418,
  "minPS": 0.972,
  "maxPS": 10.5603,
  "medianPS": 2.27,
  "hienTaiPS": 5.471937959316798
}