{
  "minPB": 0.4839,
  "maxPB": 3.7583,
  "medianPB": 0.94,
  "hienTaiPB": 1.0447896401317347,
  "minPE": -76.2211,
  "maxPE": 62.9369,
  "medianPE": 8.08,
  "hienTaiPE": 11.571439153242,
  "minPS": 0.981,
  "maxPS": 13.4939,
  "medianPS": 2.35,
  "hienTaiPS": 5.88029153837029
}