{
  "minPB": 0.4839,
  "maxPB": 3.7583,
  "medianPB": 0.94,
  "hienTaiPB": 0.9794902876235013,
  "minPE": -76.2211,
  "maxPE": 62.9369,
  "medianPE": 8.07,
  "hienTaiPE": 10.848224206164376,
  "minPS": 0.972,
  "maxPS": 10.5603,
  "medianPS": 2.27,
  "hienTaiPS": 5.512773317222147
}