{
  "minPB": 0.4839,
  "maxPB": 3.7583,
  "medianPB": 0.94,
  "hienTaiPB": 1.037534156519709,
  "minPE": -76.2211,
  "maxPE": 62.9369,
  "medianPE": 8.08,
  "hienTaiPE": 11.491081936900043,
  "minPS": 0.981,
  "maxPS": 13.4939,
  "medianPS": 2.35,
  "hienTaiPS": 5.839456180464941
}