{
  "minPB": 0.4839,
  "maxPB": 3.7583,
  "medianPB": 0.94,
  "hienTaiPB": 1.030278672907683,
  "minPE": -76.2211,
  "maxPE": 62.9369,
  "medianPE": 8.08,
  "hienTaiPE": 11.410724720558084,
  "minPS": 0.981,
  "maxPS": 13.4939,
  "medianPS": 2.35,
  "hienTaiPS": 5.798620822559592
}