{
  "minPB": 0.3309,
  "maxPB": 1.1952,
  "medianPB": 0.62,
  "hienTaiPB": 0.523614620609584,
  "minPE": 9.9338,
  "maxPE": 519.4751,
  "medianPE": 22.2,
  "hienTaiPE": 17.914136397486203,
  "minPS": 6.1986,
  "maxPS": 23.1149,
  "medianPS": 13.11,
  "hienTaiPS": 12.799049938046307
}