{
  "minPB": 0.4948,
  "maxPB": 0.5278,
  "medianPB": 0.5,
  "hienTaiPB": 0.5360816353860026,
  "minPE": 15.4897,
  "maxPE": 17.5317,
  "medianPE": 15.68,
  "hienTaiPE": 16.843750710816074,
  "minPS": 6.1986,
  "maxPS": 23.1149,
  "medianPS": 13.01,
  "hienTaiPS": 13.86664557828927
}