{
  "minPB": 0.4948,
  "maxPB": 0.5278,
  "medianPB": 0.5,
  "hienTaiPB": 0.5161344117437328,
  "minPE": 15.4897,
  "maxPE": 17.9881,
  "medianPE": 15.68,
  "hienTaiPE": 16.21700649832059,
  "minPS": 6.1986,
  "maxPS": 23.1149,
  "medianPS": 13.02,
  "hienTaiPS": 13.350677370725018
}