{
  "minPB": 0.3309,
  "maxPB": 1.1952,
  "medianPB": 0.62,
  "hienTaiPB": 0.5651713365309795,
  "minPE": 9.9338,
  "maxPE": 519.4751,
  "medianPE": 22.25,
  "hienTaiPE": 19.335893254429553,
  "minPS": 6.1986,
  "maxPS": 23.1149,
  "medianPS": 13.1,
  "hienTaiPS": 13.814847552176966
}