{
  "minPB": 0.4948,
  "maxPB": 0.5278,
  "medianPB": 0.5,
  "hienTaiPB": 0.5199991863244225,
  "minPE": 15.4897,
  "maxPE": 17.9881,
  "medianPE": 15.68,
  "hienTaiPE": 16.33843818949159,
  "minPS": 6.1986,
  "maxPS": 23.1149,
  "medianPS": 13.01,
  "hienTaiPS": 13.450646210940592
}