{
  "minPB": 0.3309,
  "maxPB": 1.1952,
  "medianPB": 0.62,
  "hienTaiPB": 0.5153032774253049,
  "minPE": 9.9338,
  "maxPE": 519.4751,
  "medianPE": 22.3,
  "hienTaiPE": 17.629785026097533,
  "minPS": 6.1986,
  "maxPS": 23.1149,
  "medianPS": 13.08,
  "hienTaiPS": 12.595890415220175
}