{
  "minPB": 0.3309,
  "maxPB": 1.1952,
  "medianPB": 0.62,
  "hienTaiPB": 0.7771105877300969,
  "minPE": 9.9338,
  "maxPE": 519.4751,
  "medianPE": 22.2,
  "hienTaiPE": 26.586853224840635,
  "minPS": 6.1986,
  "maxPS": 23.1149,
  "medianPS": 13.11,
  "hienTaiPS": 18.99541538424333
}