{
  "minPB": 0.3309,
  "maxPB": 1.1952,
  "medianPB": 0.62,
  "hienTaiPB": 0.5776383513073982,
  "minPE": 9.9338,
  "maxPE": 519.4751,
  "medianPE": 22.22,
  "hienTaiPE": 19.762420311512557,
  "minPS": 6.1986,
  "maxPS": 23.1149,
  "medianPS": 13.11,
  "hienTaiPS": 14.119586836416165
}