{
  "minPB": 0.3309,
  "maxPB": 1.1952,
  "medianPB": 0.62,
  "hienTaiPB": 0.5633428410304382,
  "minPE": 9.9338,
  "maxPE": 519.4751,
  "medianPE": 22.25,
  "hienTaiPE": 19.273335952724047,
  "minPS": 6.1986,
  "maxPS": 23.1149,
  "medianPS": 13.09,
  "hienTaiPS": 13.770152457155218
}