{
  "minPB": 0.3309,
  "maxPB": 1.1952,
  "medianPB": 0.62,
  "hienTaiPB": 0.5662102544290144,
  "minPE": 9.9338,
  "maxPE": 519.4751,
  "medianPE": 22.24,
  "hienTaiPE": 19.371437175853135,
  "minPS": 6.1986,
  "maxPS": 23.1149,
  "medianPS": 13.11,
  "hienTaiPS": 13.840242492530233
}