{
  "minPB": 0.9195,
  "maxPB": 2.2459,
  "medianPB": 1.26,
  "hienTaiPB": 1.036394974701316,
  "minPE": -159.6024,
  "maxPE": 278.1748,
  "medianPE": 9.01,
  "hienTaiPE": 2.1509319281839994,
  "minPS": 2.4359,
  "maxPS": 7.5759,
  "medianPS": 5.16,
  "hienTaiPS": 5.351915870599826
}