{
  "minPB": 0.9471,
  "maxPB": 1.6985,
  "medianPB": 1.32,
  "hienTaiPB": 1.0222623159553887,
  "minPE": -64.2625,
  "maxPE": 2.2476,
  "medianPE": -49.97,
  "hienTaiPE": 2.121601038254217,
  "minPS": 2.512,
  "maxPS": 27.9877,
  "medianPS": 5.62,
  "hienTaiPS": 5.278935199637101
}