{
  "minPB": 0.9195,
  "maxPB": 2.2459,
  "medianPB": 1.26,
  "hienTaiPB": 1.177721562160586,
  "minPE": -159.6024,
  "maxPE": 278.1748,
  "medianPE": 9.01,
  "hienTaiPE": 2.4442408274818175,
  "minPS": 2.4359,
  "maxPS": 7.5759,
  "medianPS": 5.16,
  "hienTaiPS": 6.0817225802270745
}