{
  "minPB": 0.9195,
  "maxPB": 2.2459,
  "medianPB": 1.26,
  "hienTaiPB": 1.0411058609499582,
  "minPE": -159.6024,
  "maxPE": 278.1748,
  "medianPE": 9.07,
  "hienTaiPE": 2.1607088914939263,
  "minPS": 2.4359,
  "maxPS": 7.5759,
  "medianPS": 5.16,
  "hienTaiPS": 5.376242760920734
}