{
  "minPB": 0.9471,
  "maxPB": 1.6985,
  "medianPB": 1.29,
  "hienTaiPB": 1.0051146900103307,
  "minPE": -64.2625,
  "maxPE": 2.2476,
  "medianPE": -48.95,
  "hienTaiPE": 2.086012891806082,
  "minPS": 2.512,
  "maxPS": 27.9877,
  "medianPS": 5.62,
  "hienTaiPS": 5.190385318868994
}