{
  "minPB": 0.9471,
  "maxPB": 1.6985,
  "medianPB": 1.25,
  "hienTaiPB": 0.954755316012344,
  "minPE": -64.2625,
  "maxPE": 2.2476,
  "medianPE": -47.16,
  "hienTaiPE": 1.9814971540229596,
  "minPS": 2.512,
  "maxPS": 27.9877,
  "medianPS": 5.62,
  "hienTaiPS": 4.930330861338485
}