{
  "minPB": 1.8879,
  "maxPB": 7.2206,
  "medianPB": 3.95,
  "hienTaiPB": 4.367361042818571,
  "minPE": 7.6164,
  "maxPE": 33.9261,
  "medianPE": 13.3,
  "hienTaiPE": 16.257402394354788,
  "minPS": 1.0457,
  "maxPS": 3.189,
  "medianPS": 2.06,
  "hienTaiPS": 2.4263995135708165
}