{
  "minPB": 1.8879,
  "maxPB": 7.2206,
  "medianPB": 3.95,
  "hienTaiPB": 3.8961329881429294,
  "minPE": 7.6164,
  "maxPE": 33.9261,
  "medianPE": 13.27,
  "hienTaiPE": 14.503266652138533,
  "minPS": 1.0457,
  "maxPS": 3.1704,
  "medianPS": 2.07,
  "hienTaiPS": 2.1645966739530533
}