{
  "minPB": 1.8879,
  "maxPB": 7.2206,
  "medianPB": 3.95,
  "hienTaiPB": 3.876700903414037,
  "minPE": 7.6164,
  "maxPE": 33.9261,
  "medianPE": 13.27,
  "hienTaiPE": 14.430931157614152,
  "minPS": 1.0457,
  "maxPS": 3.1704,
  "medianPS": 2.07,
  "hienTaiPS": 2.153800680566754
}