{
  "minPB": 1.8879,
  "maxPB": 7.2206,
  "medianPB": 3.95,
  "hienTaiPB": 4.207046343805208,
  "minPE": 7.6164,
  "maxPE": 33.9261,
  "medianPE": 13.29,
  "hienTaiPE": 15.66063456452864,
  "minPS": 1.0457,
  "maxPS": 3.189,
  "medianPS": 2.06,
  "hienTaiPS": 2.3373325681338457
}