{
  "minPB": 0.7641,
  "maxPB": 1.7467,
  "medianPB": 1.05,
  "hienTaiPB": 0.7943142406987745,
  "minPE": 5.9057,
  "maxPE": 26.328,
  "medianPE": 10.5,
  "hienTaiPE": 13.479621397016288,
  "minPS": 0.181,
  "maxPS": 0.5654,
  "medianPS": 0.3,
  "hienTaiPS": 0.24480249695026426
}