{
  "minPB": 0.7641,
  "maxPB": 1.7467,
  "medianPB": 1.05,
  "hienTaiPB": 0.7571967528156542,
  "minPE": 5.9057,
  "maxPE": 26.328,
  "medianPE": 10.51,
  "hienTaiPE": 12.849732546688424,
  "minPS": 0.1835,
  "maxPS": 0.5537,
  "medianPS": 0.29,
  "hienTaiPS": 0.23336312793389677
}