{
  "minPB": 0.7641,
  "maxPB": 1.7467,
  "medianPB": 1.05,
  "hienTaiPB": 0.8759727140416392,
  "minPE": 5.9057,
  "maxPE": 26.328,
  "medianPE": 10.5,
  "hienTaiPE": 14.86537686773759,
  "minPS": 0.1802,
  "maxPS": 0.5654,
  "medianPS": 0.29,
  "hienTaiPS": 0.2699691087862727
}