{
  "minPB": 0.7641,
  "maxPB": 1.7467,
  "medianPB": 1.05,
  "hienTaiPB": 0.8165847334286468,
  "minPE": 5.9057,
  "maxPE": 26.328,
  "medianPE": 10.51,
  "hienTaiPE": 13.857554707213007,
  "minPS": 0.1834,
  "maxPS": 0.5537,
  "medianPS": 0.29,
  "hienTaiPS": 0.25166611836008473
}