{
  "minPB": 0.6643,
  "maxPB": 1.88,
  "medianPB": 1.19,
  "hienTaiPB": 1.002248506829772,
  "minPE": 3.6797,
  "maxPE": 12.3066,
  "medianPE": 7.41,
  "hienTaiPE": 7.143729722084592,
  "minPS": 1.2964,
  "maxPS": 3.9346,
  "medianPS": 2.83,
  "hienTaiPS": 2.4085734707749764
}