{
  "minPB": 0.6643,
  "maxPB": 1.88,
  "medianPB": 1.19,
  "hienTaiPB": 0.9988510542642474,
  "minPE": 3.6797,
  "maxPE": 12.3066,
  "medianPE": 7.41,
  "hienTaiPE": 7.119513689128373,
  "minPS": 1.2964,
  "maxPS": 3.9346,
  "medianPS": 2.83,
  "hienTaiPS": 2.4004088149418408
}