{
  "minPB": 0.6643,
  "maxPB": 1.8836,
  "medianPB": 1.19,
  "hienTaiPB": 0.9852612440021488,
  "minPE": 3.6797,
  "maxPE": 12.3321,
  "medianPE": 7.41,
  "hienTaiPE": 7.022649557303497,
  "minPS": 1.2964,
  "maxPS": 3.9346,
  "medianPS": 2.83,
  "hienTaiPS": 2.3677501916092987
}