{
  "minPB": 0,
  "maxPB": 1.6019,
  "medianPB": 0.82,
  "hienTaiPB": 0.8442966457968212,
  "minPE": 0,
  "maxPE": 15.4329,
  "medianPE": 5.47,
  "hienTaiPE": 4.342226601197008,
  "minPS": 0,
  "maxPS": 0.8411,
  "medianPS": 0.34,
  "hienTaiPS": 0.2847379678301605
}