{
  "minPB": 0.3308,
  "maxPB": 1.6234,
  "medianPB": 0.88,
  "hienTaiPB": 0.6348762675005347,
  "minPE": 2.4402,
  "maxPE": 15.7241,
  "medianPE": 6.23,
  "hienTaiPE": 3.787357907324928,
  "minPS": 0.0725,
  "maxPS": 0.8586,
  "medianPS": 0.37,
  "hienTaiPS": 0.26160623268559846
}