{
  "minPB": 0,
  "maxPB": 1.6019,
  "medianPB": 0.82,
  "hienTaiPB": 0.7835558799121578,
  "minPE": 0,
  "maxPE": 15.4329,
  "medianPE": 5.47,
  "hienTaiPE": 4.029836198233195,
  "minPS": 0,
  "maxPS": 0.8411,
  "medianPS": 0.34,
  "hienTaiPS": 0.2642532219430985
}