{
  "minPB": 0.3308,
  "maxPB": 1.6234,
  "medianPB": 0.88,
  "hienTaiPB": 0.6470270094622674,
  "minPE": 2.4402,
  "maxPE": 15.7241,
  "medianPE": 6.22,
  "hienTaiPE": 3.3306023407716245,
  "minPS": 0.0725,
  "maxPS": 0.8586,
  "medianPS": 0.37,
  "hienTaiPS": 0.21816254369720928
}