{
  "minPB": 0,
  "maxPB": 1.6019,
  "medianPB": 0.82,
  "hienTaiPB": 0.7622966118525256,
  "minPE": 0,
  "maxPE": 15.4329,
  "medianPE": 5.48,
  "hienTaiPE": 3.9204995571958596,
  "minPS": 0,
  "maxPS": 0.8411,
  "medianPS": 0.34,
  "hienTaiPS": 0.2570835608826269
}