{
  "minPB": 0,
  "maxPB": 1.6019,
  "medianPB": 0.82,
  "hienTaiPB": 0.8473336840910544,
  "minPE": 0,
  "maxPE": 15.4329,
  "medianPE": 5.47,
  "hienTaiPE": 4.357846121345198,
  "minPS": 0,
  "maxPS": 0.8411,
  "medianPS": 0.34,
  "hienTaiPS": 0.28576220512451356
}