{
  "minPB": 0.3308,
  "maxPB": 1.6234,
  "medianPB": 0.88,
  "hienTaiPB": 0.6682908078952997,
  "minPE": 2.4402,
  "maxPE": 15.7241,
  "medianPE": 6.23,
  "hienTaiPE": 3.440058755726561,
  "minPS": 0.0725,
  "maxPS": 0.8586,
  "medianPS": 0.37,
  "hienTaiPS": 0.22533220475768093
}