{
  "minPB": 0.1527,
  "maxPB": 1.904,
  "medianPB": 0.35,
  "hienTaiPB": 0.2778922014012656,
  "minPE": -54.0088,
  "maxPE": 248.4391,
  "medianPE": 7.03,
  "hienTaiPE": 26.650203581259465,
  "minPS": 0.1926,
  "maxPS": 2.514,
  "medianPS": 1.1,
  "hienTaiPS": 1.1723848230395737
}