{
  "minPB": 0.1527,
  "maxPB": 1.904,
  "medianPB": 0.35,
  "hienTaiPB": 0.27872619695340267,
  "minPE": -54.0088,
  "maxPE": 248.4391,
  "medianPE": 7.04,
  "hienTaiPE": -4.649,
  "minPS": 0.1914,
  "maxPS": 2.4908,
  "medianPS": 1.11,
  "hienTaiPS": 1.6233658046098562
}