{
  "minPB": 0.2422,
  "maxPB": 2.5912,
  "medianPB": 0.88,
  "hienTaiPB": 1.14614418292226,
  "minPE": 2.9712,
  "maxPE": 104.5191,
  "medianPE": 15.74,
  "hienTaiPE": 10.837967565919007,
  "minPS": 0.0005,
  "maxPS": 2.2079,
  "medianPS": 0.92,
  "hienTaiPS": 1.4996682294502415
}