{
  "minPB": 1.05,
  "maxPB": 1.2109,
  "medianPB": 1.12,
  "hienTaiPB": 1.1735879686355652,
  "minPE": 10.8982,
  "maxPE": 17.0022,
  "medianPE": 15.66,
  "hienTaiPE": 11.097476678191846,
  "minPS": 0.0005,
  "maxPS": 2.1938,
  "medianPS": 0.95,
  "hienTaiPS": 1.535576952055411
}