{
  "minPB": 0.7804,
  "maxPB": 5.071,
  "medianPB": 1.47,
  "hienTaiPB": 3.5370772957221237,
  "minPE": -42.5232,
  "maxPE": 225.492,
  "medianPE": 22.4,
  "hienTaiPE": 39.610519479313204,
  "minPS": 1.4822,
  "maxPS": 46.1439,
  "medianPS": 5.4,
  "hienTaiPS": 16.366589763623367
}