{
  "minPB": 0.7813,
  "maxPB": 5.071,
  "medianPB": 1.47,
  "hienTaiPB": 3.896909834464418,
  "minPE": -42.4019,
  "maxPE": 225.4395,
  "medianPE": 22.4,
  "hienTaiPE": 43.64016107136455,
  "minPS": 1.4822,
  "maxPS": 46.1439,
  "medianPS": 5.4,
  "hienTaiPS": 18.03158915516081
}