{
  "minPB": 0.7804,
  "maxPB": 5.071,
  "medianPB": 1.47,
  "hienTaiPB": 3.52176527279692,
  "minPE": -42.5232,
  "maxPE": 225.4921,
  "medianPE": 22.36,
  "hienTaiPE": 39.43904536901315,
  "minPS": 1.4679,
  "maxPS": 46.539,
  "medianPS": 5.25,
  "hienTaiPS": 16.295738725685602
}