{
  "minPB": 0.7822,
  "maxPB": 5.071,
  "medianPB": 1.47,
  "hienTaiPB": 3.805037696913194,
  "minPE": -42.2806,
  "maxPE": 225.3869,
  "medianPE": 22.41,
  "hienTaiPE": 42.61131640956421,
  "minPS": 1.4822,
  "maxPS": 46.1439,
  "medianPS": 5.4,
  "hienTaiPS": 17.606482927534227
}