{
  "minPB": 0.7804,
  "maxPB": 5.071,
  "medianPB": 1.47,
  "hienTaiPB": 3.563873335841231,
  "minPE": -42.5232,
  "maxPE": 225.4921,
  "medianPE": 22.37,
  "hienTaiPE": 39.91059917233831,
  "minPS": 1.4679,
  "maxPS": 46.539,
  "medianPS": 5.26,
  "hienTaiPS": 16.490579080014452
}