{
  "minPB": 0.7804,
  "maxPB": 5.071,
  "medianPB": 1.47,
  "hienTaiPB": 3.4720011982900068,
  "minPE": -42.5232,
  "maxPE": 225.4921,
  "medianPE": 22.37,
  "hienTaiPE": 38.88175451053797,
  "minPS": 1.4679,
  "maxPS": 46.539,
  "medianPS": 5.25,
  "hienTaiPS": 16.06547285238787
}