{
  "minPB": 0.7804,
  "maxPB": 5.071,
  "medianPB": 1.47,
  "hienTaiPB": 3.452861169633502,
  "minPE": -42.5232,
  "maxPE": 225.4921,
  "medianPE": 22.34,
  "hienTaiPE": 38.66741187266289,
  "minPS": 1.4679,
  "maxPS": 46.539,
  "medianPS": 5.25,
  "hienTaiPS": 15.976909054965667
}