{
  "minPB": 0.6416,
  "maxPB": 5.2245,
  "medianPB": 1.24,
  "hienTaiPB": 0.8797823307673691,
  "minPE": -60.6991,
  "maxPE": 38.7656,
  "medianPE": 11.99,
  "hienTaiPE": 22.900131801596956,
  "minPS": 1.4959,
  "maxPS": 9.4718,
  "medianPS": 2.85,
  "hienTaiPS": 2.041443403595453
}