{
  "minPB": 0.6416,
  "maxPB": 5.2245,
  "medianPB": 1.24,
  "hienTaiPB": 0.845944548814778,
  "minPE": -60.6991,
  "maxPE": 38.7656,
  "medianPE": 11.99,
  "hienTaiPE": 22.019357501535534,
  "minPS": 1.4932,
  "maxPS": 9.504,
  "medianPS": 2.81,
  "hienTaiPS": 1.9629263496110128
}