{
  "minPB": 0.6416,
  "maxPB": 5.2245,
  "medianPB": 1.24,
  "hienTaiPB": 0.8760225772170812,
  "minPE": -60.6991,
  "maxPE": 38.7656,
  "medianPE": 12,
  "hienTaiPE": 22.80226799047902,
  "minPS": 1.4959,
  "maxPS": 9.4718,
  "medianPS": 2.85,
  "hienTaiPS": 2.032719286486071
}