{
  "minPB": 0.6416,
  "maxPB": 5.2245,
  "medianPB": 1.24,
  "hienTaiPB": 0.8534640559153538,
  "minPE": -60.6991,
  "maxPE": 38.7656,
  "medianPE": 11.99,
  "hienTaiPE": 22.215085123771406,
  "minPS": 1.4932,
  "maxPS": 9.504,
  "medianPS": 2.81,
  "hienTaiPS": 1.9803745838297773
}