{
  "minPB": 2.0773,
  "maxPB": 2.251,
  "medianPB": 2.19,
  "hienTaiPB": 2.165736686591416,
  "minPE": 12.0762,
  "maxPE": 15.7918,
  "medianPE": 12.75,
  "hienTaiPE": 15.717859917090266,
  "minPS": 0.1316,
  "maxPS": 0.6607,
  "medianPS": 0.44,
  "hienTaiPS": 0.7511866677643844
}