{
  "minPB": 0.9956,
  "maxPB": 3.4365,
  "medianPB": 1.94,
  "hienTaiPB": 2.1642820873243025,
  "minPE": 4.5255,
  "maxPE": 12.9934,
  "medianPE": 8.26,
  "hienTaiPE": 15.707303145504161,
  "minPS": 0.1299,
  "maxPS": 0.6545,
  "medianPS": 0.44,
  "hienTaiPS": 0.7506821394054382
}