{
  "minPB": 0.9956,
  "maxPB": 3.4365,
  "medianPB": 1.94,
  "hienTaiPB": 2.1656558755210207,
  "minPE": 4.5255,
  "maxPE": 12.9934,
  "medianPE": 8.26,
  "hienTaiPE": 15.717273429779926,
  "minPS": 0.1299,
  "maxPS": 0.6535,
  "medianPS": 0.44,
  "hienTaiPS": 0.7511586384111096
}