{
  "minPB": 0.9956,
  "maxPB": 3.4365,
  "medianPB": 1.94,
  "hienTaiPB": 2.157655579551896,
  "minPE": 4.5255,
  "maxPE": 13.0415,
  "medianPE": 8.26,
  "hienTaiPE": 15.659211186056346,
  "minPS": 0.1299,
  "maxPS": 0.658,
  "medianPS": 0.44,
  "hienTaiPS": 0.7483837324369054
}