{
  "minPB": 2.0773,
  "maxPB": 2.251,
  "medianPB": 2.19,
  "hienTaiPB": 2.173817793630936,
  "minPE": 12.0762,
  "maxPE": 15.7765,
  "medianPE": 12.75,
  "hienTaiPE": 15.776508648124185,
  "minPS": 0.1316,
  "maxPS": 0.6607,
  "medianPS": 0.44,
  "hienTaiPS": 0.7539896030918635
}