{
  "minPB": 0.9956,
  "maxPB": 3.4365,
  "medianPB": 1.94,
  "hienTaiPB": 2.1818989006704563,
  "minPE": 4.5255,
  "maxPE": 13.0285,
  "medianPE": 8.26,
  "hienTaiPE": 15.835157379158105,
  "minPS": 0.1299,
  "maxPS": 0.657,
  "medianPS": 0.44,
  "hienTaiPS": 0.7567925384193425
}