{
  "minPB": 0.9956,
  "maxPB": 3.4365,
  "medianPB": 1.94,
  "hienTaiPB": 2.165736686591416,
  "minPE": 4.5255,
  "maxPE": 12.9901,
  "medianPE": 8.26,
  "hienTaiPE": 15.717859917090266,
  "minPS": 0.1299,
  "maxPS": 0.6533,
  "medianPS": 0.44,
  "hienTaiPS": 0.7511866677643844
}