{
  "minPB": 2.0773,
  "maxPB": 2.251,
  "medianPB": 2.19,
  "hienTaiPB": 2.1596758563117757,
  "minPE": 12.0762,
  "maxPE": 15.7918,
  "medianPE": 12.75,
  "hienTaiPE": 15.673873368814826,
  "minPS": 0.1316,
  "maxPS": 0.6624,
  "medianPS": 0.44,
  "hienTaiPS": 0.7490844662687751
}