{
  "minPB": 0.9956,
  "maxPB": 3.4365,
  "medianPB": 1.94,
  "hienTaiPB": 2.165817497661811,
  "minPE": 4.5255,
  "maxPE": 12.9934,
  "medianPE": 8.26,
  "hienTaiPE": 15.718446404400606,
  "minPS": 0.1299,
  "maxPS": 0.6537,
  "medianPS": 0.44,
  "hienTaiPS": 0.7512146971176592
}