{
  "minPB": 1.8987,
  "maxPB": 2.0532,
  "medianPB": 1.99,
  "hienTaiPB": 1.9362586743167727,
  "minPE": 9.8293,
  "maxPE": 11.4706,
  "medianPE": 10.18,
  "hienTaiPE": 11.690490159231018,
  "minPS": 0.2399,
  "maxPS": 1.936,
  "medianPS": 0.33,
  "hienTaiPS": 0.47194477998001994
}