{
  "minPB": 1.8987,
  "maxPB": 2.0532,
  "medianPB": 1.99,
  "hienTaiPB": 1.9252116812532727,
  "minPE": 9.8293,
  "maxPE": 11.6238,
  "medianPE": 10.18,
  "hienTaiPE": 11.623792064905624,
  "minPS": 0.2399,
  "maxPS": 1.936,
  "medianPS": 0.33,
  "hienTaiPS": 0.4692521796679082
}