{
  "minPB": 1.5521,
  "maxPB": 2.9576,
  "medianPB": 1.87,
  "hienTaiPB": 1.9423284507252891,
  "minPE": 5.8215,
  "maxPE": 30.3305,
  "medianPE": 6.98,
  "hienTaiPE": 11.72713746380541,
  "minPS": 0.2406,
  "maxPS": 1.938,
  "medianPS": 0.32,
  "hienTaiPS": 0.47342423070096046
}