{
  "minPB": 1.8987,
  "maxPB": 2.0532,
  "medianPB": 1.98,
  "hienTaiPB": 1.9241191214997395,
  "minPE": 9.8293,
  "maxPE": 11.6238,
  "medianPE": 10.19,
  "hienTaiPE": 11.617195550082235,
  "minPS": 0.2399,
  "maxPS": 1.936,
  "medianPS": 0.33,
  "hienTaiPS": 0.46898587853813894
}