{
  "minPB": 1.8987,
  "maxPB": 2.0532,
  "medianPB": 1.98,
  "hienTaiPB": 1.8968051276614153,
  "minPE": 9.8293,
  "maxPE": 11.6238,
  "medianPE": 10.19,
  "hienTaiPE": 11.45228267949747,
  "minPS": 0.2399,
  "maxPS": 1.936,
  "medianPS": 0.33,
  "hienTaiPS": 0.4623283502939067
}