{
  "minPB": 0.7815,
  "maxPB": 3.691,
  "medianPB": 1.29,
  "hienTaiPB": 1.2518399792173465,
  "minPE": 2.5004,
  "maxPE": 10.2245,
  "medianPE": 5.71,
  "hienTaiPE": 3.673196067715361,
  "minPS": 0.3074,
  "maxPS": 2.5871,
  "medianPS": 0.99,
  "hienTaiPS": 1.4931283516727676
}