{
  "minPB": 0.7815,
  "maxPB": 3.691,
  "medianPB": 1.29,
  "hienTaiPB": 1.339443385470893,
  "minPE": 2.4952,
  "maxPE": 10.2102,
  "medianPE": 5.69,
  "hienTaiPE": 3.930245285443283,
  "minPS": 0.3058,
  "maxPS": 2.5893,
  "medianPS": 0.95,
  "hienTaiPS": 1.59761704971072
}