{
  "minPB": 0.7815,
  "maxPB": 3.691,
  "medianPB": 1.29,
  "hienTaiPB": 1.329286468803815,
  "minPE": 2.4952,
  "maxPE": 10.2102,
  "medianPE": 5.7,
  "hienTaiPE": 3.9004424775915805,
  "minPS": 0.3058,
  "maxPS": 2.5893,
  "medianPS": 0.94,
  "hienTaiPS": 1.5855024180541457
}