{
  "minPB": 0.7815,
  "maxPB": 3.691,
  "medianPB": 1.29,
  "hienTaiPB": 1.263266510467809,
  "minPE": 2.5004,
  "maxPE": 10.2245,
  "medianPE": 5.7,
  "hienTaiPE": 3.7067242265555134,
  "minPS": 0.3074,
  "maxPS": 2.59,
  "medianPS": 0.94,
  "hienTaiPS": 1.5067573122864135
}