{
  "minPB": 0.7815,
  "maxPB": 3.691,
  "medianPB": 1.29,
  "hienTaiPB": 1.2347001823416526,
  "minPE": 2.5004,
  "maxPE": 10.2245,
  "medianPE": 5.71,
  "hienTaiPE": 3.6229038294726,
  "minPS": 0.3074,
  "maxPS": 2.5871,
  "medianPS": 1,
  "hienTaiPS": 1.4726849107522988
}