{
  "minPB": 0.7815,
  "maxPB": 3.691,
  "medianPB": 1.29,
  "hienTaiPB": 1.244222291717038,
  "minPE": 2.5004,
  "maxPE": 10.2245,
  "medianPE": 5.71,
  "hienTaiPE": 3.650843961833571,
  "minPS": 0.3074,
  "maxPS": 2.5871,
  "medianPS": 0.99,
  "hienTaiPS": 1.484042377930337
}