{
  "minPB": 0.7815,
  "maxPB": 3.691,
  "medianPB": 1.29,
  "hienTaiPB": 1.253109593800731,
  "minPE": 2.5004,
  "maxPE": 10.2245,
  "medianPE": 5.71,
  "hienTaiPE": 3.6769214186968164,
  "minPS": 0.3074,
  "maxPS": 2.5871,
  "medianPS": 0.99,
  "hienTaiPS": 1.4946426806298394
}