{
  "minPB": 0.7812,
  "maxPB": 3.691,
  "medianPB": 1.29,
  "hienTaiPB": 1.3305560833871999,
  "minPE": 2.4934,
  "maxPE": 10.2245,
  "medianPE": 5.7,
  "hienTaiPE": 3.9041678285730432,
  "minPS": 0.3046,
  "maxPS": 2.59,
  "medianPS": 0.94,
  "hienTaiPS": 1.5870167470112175
}