{
  "minPB": 0.3325,
  "maxPB": 1.4756,
  "medianPB": 0.77,
  "hienTaiPB": 1.1808977664530422,
  "minPE": -64.3752,
  "maxPE": 199.1211,
  "medianPE": 10.42,
  "hienTaiPE": 21.825715639729268,
  "minPS": 0.0744,
  "maxPS": 3.1793,
  "medianPS": 0.43,
  "hienTaiPS": 4.295670601197773
}