{
  "minPB": 0.3325,
  "maxPB": 1.4756,
  "medianPB": 0.77,
  "hienTaiPB": 1.1004782052967417,
  "minPE": -64.3752,
  "maxPE": 199.1211,
  "medianPE": 10.42,
  "hienTaiPE": 20.339376581826556,
  "minPS": 0.0736,
  "maxPS": 3.0733,
  "medianPS": 0.42,
  "hienTaiPS": 4.003133893589323
}