{
  "minPB": 0.3325,
  "maxPB": 1.4756,
  "medianPB": 0.77,
  "hienTaiPB": 1.0581521204776363,
  "minPE": -64.3752,
  "maxPE": 199.1211,
  "medianPE": 10.42,
  "hienTaiPE": 19.55709286714092,
  "minPS": 0.0736,
  "maxPS": 3.0826,
  "medianPS": 0.43,
  "hienTaiPS": 3.849167205374348
}