{
  "minPB": 0.3325,
  "maxPB": 1.4756,
  "medianPB": 0.77,
  "hienTaiPB": 0.9481042999479622,
  "minPE": -64.3752,
  "maxPE": 199.1211,
  "medianPE": 10.42,
  "hienTaiPE": 17.523155208958265,
  "minPS": 0.0736,
  "maxPS": 3.1066,
  "medianPS": 0.43,
  "hienTaiPS": 3.4488538160154163
}