{
  "minPB": 0.3325,
  "maxPB": 1.4756,
  "medianPB": 0.77,
  "hienTaiPB": 0.986197776285157,
  "minPE": -64.3752,
  "maxPE": 199.1211,
  "medianPE": 10.42,
  "hienTaiPE": 18.227210552175336,
  "minPS": 0.0736,
  "maxPS": 3.088,
  "medianPS": 0.43,
  "hienTaiPS": 3.5874238354088925
}