{
  "minPB": 0.3325,
  "maxPB": 1.4756,
  "medianPB": 0.77,
  "hienTaiPB": 0.9565695169117833,
  "minPE": -64.3752,
  "maxPE": 199.1211,
  "medianPE": 10.42,
  "hienTaiPE": 17.679611951895392,
  "minPS": 0.0736,
  "maxPS": 3.0933,
  "medianPS": 0.43,
  "hienTaiPS": 3.479647153658411
}