{
  "minPB": 0.3325,
  "maxPB": 1.4756,
  "medianPB": 0.77,
  "hienTaiPB": 1.2697825445731636,
  "minPE": -64.3752,
  "maxPE": 199.1211,
  "medianPE": 10.42,
  "hienTaiPE": 23.468511440569102,
  "minPS": 0.0744,
  "maxPS": 3.1647,
  "medianPS": 0.43,
  "hienTaiPS": 4.619000646449218
}