{
  "minPB": 0.6167,
  "maxPB": 2.5734,
  "medianPB": 1.87,
  "hienTaiPB": 2.238700205255002,
  "minPE": -37.8053,
  "maxPE": 17.8616,
  "medianPE": 7.14,
  "hienTaiPE": 6.955669705795292,
  "minPS": 0.3321,
  "maxPS": 1.1262,
  "medianPS": 0.76,
  "hienTaiPS": 0.8584029441502148
}