{
  "minPB": 0.6167,
  "maxPB": 2.5734,
  "medianPB": 1.87,
  "hienTaiPB": 2.139142624011691,
  "minPE": -37.8053,
  "maxPE": 17.8616,
  "medianPE": 7.14,
  "hienTaiPE": 6.646343048205838,
  "minPS": 0.3321,
  "maxPS": 1.1259,
  "medianPS": 0.77,
  "hienTaiPS": 0.8202287747589192
}