{
  "minPB": 0.6167,
  "maxPB": 2.5734,
  "medianPB": 1.87,
  "hienTaiPB": 2.206411259986901,
  "minPE": -37.8053,
  "maxPE": 17.8616,
  "medianPE": 7.14,
  "hienTaiPE": 6.855347546577091,
  "minPS": 0.3321,
  "maxPS": 1.1262,
  "medianPS": 0.75,
  "hienTaiPS": 0.8460221324557405
}