{
  "minPB": 0.41,
  "maxPB": 1.6762,
  "medianPB": 0.68,
  "hienTaiPB": 0.8233745735836265,
  "minPE": -28.0776,
  "maxPE": 13.7923,
  "medianPE": 3.85,
  "hienTaiPE": -1.6132,
  "minPS": 0.0187,
  "maxPS": 0.1386,
  "medianPS": 0.05,
  "hienTaiPS": 0.05080792334416232
}