{
  "minPB": 0.41,
  "maxPB": 1.6768,
  "medianPB": 0.68,
  "hienTaiPB": 0.7739186332872074,
  "minPE": -28.0776,
  "maxPE": 13.7923,
  "medianPE": 3.85,
  "hienTaiPE": -1.676,
  "minPS": 0.0186,
  "maxPS": 0.1397,
  "medianPS": 0.05,
  "hienTaiPS": 0.047756148727711015
}