{
  "minPB": 0.5832,
  "maxPB": 0.872,
  "medianPB": 0.73,
  "hienTaiPB": 0.7236226174098984,
  "minPE": 3.9009,
  "maxPE": 7.1107,
  "medianPE": 5.18,
  "hienTaiPE": 6.191531085124003,
  "minPS": 0.0813,
  "maxPS": 0.1416,
  "medianPS": 0.12,
  "hienTaiPS": 0.12434289708149728
}