{
  "minPB": 0.5854,
  "maxPB": 0.8699,
  "medianPB": 0.73,
  "hienTaiPB": 0.778860985151112,
  "minPE": 3.9424,
  "maxPE": 7.1107,
  "medianPE": 5.19,
  "hienTaiPE": 6.664167045820492,
  "minPS": 0.0812,
  "maxPS": 0.1416,
  "medianPS": 0.12,
  "hienTaiPS": 0.13383472128619173
}