{
  "minPB": 0.3395,
  "maxPB": 2.5248,
  "medianPB": 1.11,
  "hienTaiPB": 0.44714236362413884,
  "minPE": -20.6503,
  "maxPE": 65.2321,
  "medianPE": 7.99,
  "hienTaiPE": 20.344222062275946,
  "minPS": 0.1236,
  "maxPS": 0.6688,
  "medianPS": 0.31,
  "hienTaiPS": 0.32250817317133024
}