{
  "minPB": 0.3395,
  "maxPB": 2.5406,
  "medianPB": 1.11,
  "hienTaiPB": 0.43929776075353993,
  "minPE": -20.6503,
  "maxPE": 65.2321,
  "medianPE": 7.98,
  "hienTaiPE": 19.98730588574479,
  "minPS": 0.1233,
  "maxPS": 0.6697,
  "medianPS": 0.31,
  "hienTaiPS": 0.31685013504551746
}