{
  "minPB": 0.3395,
  "maxPB": 2.5406,
  "medianPB": 1.12,
  "hienTaiPB": 0.4549869664947378,
  "minPE": -20.6503,
  "maxPE": 65.2321,
  "medianPE": 7.98,
  "hienTaiPE": 20.7011382388071,
  "minPS": 0.1238,
  "maxPS": 0.6679,
  "medianPS": 0.31,
  "hienTaiPS": 0.3281662112971431
}