{
  "minPB": 1.8829,
  "maxPB": 2.0199,
  "medianPB": 1.97,
  "hienTaiPB": 1.9071651421335367,
  "minPE": 12.5677,
  "maxPE": 13.2976,
  "medianPE": 13,
  "hienTaiPE": 13.204244191980598,
  "minPS": 0.9738,
  "maxPS": 3.7732,
  "medianPS": 2.01,
  "hienTaiPS": 2.1735172453928633
}