{
  "minPB": 0.8896,
  "maxPB": 3.4217,
  "medianPB": 1.79,
  "hienTaiPB": 2.0193513269649213,
  "minPE": 9.414,
  "maxPE": 23.7464,
  "medianPE": 14.13,
  "hienTaiPE": 13.980964438567693,
  "minPS": 0.9831,
  "maxPS": 3.7809,
  "medianPS": 2,
  "hienTaiPS": 2.3013712010042084
}