{
  "minPB": 0.8896,
  "maxPB": 3.4217,
  "medianPB": 1.79,
  "hienTaiPB": 1.985695471515506,
  "minPE": 9.414,
  "maxPE": 23.7464,
  "medianPE": 14.13,
  "hienTaiPE": 13.747948364591563,
  "minPS": 0.9831,
  "maxPS": 3.7809,
  "medianPS": 1.99,
  "hienTaiPS": 2.2630150143208048
}