{
  "minPB": 1.8829,
  "maxPB": 2.0199,
  "medianPB": 1.97,
  "hienTaiPB": 1.92079576359055,
  "minPE": 12.5677,
  "maxPE": 13.5149,
  "medianPE": 13.03,
  "hienTaiPE": 13.29861570194093,
  "minPS": 0.9738,
  "maxPS": 3.7732,
  "medianPS": 2.01,
  "hienTaiPS": 2.189051500999642
}