{
  "minPB": 1.8829,
  "maxPB": 2.0199,
  "medianPB": 1.97,
  "hienTaiPB": 1.9520396160660904,
  "minPE": 12.5677,
  "maxPE": 13.5149,
  "medianPE": 13.02,
  "hienTaiPE": 13.514932290615436,
  "minPS": 0.9738,
  "maxPS": 3.7732,
  "medianPS": 2.01,
  "hienTaiPS": 2.2246588276374015
}