{
  "minPB": 1.8829,
  "maxPB": 2.0199,
  "medianPB": 1.97,
  "hienTaiPB": 2.0068986604486376,
  "minPE": 12.5677,
  "maxPE": 13.3312,
  "medianPE": 13.01,
  "hienTaiPE": 13.894748491196525,
  "minPS": 0.9738,
  "maxPS": 3.7732,
  "medianPS": 2.01,
  "hienTaiPS": 2.287179411931349
}