{
  "minPB": 0.2767,
  "maxPB": 1.7761,
  "medianPB": 0.97,
  "hienTaiPB": 4.08492905827442,
  "minPE": -31.5829,
  "maxPE": 17747.2064,
  "medianPE": -5.87,
  "hienTaiPE": 8.980722112264235,
  "minPS": 0.5406,
  "maxPS": 2.4091,
  "medianPS": 0.96,
  "hienTaiPS": 2.7161798793186467
}