{
  "minPB": 3.1871,
  "maxPB": 3.8068,
  "medianPB": 3.4,
  "hienTaiPB": 3.824188905618606,
  "minPE": 7.0252,
  "maxPE": 8.3693,
  "medianPE": 7.48,
  "hienTaiPE": 8.407484530630349,
  "minPS": 0.499,
  "maxPS": 2.2911,
  "medianPS": 0.96,
  "hienTaiPS": 2.54280669553235
}