{
  "minPB": 0.2767,
  "maxPB": 1.7078,
  "medianPB": 0.97,
  "hienTaiPB": 3.9288326202178054,
  "minPE": -31.5829,
  "maxPE": 17747.2064,
  "medianPE": -5.87,
  "hienTaiPE": 8.637543880059415,
  "minPS": 0.5406,
  "maxPS": 2.2911,
  "medianPS": 0.96,
  "hienTaiPS": 2.612387133291917
}