{
  "minPB": 3.1871,
  "maxPB": 3.7966,
  "medianPB": 3.4,
  "hienTaiPB": 3.8068062287748847,
  "minPE": 7.0252,
  "maxPE": 8.3467,
  "medianPE": 7.48,
  "hienTaiPE": 8.369268691854755,
  "minPS": 0.499,
  "maxPS": 2.2911,
  "medianPS": 0.96,
  "hienTaiPS": 2.5312484832799305
}