{
  "minPB": 3.1871,
  "maxPB": 3.772,
  "medianPB": 3.4,
  "hienTaiPB": 3.7894235519311636,
  "minPE": 7.0252,
  "maxPE": 8.2928,
  "medianPE": 7.48,
  "hienTaiPE": 8.331052853079163,
  "minPS": 0.499,
  "maxPS": 2.2911,
  "medianPS": 0.96,
  "hienTaiPS": 2.5196902710275104
}