{
  "minPB": 0.2767,
  "maxPB": 1.6957,
  "medianPB": 0.97,
  "hienTaiPB": 3.824188905618606,
  "minPE": -31.5829,
  "maxPE": 17747.2064,
  "medianPE": -5.87,
  "hienTaiPE": 8.407484530630349,
  "minPS": 0.5406,
  "maxPS": 2.2911,
  "medianPS": 0.96,
  "hienTaiPS": 2.54280669553235
}