{
  "minPB": 0.7263,
  "maxPB": 0.7538,
  "medianPB": 0.75,
  "hienTaiPB": 0.7262513659255405,
  "minPE": 11.4986,
  "maxPE": 25.9272,
  "medianPE": 25.93,
  "hienTaiPE": 11.498579472918081,
  "minPS": 0.0218,
  "maxPS": 0.1817,
  "medianPS": 0.08,
  "hienTaiPS": 0.13235621679819484
}