{
  "minPB": 0.2345,
  "maxPB": 1.1418,
  "medianPB": 0.71,
  "hienTaiPB": 0.7262513659255405,
  "minPE": -29.8279,
  "maxPE": 140.4019,
  "medianPE": 12.4,
  "hienTaiPE": 11.498579472918081,
  "minPS": 0.0356,
  "maxPS": 0.1852,
  "medianPS": 0.1,
  "hienTaiPS": 0.13235621679819484
}