{
  "minPB": 0.1905,
  "maxPB": 3.8673,
  "medianPB": 0.32,
  "hienTaiPB": 0.2025901330979232,
  "minPE": -106.6382,
  "maxPE": 29.09,
  "medianPE": 11.89,
  "hienTaiPE": 25.879947521583105,
  "minPS": 0.267,
  "maxPS": 3.7103,
  "medianPS": 0.46,
  "hienTaiPS": 0.5479791302891224
}