{
  "minPB": 0.1904,
  "maxPB": 3.8673,
  "medianPB": 0.32,
  "hienTaiPB": 0.2034449437861001,
  "minPE": -106.6382,
  "maxPE": 29.09,
  "medianPE": 11.9,
  "hienTaiPE": 25.98914561239147,
  "minPS": 0.267,
  "maxPS": 3.7103,
  "medianPS": 0.46,
  "hienTaiPS": 0.5502912785181904
}