{
  "minPB": 0.1904,
  "maxPB": 3.8674,
  "medianPB": 0.32,
  "hienTaiPB": 0.20088051172156943,
  "minPE": -107.4282,
  "maxPE": 29.09,
  "medianPE": 11.88,
  "hienTaiPE": 25.66155133996637,
  "minPS": 0.267,
  "maxPS": 3.6829,
  "medianPS": 0.46,
  "hienTaiPS": 0.5433548338309863
}