{
  "minPB": 0.6334,
  "maxPB": 1.3214,
  "medianPB": 0.96,
  "hienTaiPB": 0.7777958962040427,
  "minPE": -7.1965,
  "maxPE": 21.2841,
  "medianPE": 10.18,
  "hienTaiPE": 6.5322895195361,
  "minPS": 0.1407,
  "maxPS": 0.4755,
  "medianPS": 0.3,
  "hienTaiPS": 0.24679004176356886
}