{
  "minPB": 1.9631,
  "maxPB": 3.445,
  "medianPB": 3.24,
  "hienTaiPB": 3.44504415025419,
  "minPE": -53.5958,
  "maxPE": -26.8785,
  "medianPE": -48.04,
  "hienTaiPE": -26.8785,
  "minPS": 14.3798,
  "maxPS": 1598.5826,
  "medianPS": 221.55,
  "hienTaiPS": 1130.2449156623397
}