{
  "minPB": 0,
  "maxPB": 2.3223,
  "medianPB": 0.47,
  "hienTaiPB": 0.18984951518719473,
  "minPE": -20.2551,
  "maxPE": 933.0794,
  "medianPE": 2.04,
  "hienTaiPE": 4.503504730826904,
  "minPS": 0,
  "maxPS": 62.4113,
  "medianPS": 1.16,
  "hienTaiPS": 0.8593500568145529
}