{
  "minPB": 0.1875,
  "maxPB": 2.432,
  "medianPB": 0.5,
  "hienTaiPB": 0.17675644517428474,
  "minPE": -20.7059,
  "maxPE": 960.2565,
  "medianPE": 2.69,
  "hienTaiPE": 4.192918197666428,
  "minPS": 0.4122,
  "maxPS": 66.3121,
  "medianPS": 1.4,
  "hienTaiPS": 0.8000845356549285
}