{
  "minPB": 0.1899,
  "maxPB": 2.432,
  "medianPB": 0.5,
  "hienTaiPB": 0.16366337516137477,
  "minPE": -20.7059,
  "maxPE": 960.2565,
  "medianPE": 2.69,
  "hienTaiPE": 3.4431475139274332,
  "minPS": 0.4109,
  "maxPS": 66.3121,
  "medianPS": 1.29,
  "hienTaiPS": 1.588180011408355
}