{
  "minPB": 0,
  "maxPB": 2.3223,
  "medianPB": 0.47,
  "hienTaiPB": 0.20294258520010472,
  "minPE": -20.2551,
  "maxPE": 933.0794,
  "medianPE": 2.04,
  "hienTaiPE": 4.814091263987381,
  "minPS": 0,
  "maxPS": 62.4113,
  "medianPS": 1.16,
  "hienTaiPS": 0.9186155779741773
}