{
  "minPB": 0,
  "maxPB": 2.3223,
  "medianPB": 0.48,
  "hienTaiPB": 0.17675644517428474,
  "minPE": -20.2551,
  "maxPE": 933.0794,
  "medianPE": 2.05,
  "hienTaiPE": 4.192918197666428,
  "minPS": 0,
  "maxPS": 62.4113,
  "medianPS": 1.16,
  "hienTaiPS": 0.8000845356549285
}