{
  "minPB": 0.7356,
  "maxPB": 2.934,
  "medianPB": 1.33,
  "hienTaiPB": 1.2278978242634924,
  "minPE": 5.1904,
  "maxPE": 108.1469,
  "medianPE": 8.51,
  "hienTaiPE": 5.383834464657069,
  "minPS": 0.1296,
  "maxPS": 0.7876,
  "medianPS": 0.51,
  "hienTaiPS": 0.6553162307605878
}