{
  "minPB": 0.7356,
  "maxPB": 2.934,
  "medianPB": 1.33,
  "hienTaiPB": 1.3199901610832543,
  "minPE": 5.2018,
  "maxPE": 108.1469,
  "medianPE": 8.5,
  "hienTaiPE": 5.787622049506348,
  "minPS": 0.1296,
  "maxPS": 0.7994,
  "medianPS": 0.51,
  "hienTaiPS": 0.7044649480676318
}