{
  "minPB": 0.7356,
  "maxPB": 2.934,
  "medianPB": 1.32,
  "hienTaiPB": 1.309757679214392,
  "minPE": 5.2018,
  "maxPE": 108.1469,
  "medianPE": 8.5,
  "hienTaiPE": 5.742756762300873,
  "minPS": 0.1296,
  "maxPS": 0.7994,
  "medianPS": 0.51,
  "hienTaiPS": 0.6990039794779602
}