{
  "minPB": 0.7356,
  "maxPB": 2.934,
  "medianPB": 1.33,
  "hienTaiPB": 1.3123157996816075,
  "minPE": 5.2018,
  "maxPE": 108.1469,
  "medianPE": 8.5,
  "hienTaiPE": 5.753973084102242,
  "minPS": 0.1296,
  "maxPS": 0.7994,
  "medianPS": 0.51,
  "hienTaiPS": 0.7003692216253782
}