{
  "minPB": 0.7455,
  "maxPB": 2.934,
  "medianPB": 1.32,
  "hienTaiPB": 1.381385052296429,
  "minPE": 5.2018,
  "maxPE": 106.7877,
  "medianPE": 8.49,
  "hienTaiPE": 6.0568137727392015,
  "minPS": 0.1296,
  "maxPS": 0.7994,
  "medianPS": 0.51,
  "hienTaiPS": 0.7372307596056612
}