{
  "minPB": 0.7406,
  "maxPB": 2.934,
  "medianPB": 1.32,
  "hienTaiPB": 1.3199901610832543,
  "minPE": 5.2018,
  "maxPE": 107.4673,
  "medianPE": 8.49,
  "hienTaiPE": 5.787622049506348,
  "minPS": 0.1296,
  "maxPS": 0.7994,
  "medianPS": 0.51,
  "hienTaiPS": 0.7044649480676318
}