{
  "minPB": 0.5162,
  "maxPB": 1.6783,
  "medianPB": 0.92,
  "hienTaiPB": 0.9721505273902595,
  "minPE": -573.0386,
  "maxPE": 174.5235,
  "medianPE": 6.67,
  "hienTaiPE": 158.7414870495627,
  "minPS": 0.1865,
  "maxPS": 0.7303,
  "medianPS": 0.34,
  "hienTaiPS": 0.3106666064675239
}