{
  "minPB": 0.5162,
  "maxPB": 1.6783,
  "medianPB": 0.92,
  "hienTaiPB": 0.8788633555699821,
  "minPE": -573.0386,
  "maxPE": 174.5235,
  "medianPE": 6.67,
  "hienTaiPE": 143.50871809026123,
  "minPS": 0.1865,
  "maxPS": 0.7303,
  "medianPS": 0.34,
  "hienTaiPS": 0.2808551644327615
}