{
  "minPB": 1.41,
  "maxPB": 3.4965,
  "medianPB": 2.46,
  "hienTaiPB": 1.5768142341531854,
  "minPE": 9.9819,
  "maxPE": 28.6284,
  "medianPE": 16.58,
  "hienTaiPE": 11.460278661286297,
  "minPS": 2.1724,
  "maxPS": 9.9233,
  "medianPS": 3.87,
  "hienTaiPS": 5.537901812187137
}