{
  "minPB": 1.41,
  "maxPB": 3.4965,
  "medianPB": 2.47,
  "hienTaiPB": 1.5996195167508478,
  "minPE": 9.9819,
  "maxPE": 28.6284,
  "medianPE": 16.59,
  "hienTaiPE": 11.626027351181243,
  "minPS": 2.1724,
  "maxPS": 9.9233,
  "medianPS": 3.89,
  "hienTaiPS": 5.617995848053612
}