{
  "minPB": 1.41,
  "maxPB": 3.4965,
  "medianPB": 2.46,
  "hienTaiPB": 1.5874705077628668,
  "minPE": 9.9819,
  "maxPE": 28.6284,
  "medianPE": 16.59,
  "hienTaiPE": 11.537728409273537,
  "minPS": 2.1724,
  "maxPS": 9.9233,
  "medianPS": 3.89,
  "hienTaiPS": 5.575327525157002
}