{
  "minPB": 1.41,
  "maxPB": 3.4965,
  "medianPB": 2.47,
  "hienTaiPB": 1.579371168437546,
  "minPE": 9.9819,
  "maxPE": 28.6284,
  "medianPE": 16.6,
  "hienTaiPE": 11.478862448001735,
  "minPS": 2.1724,
  "maxPS": 9.9233,
  "medianPS": 3.89,
  "hienTaiPS": 5.546881976559263
}