{
  "minPB": 1.41,
  "maxPB": 3.4965,
  "medianPB": 2.47,
  "hienTaiPB": 1.51457645383498,
  "minPE": 9.9819,
  "maxPE": 28.6284,
  "medianPE": 16.61,
  "hienTaiPE": 11.007934757827304,
  "minPS": 2.2072,
  "maxPS": 9.7879,
  "medianPS": 4.87,
  "hienTaiPS": 5.319317587777344
}