{
  "minPB": 1.41,
  "maxPB": 3.4965,
  "medianPB": 2.46,
  "hienTaiPB": 1.5834208381002064,
  "minPE": 9.9819,
  "maxPE": 28.6284,
  "medianPE": 16.58,
  "hienTaiPE": 11.508295428637636,
  "minPS": 2.1724,
  "maxPS": 9.9233,
  "medianPS": 3.88,
  "hienTaiPS": 5.561104750858132
}