{
  "minPB": 1.037,
  "maxPB": 3.389,
  "medianPB": 2.01,
  "hienTaiPB": 1.2023446389246042,
  "minPE": 4.9306,
  "maxPE": 23.6143,
  "medianPE": 9.58,
  "hienTaiPE": 10.8311889016554,
  "minPS": 0.9027,
  "maxPS": 2.1269,
  "medianPS": 1.36,
  "hienTaiPS": 1.186743935872965
}