{
  "minPB": 1.037,
  "maxPB": 3.384,
  "medianPB": 2.01,
  "hienTaiPB": 1.2560516761099974,
  "minPE": 4.9552,
  "maxPE": 23.6143,
  "medianPE": 9.58,
  "hienTaiPE": 11.31500281512992,
  "minPS": 0.9027,
  "maxPS": 2.1269,
  "medianPS": 1.36,
  "hienTaiPS": 1.2397541116828523
}