{
  "minPB": 1.037,
  "maxPB": 3.389,
  "medianPB": 2.02,
  "hienTaiPB": 1.211007064277087,
  "minPE": 4.9306,
  "maxPE": 23.6143,
  "medianPE": 9.56,
  "hienTaiPE": 10.90922340382871,
  "minPS": 0.8888,
  "maxPS": 2.0024,
  "medianPS": 1.35,
  "hienTaiPS": 1.1952939642293985
}