{
  "minPB": 1.037,
  "maxPB": 3.389,
  "medianPB": 2.01,
  "hienTaiPB": 1.1711599076556665,
  "minPE": 4.9306,
  "maxPE": 23.6143,
  "medianPE": 9.57,
  "hienTaiPE": 10.550264693831485,
  "minPS": 0.9027,
  "maxPS": 2.1269,
  "medianPS": 1.36,
  "hienTaiPS": 1.1559638337898044
}