{
  "minPB": 4.2995,
  "maxPB": 4.5784,
  "medianPB": 4.48,
  "hienTaiPB": 4.287146937013957,
  "minPE": 31.2131,
  "maxPE": 66.9586,
  "medianPE": 65.51,
  "hienTaiPE": 31.123575999407045,
  "minPS": 7.7189,
  "maxPS": 52.2814,
  "medianPS": 20.03,
  "hienTaiPS": 8.705404748791633
}