{
  "minPB": 4.3202,
  "maxPB": 4.5784,
  "medianPB": 4.48,
  "hienTaiPB": 4.332343711171536,
  "minPE": 31.3635,
  "maxPE": 66.9586,
  "medianPE": 65.51,
  "hienTaiPE": 31.451692869691225,
  "minPS": 7.7128,
  "maxPS": 52.3209,
  "medianPS": 20.36,
  "hienTaiPS": 8.79718051905611
}