{
  "minPB": 4.3202,
  "maxPB": 4.5784,
  "medianPB": 4.48,
  "hienTaiPB": 4.330832955489388,
  "minPE": 31.3635,
  "maxPE": 66.9586,
  "medianPE": 65.52,
  "hienTaiPE": 31.440725174862784,
  "minPS": 7.7128,
  "maxPS": 52.3209,
  "medianPS": 20.37,
  "hienTaiPS": 8.794112805286822
}