{
  "minPB": 4.4648,
  "maxPB": 14.8912,
  "medianPB": 5.63,
  "hienTaiPB": 4.330832955489388,
  "minPE": 19.2631,
  "maxPE": 148.8926,
  "medianPE": 65.93,
  "hienTaiPE": 31.440725174862784,
  "minPS": 7.7128,
  "maxPS": 52.2628,
  "medianPS": 18.8,
  "hienTaiPS": 8.794112805286822
}