{
  "minPB": 4.3195,
  "maxPB": 4.5784,
  "medianPB": 4.48,
  "hienTaiPB": 4.319502287873282,
  "minPE": 31.3585,
  "maxPE": 66.9586,
  "medianPE": 65.51,
  "hienTaiPE": 31.35846746364948,
  "minPS": 7.7128,
  "maxPS": 52.3209,
  "medianPS": 20.35,
  "hienTaiPS": 8.771104952017177
}