{
  "minPB": 4.4614,
  "maxPB": 14.8912,
  "medianPB": 5.62,
  "hienTaiPB": 4.242705540697453,
  "minPE": 19.2631,
  "maxPE": 148.8926,
  "medianPE": 65.89,
  "hienTaiPE": 30.800942976537087,
  "minPS": 7.7128,
  "maxPS": 52.2628,
  "medianPS": 18.78,
  "hienTaiPS": 8.6151628354118
}