{
  "minPB": 4.4614,
  "maxPB": 14.8912,
  "medianPB": 5.63,
  "hienTaiPB": 4.239432236719467,
  "minPE": 19.2631,
  "maxPE": 148.8926,
  "medianPE": 65.91,
  "hienTaiPE": 30.777179637742133,
  "minPS": 7.7128,
  "maxPS": 52.2628,
  "medianPS": 18.78,
  "hienTaiPS": 8.608516122245014
}