{
  "minPB": 0.9361,
  "maxPB": 3.3847,
  "medianPB": 1.58,
  "hienTaiPB": 1.7854308940813297,
  "minPE": 7.6974,
  "maxPE": 56.4472,
  "medianPE": 14.29,
  "hienTaiPE": 16.799937323539297,
  "minPS": 2.4902,
  "maxPS": 13.6146,
  "medianPS": 6.14,
  "hienTaiPS": 5.584083662804915
}