{
  "minPB": 0.9361,
  "maxPB": 3.3847,
  "medianPB": 1.58,
  "hienTaiPB": 1.7548816962738545,
  "minPE": 7.6974,
  "maxPE": 56.4472,
  "medianPE": 14.28,
  "hienTaiPE": 16.51248592446733,
  "minPS": 2.4902,
  "maxPS": 13.6146,
  "medianPS": 6.15,
  "hienTaiPS": 5.488538505076313
}