{
  "minPB": 0.9359,
  "maxPB": 3.3867,
  "medianPB": 1.58,
  "hienTaiPB": 1.6903889453469625,
  "minPE": 7.6974,
  "maxPE": 56.4918,
  "medianPE": 14.26,
  "hienTaiPE": 15.905644081982071,
  "minPS": 2.4902,
  "maxPS": 13.6519,
  "medianPS": 6.15,
  "hienTaiPS": 5.2868320609826
}