{
  "minPB": 0.9357,
  "maxPB": 3.3887,
  "medianPB": 1.58,
  "hienTaiPB": 1.6903889453469625,
  "minPE": 7.6974,
  "maxPE": 56.5364,
  "medianPE": 14.26,
  "hienTaiPE": 15.905644081982071,
  "minPS": 2.4759,
  "maxPS": 12.7379,
  "medianPS": 5.98,
  "hienTaiPS": 5.2868320609826
}