{
  "minPB": 0.9361,
  "maxPB": 3.3847,
  "medianPB": 1.58,
  "hienTaiPB": 1.7209381431544377,
  "minPE": 7.6974,
  "maxPE": 56.4472,
  "medianPE": 14.28,
  "hienTaiPE": 16.193095481054037,
  "minPS": 2.4902,
  "maxPS": 13.6519,
  "medianPS": 6.15,
  "hienTaiPS": 5.382377218711201
}