{
  "minPB": 0.9357,
  "maxPB": 3.3887,
  "medianPB": 1.58,
  "hienTaiPB": 1.6971776559708458,
  "minPE": 7.6974,
  "maxPE": 56.5364,
  "medianPE": 14.26,
  "hienTaiPE": 15.96952217066473,
  "minPS": 2.4759,
  "maxPS": 12.7379,
  "medianPS": 5.98,
  "hienTaiPS": 5.308064318255622
}