{
  "minPB": 0.9361,
  "maxPB": 3.3847,
  "medianPB": 1.58,
  "hienTaiPB": 1.7141494325305542,
  "minPE": 7.6974,
  "maxPE": 56.4472,
  "medianPE": 14.27,
  "hienTaiPE": 16.129217392371377,
  "minPS": 2.4902,
  "maxPS": 13.6519,
  "medianPS": 6.15,
  "hienTaiPS": 5.361144961438178
}