{
  "minPB": 0.3409,
  "maxPB": 2.3219,
  "medianPB": 0.58,
  "hienTaiPB": 0.34700524275275735,
  "minPE": -18.7035,
  "maxPE": 19.3074,
  "medianPE": 4.89,
  "hienTaiPE": 4.893791143275134,
  "minPS": 0.0693,
  "maxPS": 0.6129,
  "medianPS": 0.22,
  "hienTaiPS": 0.06024081564952999
}