{
  "minPB": 0.2431,
  "maxPB": 2.3087,
  "medianPB": 0.57,
  "hienTaiPB": 0.4086950636865809,
  "minPE": -18.7035,
  "maxPE": 19.3074,
  "medianPE": 4.81,
  "hienTaiPE": 5.763798457635159,
  "minPS": 0.0567,
  "maxPS": 0.6111,
  "medianPS": 0.22,
  "hienTaiPS": 0.0709502939872242
}