{
  "minPB": 0.2431,
  "maxPB": 2.3087,
  "medianPB": 0.57,
  "hienTaiPB": 0.34700524275275735,
  "minPE": -18.7035,
  "maxPE": 19.3074,
  "medianPE": 4.81,
  "hienTaiPE": 4.893791143275134,
  "minPS": 0.0567,
  "maxPS": 0.6111,
  "medianPS": 0.22,
  "hienTaiPS": 0.06024081564952999
}