{
  "minPB": 0.3409,
  "maxPB": 2.3219,
  "medianPB": 0.58,
  "hienTaiPB": 0.34563275255338477,
  "minPE": -18.7035,
  "maxPE": 19.3074,
  "medianPE": 4.91,
  "hienTaiPE": 3.248952892802258,
  "minPS": 0.058,
  "maxPS": 0.6064,
  "medianPS": 0.22,
  "hienTaiPS": 0.056710247696615444
}