{
  "minPB": 0.5737,
  "maxPB": 2.3102,
  "medianPB": 1.09,
  "hienTaiPB": 0.6385844666514537,
  "minPE": 1.5329,
  "maxPE": 74.0943,
  "medianPE": 7.01,
  "hienTaiPE": 8.175619917648644,
  "minPS": 0.1617,
  "maxPS": 18.499,
  "medianPS": 0.28,
  "hienTaiPS": 0.38401557405841497
}