{
  "minPB": 0.5757,
  "maxPB": 2.3094,
  "medianPB": 1.09,
  "hienTaiPB": 0.7708358159014552,
  "minPE": 1.5329,
  "maxPE": 74.0943,
  "medianPE": 7.04,
  "hienTaiPE": 9.898025085317093,
  "minPS": 0.1621,
  "maxPS": 17.7872,
  "medianPS": 0.28,
  "hienTaiPS": 0.4634295596285688
}