{
  "minPB": 0.5737,
  "maxPB": 2.3102,
  "medianPB": 1.09,
  "hienTaiPB": 0.6412979983794345,
  "minPE": 1.5329,
  "maxPE": 74.0943,
  "medianPE": 7.04,
  "hienTaiPE": 8.210360512199559,
  "minPS": 0.1621,
  "maxPS": 18.122,
  "medianPS": 0.28,
  "hienTaiPS": 0.38564736828245927
}