{
  "minPB": 0.5757,
  "maxPB": 2.3094,
  "medianPB": 1.09,
  "hienTaiPB": 0.7346463409765043,
  "minPE": 1.5329,
  "maxPE": 74.0943,
  "medianPE": 7.04,
  "hienTaiPE": 9.433329071921923,
  "minPS": 0.1621,
  "maxPS": 17.7872,
  "medianPS": 0.28,
  "hienTaiPS": 0.4416723033079787
}