{
  "minPB": 0.5757,
  "maxPB": 2.3094,
  "medianPB": 1.09,
  "hienTaiPB": 0.7825973952520642,
  "minPE": 1.5329,
  "maxPE": 74.0943,
  "medianPE": 7.04,
  "hienTaiPE": 10.016871428847134,
  "minPS": 0.1621,
  "maxPS": 18.122,
  "medianPS": 0.28,
  "hienTaiPS": 0.4705006679327606
}