{
  "minPB": 0.5039,
  "maxPB": 2.0527,
  "medianPB": 1.18,
  "hienTaiPB": 1.3288950005884808,
  "minPE": 5.9378,
  "maxPE": 55.3191,
  "medianPE": 9.69,
  "hienTaiPE": 7.2418483473845585,
  "minPS": 0.9084,
  "maxPS": 5.6956,
  "medianPS": 2.52,
  "hienTaiPS": 2.9778659836347243
}