{
  "minPB": 0.4924,
  "maxPB": 2.0547,
  "medianPB": 1.18,
  "hienTaiPB": 1.2808833102446389,
  "minPE": 5.9378,
  "maxPE": 55.4401,
  "medianPE": 9.71,
  "hienTaiPE": 6.980207374833891,
  "minPS": 0.9052,
  "maxPS": 3.5343,
  "medianPS": 2.52,
  "hienTaiPS": 2.8702785674517926
}