{
  "minPB": 0.5153,
  "maxPB": 2.0506,
  "medianPB": 1.18,
  "hienTaiPB": 1.3460420328541385,
  "minPE": 5.9378,
  "maxPE": 55.198,
  "medianPE": 9.69,
  "hienTaiPE": 7.33529155186694,
  "minPS": 0.9084,
  "maxPS": 5.6956,
  "medianPS": 2.52,
  "hienTaiPS": 3.0162900608429144
}