{
  "minPB": 0.4924,
  "maxPB": 2.0547,
  "medianPB": 1.18,
  "hienTaiPB": 1.3117479683228228,
  "minPE": 5.9378,
  "maxPE": 55.4401,
  "medianPE": 9.69,
  "hienTaiPE": 7.1484051429021775,
  "minPS": 0.9084,
  "maxPS": 5.6956,
  "medianPS": 2.52,
  "hienTaiPS": 2.9394419064265342
}