{
  "minPB": 0.4924,
  "maxPB": 2.0547,
  "medianPB": 1.18,
  "hienTaiPB": 1.3203214844556517,
  "minPE": 5.9378,
  "maxPE": 55.4401,
  "medianPE": 9.71,
  "hienTaiPE": 7.1951267451433685,
  "minPS": 0.9052,
  "maxPS": 3.5343,
  "medianPS": 2.52,
  "hienTaiPS": 2.9586539450306293
}