{
  "minPB": 0.4924,
  "maxPB": 2.0547,
  "medianPB": 1.18,
  "hienTaiPB": 1.2843127166977704,
  "minPE": 5.9378,
  "maxPE": 55.4401,
  "medianPE": 9.71,
  "hienTaiPE": 6.9988960157303675,
  "minPS": 0.9052,
  "maxPS": 3.5343,
  "medianPS": 2.52,
  "hienTaiPS": 2.8779633828934306
}