{
  "minPB": 0,
  "maxPB": 1.7349,
  "medianPB": 0.84,
  "hienTaiPB": 0.8267075471219055,
  "minPE": 0,
  "maxPE": 13.5793,
  "medianPE": 5.98,
  "hienTaiPE": 7.8359712003862905,
  "minPS": 0,
  "maxPS": 0.5436,
  "medianPS": 0.23,
  "hienTaiPS": 0.22878557960587745
}