{
  "minPB": 0,
  "maxPB": 1.7349,
  "medianPB": 0.84,
  "hienTaiPB": 0.7515523155653687,
  "minPE": 0,
  "maxPE": 13.5793,
  "medianPE": 5.98,
  "hienTaiPE": 7.123610182169355,
  "minPS": 0,
  "maxPS": 0.5436,
  "medianPS": 0.23,
  "hienTaiPS": 0.20798689055079767
}