{
  "minPB": 0.464,
  "maxPB": 1.758,
  "medianPB": 0.88,
  "hienTaiPB": 0.7348511529972493,
  "minPE": 3.4094,
  "maxPE": 13.6927,
  "medianPE": 6.4,
  "hienTaiPE": 6.965307733676703,
  "minPS": 0.1738,
  "maxPS": 0.5448,
  "medianPS": 0.24,
  "hienTaiPS": 0.20336495964966883
}