{
  "minPB": 0.9073,
  "maxPB": 2.6834,
  "medianPB": 1.5,
  "hienTaiPB": 1.66992457731802,
  "minPE": 4.35,
  "maxPE": 28.2976,
  "medianPE": 10.27,
  "hienTaiPE": 20.184673445976635,
  "minPS": 0.2154,
  "maxPS": 2.5386,
  "medianPS": 0.78,
  "hienTaiPS": 1.543393665450689
}