{
  "minPB": 0.9073,
  "maxPB": 2.6834,
  "medianPB": 1.5,
  "hienTaiPB": 1.6677586569842742,
  "minPE": 4.35,
  "maxPE": 28.2976,
  "medianPE": 10.27,
  "hienTaiPE": 20.158493584179002,
  "minPS": 0.2154,
  "maxPS": 2.5386,
  "medianPS": 0.78,
  "hienTaiPS": 1.5413918578431005
}