{
  "minPB": 0.9073,
  "maxPB": 2.6834,
  "medianPB": 1.5,
  "hienTaiPB": 1.6894178603217325,
  "minPE": 4.35,
  "maxPE": 28.2976,
  "medianPE": 10.26,
  "hienTaiPE": 20.420292202155352,
  "minPS": 0.2183,
  "maxPS": 2.5619,
  "medianPS": 0.78,
  "hienTaiPS": 1.5614099339189849
}