{
  "minPB": 0.9073,
  "maxPB": 2.6834,
  "medianPB": 1.5,
  "hienTaiPB": 1.7327362669966486,
  "minPE": 4.35,
  "maxPE": 28.2976,
  "medianPE": 10.25,
  "hienTaiPE": 20.943889438108055,
  "minPS": 0.2183,
  "maxPS": 2.5619,
  "medianPS": 0.78,
  "hienTaiPS": 1.6014460860707538
}