{
  "minPB": 0.9073,
  "maxPB": 2.6834,
  "medianPB": 1.5,
  "hienTaiPB": 1.7240725856616654,
  "minPE": 4.35,
  "maxPE": 28.2976,
  "medianPE": 10.27,
  "hienTaiPE": 20.83916999091751,
  "minPS": 0.2154,
  "maxPS": 2.5386,
  "medianPS": 0.78,
  "hienTaiPS": 1.5934388556404
}