{
  "minPB": 0.5362,
  "maxPB": 0.8304,
  "medianPB": 0.65,
  "hienTaiPB": 0.6640774265170238,
  "minPE": 104.1764,
  "maxPE": 780.4211,
  "medianPE": 583.71,
  "hienTaiPE": 111.40631157429621,
  "minPS": 3.2021,
  "maxPS": 14.6337,
  "medianPS": 7.24,
  "hienTaiPS": 4.836792548768574
}