{
  "minPB": 0.4761,
  "maxPB": 3.9951,
  "medianPB": 1.05,
  "hienTaiPB": 0.7272529339069177,
  "minPE": -89.0601,
  "maxPE": 589.6311,
  "medianPE": 100.63,
  "hienTaiPE": 122.00469962229342,
  "minPS": 3.132,
  "maxPS": 14.7038,
  "medianPS": 7.35,
  "hienTaiPS": 5.296929893009832
}