{
  "minPB": 0.5362,
  "maxPB": 0.8304,
  "medianPB": 0.64,
  "hienTaiPB": 0.6686809131020238,
  "minPE": 104.1764,
  "maxPE": 780.4211,
  "medianPE": 586.37,
  "hienTaiPE": 112.17859721500298,
  "minPS": 3.2021,
  "maxPS": 14.6337,
  "medianPS": 7.25,
  "hienTaiPS": 4.870321936643518
}