{
  "minPB": 0.4761,
  "maxPB": 3.9951,
  "medianPB": 1.05,
  "hienTaiPB": 0.7443935754468114,
  "minPE": -89.0601,
  "maxPE": 589.6311,
  "medianPE": 100.9,
  "hienTaiPE": 124.8802312632229,
  "minPS": 3.132,
  "maxPS": 14.7038,
  "medianPS": 7.35,
  "hienTaiPS": 5.421773358501646
}