{
  "minPB": 0.5362,
  "maxPB": 0.8304,
  "medianPB": 0.64,
  "hienTaiPB": 0.6758310092872366,
  "minPE": 104.1764,
  "maxPE": 780.4211,
  "medianPE": 587.98,
  "hienTaiPE": 113.378104699505,
  "minPS": 3.2021,
  "maxPS": 14.6337,
  "medianPS": 7.26,
  "hienTaiPS": 4.922399496534389
}