{
  "minPB": 0.4761,
  "maxPB": 3.9951,
  "medianPB": 1.05,
  "hienTaiPB": 0.7451771476314922,
  "minPE": -89.0601,
  "maxPE": 589.6311,
  "medianPE": 100.64,
  "hienTaiPE": 125.01168413823682,
  "minPS": 3.132,
  "maxPS": 14.7038,
  "medianPS": 7.35,
  "hienTaiPS": 5.427480488352701
}