{
  "minPB": 0.4761,
  "maxPB": 3.9951,
  "medianPB": 1.05,
  "hienTaiPB": 0.6268577477446833,
  "minPE": -89.0601,
  "maxPE": 589.6311,
  "medianPE": 101.42,
  "hienTaiPE": 105.16230001113507,
  "minPS": 3.132,
  "maxPS": 14.7038,
  "medianPS": 7.35,
  "hienTaiPS": 4.5657038808434915
}