{
  "minPB": 0.4761,
  "maxPB": 3.9951,
  "medianPB": 1.05,
  "hienTaiPB": 0.6656445708863855,
  "minPE": -89.0601,
  "maxPE": 589.6311,
  "medianPE": 100.61,
  "hienTaiPE": 111.66921732432405,
  "minPS": 3.132,
  "maxPS": 14.7038,
  "medianPS": 7.36,
  "hienTaiPS": 4.848206808470683
}