{
  "minPB": 1.0031,
  "maxPB": 3.312,
  "medianPB": 1.52,
  "hienTaiPB": 1.3019437168626378,
  "minPE": -350.4037,
  "maxPE": 40.1461,
  "medianPE": 13.17,
  "hienTaiPE": 49.667293654793355,
  "minPS": 0.4203,
  "maxPS": 2.0659,
  "medianPS": 1.01,
  "hienTaiPS": 1.872448713996479
}