{
  "minPB": 1.0031,
  "maxPB": 3.312,
  "medianPB": 1.52,
  "hienTaiPB": 1.482383677621852,
  "minPE": -350.4036,
  "maxPE": 40.3585,
  "medianPE": 13.22,
  "hienTaiPE": 56.55082049394382,
  "minPS": 0.4181,
  "maxPS": 2.0798,
  "medianPS": 0.98,
  "hienTaiPS": 2.1319565315013214
}