{
  "minPB": 1.0031,
  "maxPB": 3.312,
  "medianPB": 1.52,
  "hienTaiPB": 1.3130477144478203,
  "minPE": -350.4037,
  "maxPE": 40.0888,
  "medianPE": 13.16,
  "hienTaiPE": 50.09089530643338,
  "minPS": 0.4203,
  "maxPS": 2.0659,
  "medianPS": 1,
  "hienTaiPS": 1.8884184258429308
}