{
  "minPB": 1.0031,
  "maxPB": 3.312,
  "medianPB": 1.52,
  "hienTaiPB": 1.3158237138441158,
  "minPE": -350.4037,
  "maxPE": 40.0888,
  "medianPE": 13.16,
  "hienTaiPE": 50.19679571934339,
  "minPS": 0.4203,
  "maxPS": 2.0659,
  "medianPS": 1,
  "hienTaiPS": 1.8924108538045437
}