{
  "minPB": 1.0031,
  "maxPB": 3.312,
  "medianPB": 1.52,
  "hienTaiPB": 1.5045916727922168,
  "minPE": -350.4036,
  "maxPE": 40.3585,
  "medianPE": 13.22,
  "hienTaiPE": 57.39802379722388,
  "minPS": 0.4181,
  "maxPS": 2.0806,
  "medianPS": 0.98,
  "hienTaiPS": 2.163895955194225
}