{
  "minPB": 1.0031,
  "maxPB": 3.312,
  "medianPB": 1.52,
  "hienTaiPB": 1.4629516818477828,
  "minPE": -350.4036,
  "maxPE": 40.2518,
  "medianPE": 13.18,
  "hienTaiPE": 55.80951760357377,
  "minPS": 0.4181,
  "maxPS": 2.0701,
  "medianPS": 0.98,
  "hienTaiPS": 2.1040095357700306
}