{
  "minPB": 1.0031,
  "maxPB": 3.312,
  "medianPB": 1.52,
  "hienTaiPB": 1.4990396739996257,
  "minPE": -350.4036,
  "maxPE": 40.3333,
  "medianPE": 13.19,
  "hienTaiPE": 57.186222971403865,
  "minPS": 0.4181,
  "maxPS": 2.0741,
  "medianPS": 0.98,
  "hienTaiPS": 2.155911099270999
}