{
  "minPB": 1.0031,
  "maxPB": 3.312,
  "medianPB": 1.52,
  "hienTaiPB": 1.4796076782255565,
  "minPE": -350.4036,
  "maxPE": 40.3585,
  "medianPE": 13.2,
  "hienTaiPE": 56.444920081033814,
  "minPS": 0.4181,
  "maxPS": 2.0766,
  "medianPS": 0.98,
  "hienTaiPS": 2.1279641035397083
}