{
  "minPB": 1.0031,
  "maxPB": 3.312,
  "medianPB": 1.52,
  "hienTaiPB": 1.4879356764144431,
  "minPE": -350.4036,
  "maxPE": 40.3585,
  "medianPE": 13.21,
  "hienTaiPE": 56.76262131976383,
  "minPS": 0.4181,
  "maxPS": 2.0775,
  "medianPS": 0.98,
  "hienTaiPS": 2.1399413874245474
}