{
  "minPB": 1.0031,
  "maxPB": 3.312,
  "medianPB": 1.52,
  "hienTaiPB": 1.49626367460333,
  "minPE": -350.4036,
  "maxPE": 40.3333,
  "medianPE": 13.19,
  "hienTaiPE": 57.080322558493855,
  "minPS": 0.4181,
  "maxPS": 2.076,
  "medianPS": 0.98,
  "hienTaiPS": 2.151918671309386
}