{
  "minPB": 1.0031,
  "maxPB": 3.312,
  "medianPB": 1.52,
  "hienTaiPB": 1.3102717150515246,
  "minPE": -350.4037,
  "maxPE": 40.1461,
  "medianPE": 13.16,
  "hienTaiPE": 49.98499489352338,
  "minPS": 0.4203,
  "maxPS": 2.0659,
  "medianPS": 1,
  "hienTaiPS": 1.8844259978813178
}