{
  "minPB": 0.2929,
  "maxPB": 2.361,
  "medianPB": 0.41,
  "hienTaiPB": 0.5684600155587762,
  "minPE": -22.4281,
  "maxPE": 20.3481,
  "medianPE": 8.52,
  "hienTaiPE": 13.010614753677011,
  "minPS": 0.1611,
  "maxPS": 1.2555,
  "medianPS": 0.27,
  "hienTaiPS": 0.4082164297930713
}