{
  "minPB": 0,
  "maxPB": 2.2703,
  "medianPB": 0.4,
  "hienTaiPB": 0.5627754154031885,
  "minPE": -20.9811,
  "maxPE": 19.9742,
  "medianPE": 6.99,
  "hienTaiPE": 12.880508606140241,
  "minPS": 0,
  "maxPS": 1.2058,
  "medianPS": 0.25,
  "hienTaiPS": 0.4041342654951406
}