{
  "minPB": 0.2929,
  "maxPB": 2.361,
  "medianPB": 0.41,
  "hienTaiPB": 0.5627754154031885,
  "minPE": -22.4281,
  "maxPE": 20.3481,
  "medianPE": 8.51,
  "hienTaiPE": 12.880508606140241,
  "minPS": 0.1608,
  "maxPS": 1.1563,
  "medianPS": 0.26,
  "hienTaiPS": 0.4041342654951406
}