{
  "minPB": 1.6735,
  "maxPB": 2.0348,
  "medianPB": 1.87,
  "hienTaiPB": 2.092929592976355,
  "minPE": 11.9982,
  "maxPE": 14.1275,
  "medianPE": 13.43,
  "hienTaiPE": 13.92190409143261,
  "minPS": 0.1222,
  "maxPS": 2.4578,
  "medianPS": 0.68,
  "hienTaiPS": 2.594735269604191
}