{
  "minPB": 1.6735,
  "maxPB": 2.0929,
  "medianPB": 1.88,
  "hienTaiPB": 2.087115899662532,
  "minPE": 11.9982,
  "maxPE": 14.1275,
  "medianPE": 13.43,
  "hienTaiPE": 13.883232135623077,
  "minPS": 0.1222,
  "maxPS": 2.4578,
  "medianPS": 0.68,
  "hienTaiPS": 2.5875276716330684
}