{
  "minPB": 0.148,
  "maxPB": 1.8734,
  "medianPB": 0.52,
  "hienTaiPB": 2.087115899662532,
  "minPE": -10.0414,
  "maxPE": 25.756,
  "medianPE": 2.49,
  "hienTaiPE": 13.883232135623077,
  "minPS": 0.1222,
  "maxPS": 2.3851,
  "medianPS": 0.5,
  "hienTaiPS": 2.5875276716330684
}