{
  "minPB": 0.148,
  "maxPB": 1.8905,
  "medianPB": 0.54,
  "hienTaiPB": 2.2905951656463444,
  "minPE": -10.0414,
  "maxPE": 25.756,
  "medianPE": 2.49,
  "hienTaiPE": 15.236750588956802,
  "minPS": 0.1222,
  "maxPS": 2.4069,
  "medianPS": 0.5,
  "hienTaiPS": 2.839793600622365
}