{
  "minPB": 0.3809,
  "maxPB": 2.5452,
  "medianPB": 1.11,
  "hienTaiPB": 0.9596218506023159,
  "minPE": 4.8215,
  "maxPE": 51.0753,
  "medianPE": 10.33,
  "hienTaiPE": 18.695895387161084,
  "minPS": 0.0463,
  "maxPS": 0.3572,
  "medianPS": 0.09,
  "hienTaiPS": 0.055539165262453054
}