{
  "minPB": 0.3809,
  "maxPB": 2.5452,
  "medianPB": 1.11,
  "hienTaiPB": 0.9503947174234475,
  "minPE": 4.8215,
  "maxPE": 51.0753,
  "medianPE": 10.35,
  "hienTaiPE": 18.516127162284537,
  "minPS": 0.0463,
  "maxPS": 0.3572,
  "medianPS": 0.09,
  "hienTaiPS": 0.05500513482723716
}