{
  "minPB": 0.2547,
  "maxPB": 1.4652,
  "medianPB": 0.37,
  "hienTaiPB": 0.3507488707497569,
  "minPE": -30.5667,
  "maxPE": 41.5707,
  "medianPE": -1.82,
  "hienTaiPE": 6.7013102478346305,
  "minPS": 0.1835,
  "maxPS": 0.7107,
  "medianPS": 0.29,
  "hienTaiPS": 0.2357370509300438
}