{
  "minPB": 0.2543,
  "maxPB": 1.4699,
  "medianPB": 0.37,
  "hienTaiPB": 0.33693149099294833,
  "minPE": -30.5667,
  "maxPE": 41.5707,
  "medianPE": -1.82,
  "hienTaiPE": 6.437319238071448,
  "minPS": 0.1835,
  "maxPS": 0.7107,
  "medianPS": 0.29,
  "hienTaiPS": 0.22645043983279964
}