{
  "minPB": 0.2551,
  "maxPB": 1.4605,
  "medianPB": 0.37,
  "hienTaiPB": 0.3486231200179402,
  "minPE": -30.5667,
  "maxPE": 41.2936,
  "medianPE": 6.22,
  "hienTaiPE": 6.660696246332603,
  "minPS": 0.1823,
  "maxPS": 0.7107,
  "medianPS": 0.29,
  "hienTaiPS": 0.23430834153046778
}