{
  "minPB": 0.2551,
  "maxPB": 1.4605,
  "medianPB": 0.37,
  "hienTaiPB": 0.3507488707497569,
  "minPE": -30.5667,
  "maxPE": 41.2936,
  "medianPE": 5.98,
  "hienTaiPE": 6.7013102478346305,
  "minPS": 0.1823,
  "maxPS": 0.7107,
  "medianPS": 0.29,
  "hienTaiPS": 0.2357370509300438
}