{
  "minPB": 0.2551,
  "maxPB": 1.4605,
  "medianPB": 0.37,
  "hienTaiPB": 0.3475602446520319,
  "minPE": -30.5667,
  "maxPE": 41.2936,
  "medianPE": 6.19,
  "hienTaiPE": 6.640389245581589,
  "minPS": 0.1823,
  "maxPS": 0.7107,
  "medianPS": 0.29,
  "hienTaiPS": 0.23359398683067975
}