{
  "minPB": 0.2551,
  "maxPB": 1.4605,
  "medianPB": 0.37,
  "hienTaiPB": 0.34330874318839844,
  "minPE": -30.5667,
  "maxPE": 41.4322,
  "medianPE": 1.77,
  "hienTaiPE": 6.559161242577533,
  "minPS": 0.1835,
  "maxPS": 0.7107,
  "medianPS": 0.29,
  "hienTaiPS": 0.2307365680315277
}