{
  "minPB": 0.2551,
  "maxPB": 1.4605,
  "medianPB": 0.37,
  "hienTaiPB": 0.3496859953838486,
  "minPE": -30.5667,
  "maxPE": 41.2936,
  "medianPE": 6.27,
  "hienTaiPE": 6.681003247083617,
  "minPS": 0.1823,
  "maxPS": 0.7107,
  "medianPS": 0.29,
  "hienTaiPS": 0.2350226962302558
}