{
  "minPB": 0.3946,
  "maxPB": 1.9338,
  "medianPB": 0.7,
  "hienTaiPB": 0.6003515384533216,
  "minPE": -7164.081,
  "maxPE": 2786.5184,
  "medianPE": 86.46,
  "hienTaiPE": 1598.3835745511722,
  "minPS": 0.4374,
  "maxPS": 2.0678,
  "medianPS": 0.8,
  "hienTaiPS": 0.7661867313034971
}