{
  "minPB": 0.4745,
  "maxPB": 0.6294,
  "medianPB": 0.47,
  "hienTaiPB": 0.716548610412029,
  "minPE": -7895.1097,
  "maxPE": 1675.7247,
  "medianPE": -7164.08,
  "hienTaiPE": 1907.748137367528,
  "minPS": 0.4374,
  "maxPS": 2.0365,
  "medianPS": 0.81,
  "hienTaiPS": 0.9144809373622386
}