{
  "minPB": 0.4745,
  "maxPB": 0.6294,
  "medianPB": 0.47,
  "hienTaiPB": 0.6201050406863018,
  "minPE": -7895.1097,
  "maxPE": 1675.7247,
  "medianPE": -7164.08,
  "hienTaiPE": 1650.9755502299527,
  "minPS": 0.4374,
  "maxPS": 2.0365,
  "medianPS": 0.81,
  "hienTaiPS": 0.7913967463334832
}