{
  "minPB": 0.3946,
  "maxPB": 1.9338,
  "medianPB": 0.7,
  "hienTaiPB": 0.5519360918038602,
  "minPE": -7164.081,
  "maxPE": 2786.5184,
  "medianPE": 86.46,
  "hienTaiPE": 1469.4816733776904,
  "minPS": 0.4374,
  "maxPS": 2.0678,
  "medianPS": 0.8,
  "hienTaiPS": 0.7043974787790216
}