{
  "minPB": 0.4745,
  "maxPB": 0.5519,
  "medianPB": 0.47,
  "hienTaiPB": 0.6294008064429985,
  "minPE": -7895.1097,
  "maxPE": 1469.4817,
  "medianPE": -7164.08,
  "hienTaiPE": 1675.7247152552611,
  "minPS": 0.4374,
  "maxPS": 2.0365,
  "medianPS": 0.81,
  "hienTaiPS": 0.8032602828181825
}