{
  "minPB": 0.4027,
  "maxPB": 0.4313,
  "medianPB": 0.43,
  "hienTaiPB": 0.40273618583601883,
  "minPE": 2.9781,
  "maxPE": 3.0033,
  "medianPE": 2.98,
  "hienTaiPE": 3.003265904062284,
  "minPS": 1.2619,
  "maxPS": 3.5707,
  "medianPS": 1.63,
  "hienTaiPS": 1.4852342765725142
}