{
  "minPB": 0.8892,
  "maxPB": 2.0176,
  "medianPB": 1.49,
  "hienTaiPB": 0.819384114013366,
  "minPE": 2.0737,
  "maxPE": 10.4619,
  "medianPE": 6.62,
  "hienTaiPE": 9.412694025481654,
  "minPS": 0.1834,
  "maxPS": 0.6333,
  "medianPS": 0.37,
  "hienTaiPS": 0.47462419305126763
}