{
  "minPB": 0.8954,
  "maxPB": 2.0176,
  "medianPB": 1.49,
  "hienTaiPB": 0.8796978459245832,
  "minPE": 2.0737,
  "maxPE": 10.4619,
  "medianPE": 6.62,
  "hienTaiPE": 10.105549420535061,
  "minPS": 0.1834,
  "maxPS": 0.6333,
  "medianPS": 0.37,
  "hienTaiPS": 0.5095606237785603
}