{
  "minPB": 0.1047,
  "maxPB": 3.8583,
  "medianPB": 0.37,
  "hienTaiPB": 0.5349932943081687,
  "minPE": -527.2092,
  "maxPE": 1989.0253,
  "medianPE": 27.05,
  "hienTaiPE": 258.7478794103541,
  "minPS": 0.3144,
  "maxPS": 471.8827,
  "medianPS": 1.37,
  "hienTaiPS": 1.39903693144802
}