{
  "minPB": 0.1047,
  "maxPB": 3.8583,
  "medianPB": 0.37,
  "hienTaiPB": 0.5819225306509904,
  "minPE": -527.2092,
  "maxPE": 1989.0253,
  "medianPE": 26.73,
  "hienTaiPE": 281.4450618147711,
  "minPS": 0.3144,
  "maxPS": 471.8827,
  "medianPS": 1.37,
  "hienTaiPS": 1.5217594692943375
}