{
  "minPB": 0.1047,
  "maxPB": 3.8583,
  "medianPB": 0.36,
  "hienTaiPB": 0.4505206688910894,
  "minPE": -527.2092,
  "maxPE": 1989.0253,
  "medianPE": 26.47,
  "hienTaiPE": 217.89295108240344,
  "minPS": 0.3294,
  "maxPS": 471.8828,
  "medianPS": 1.31,
  "hienTaiPS": 1.1781363633246484
}