{
  "minPB": 0.1047,
  "maxPB": 3.8583,
  "medianPB": 0.36,
  "hienTaiPB": 0.48806405796534685,
  "minPE": -527.2092,
  "maxPE": 1989.0253,
  "medianPE": 26.48,
  "hienTaiPE": 236.05069700593705,
  "minPS": 0.3294,
  "maxPS": 471.8828,
  "medianPS": 1.31,
  "hienTaiPS": 1.2763143936017025
}