{
  "minPB": 0.1047,
  "maxPB": 3.8583,
  "medianPB": 0.37,
  "hienTaiPB": 0.5068357525024756,
  "minPE": -527.2092,
  "maxPE": 1989.0253,
  "medianPE": 26.85,
  "hienTaiPE": 245.12956996770387,
  "minPS": 0.3144,
  "maxPS": 471.8827,
  "medianPS": 1.37,
  "hienTaiPS": 1.3254034087402295
}