{
  "minPB": 0.485,
  "maxPB": 1.5025,
  "medianPB": 0.78,
  "hienTaiPB": 0.893647403736911,
  "minPE": 4.2055,
  "maxPE": 608.7199,
  "medianPE": 16.58,
  "hienTaiPE": 7.625723069547842,
  "minPS": 0.274,
  "maxPS": 7.0778,
  "medianPS": 1.61,
  "hienTaiPS": 77.12040708254449
}