{
  "minPB": 0.485,
  "maxPB": 1.5025,
  "medianPB": 0.78,
  "hienTaiPB": 0.882614719740159,
  "minPE": 4.2055,
  "maxPE": 608.7199,
  "medianPE": 16.58,
  "hienTaiPE": 7.531578340294165,
  "minPS": 0.274,
  "maxPS": 22.4606,
  "medianPS": 1.61,
  "hienTaiPS": 76.16830329140197
}