{
  "minPB": 0.485,
  "maxPB": 1.5025,
  "medianPB": 0.78,
  "hienTaiPB": 0.904680087733663,
  "minPE": 4.2055,
  "maxPE": 608.7199,
  "medianPE": 16.58,
  "hienTaiPE": 7.719867798801519,
  "minPS": 0.274,
  "maxPS": 7.0526,
  "medianPS": 1.61,
  "hienTaiPS": 78.07251087368701
}