{
  "minPB": 0.485,
  "maxPB": 1.5025,
  "medianPB": 0.78,
  "hienTaiPB": 0.9010025264014123,
  "minPE": 4.2055,
  "maxPE": 608.7199,
  "medianPE": 16.58,
  "hienTaiPE": 7.688486222383626,
  "minPS": 0.274,
  "maxPS": 22.0665,
  "medianPS": 1.61,
  "hienTaiPS": 77.75514294330617
}