{
  "minPB": 0.2261,
  "maxPB": 1.7735,
  "medianPB": 0.94,
  "hienTaiPB": 1.1361112455,
  "minPE": 1.7733,
  "maxPE": 40.7406,
  "medianPE": 9.44,
  "hienTaiPE": 7.9926014272629375,
  "minPS": 0.2652,
  "maxPS": 5.2862,
  "medianPS": 2.18,
  "hienTaiPS": 1.8650375676281963
}