{
  "minPB": 0.2261,
  "maxPB": 1.7735,
  "medianPB": 0.94,
  "hienTaiPB": 1.14008763485925,
  "minPE": 1.7733,
  "maxPE": 40.7406,
  "medianPE": 9.45,
  "hienTaiPE": 8.020575532258357,
  "minPS": 0.2652,
  "maxPS": 5.2862,
  "medianPS": 2.18,
  "hienTaiPS": 1.871565199114895
}