{
  "minPB": 0.9876,
  "maxPB": 1.1445,
  "medianPB": 1.05,
  "hienTaiPB": 1.1349041273016562,
  "minPE": 6.787,
  "maxPE": 8.0518,
  "medianPE": 7.19,
  "hienTaiPE": 7.98410928824647,
  "minPS": 0.274,
  "maxPS": 5.2862,
  "medianPS": 2.16,
  "hienTaiPS": 1.8630559652125913
}