{
  "minPB": 0.2261,
  "maxPB": 1.7735,
  "medianPB": 0.94,
  "hienTaiPB": 1.1396615931421876,
  "minPE": 1.7733,
  "maxPE": 40.7406,
  "medianPE": 9.44,
  "hienTaiPE": 8.017578306723134,
  "minPS": 0.2652,
  "maxPS": 5.2862,
  "medianPS": 2.18,
  "hienTaiPS": 1.8708658100270343
}