{
  "minPB": 0.2261,
  "maxPB": 1.7735,
  "medianPB": 0.94,
  "hienTaiPB": 1.1339810369146874,
  "minPE": 1.7733,
  "maxPE": 40.7406,
  "medianPE": 9.45,
  "hienTaiPE": 7.9776152995868195,
  "minPS": 0.2652,
  "maxPS": 5.2862,
  "medianPS": 2.18,
  "hienTaiPS": 1.8615406221888935
}