{
  "minPB": 0.9876,
  "maxPB": 1.1445,
  "medianPB": 1.05,
  "hienTaiPB": 1.1445255694119845,
  "minPE": 6.787,
  "maxPE": 8.0518,
  "medianPE": 7.19,
  "hienTaiPE": 8.051796631583604,
  "minPS": 0.274,
  "maxPS": 5.2862,
  "medianPS": 2.16,
  "hienTaiPS": 1.8788505021134425
}