{
  "minPB": 0.9876,
  "maxPB": 1.1361,
  "medianPB": 1.05,
  "hienTaiPB": 1.1503126360687501,
  "minPE": 6.787,
  "maxPE": 7.9926,
  "medianPE": 7.19,
  "hienTaiPE": 8.092508945103724,
  "minPS": 0.274,
  "maxPS": 5.2862,
  "medianPS": 2.16,
  "hienTaiPS": 1.8883505372235487
}