{
  "minPB": 1.3629,
  "maxPB": 2.1577,
  "medianPB": 1.75,
  "hienTaiPB": 1.834616202130668,
  "minPE": 6.1119,
  "maxPE": 11.913,
  "medianPE": 8.59,
  "hienTaiPE": 6.33108157328718,
  "minPS": 2.2645,
  "maxPS": 3.6586,
  "medianPS": 2.64,
  "hienTaiPS": 2.3631299696964634
}