{
  "minPB": 1.3629,
  "maxPB": 2.1577,
  "medianPB": 1.75,
  "hienTaiPB": 1.7859878208693734,
  "minPE": 6.1119,
  "maxPE": 11.9273,
  "medianPE": 8.6,
  "hienTaiPE": 6.163269772549447,
  "minPS": 2.2677,
  "maxPS": 3.6586,
  "medianPS": 2.61,
  "hienTaiPS": 2.3004927897767984
}