{
  "minPB": 1.3629,
  "maxPB": 2.1577,
  "medianPB": 1.75,
  "hienTaiPB": 1.7904085828022183,
  "minPE": 6.1119,
  "maxPE": 11.913,
  "medianPE": 8.6,
  "hienTaiPE": 6.178525390798332,
  "minPS": 2.2677,
  "maxPS": 3.6586,
  "medianPS": 2.61,
  "hienTaiPS": 2.306187078860404
}