{
  "minPB": 1.3629,
  "maxPB": 2.1577,
  "medianPB": 1.75,
  "hienTaiPB": 1.843457725996358,
  "minPE": 6.1119,
  "maxPE": 11.913,
  "medianPE": 8.59,
  "hienTaiPE": 6.361592809784949,
  "minPS": 2.2645,
  "maxPS": 3.6586,
  "medianPS": 2.64,
  "hienTaiPS": 2.3745185478636754
}