{
  "minPB": 1.3629,
  "maxPB": 2.1577,
  "medianPB": 1.75,
  "hienTaiPB": 1.8125123924664432,
  "minPE": 6.1119,
  "maxPE": 11.913,
  "medianPE": 8.59,
  "hienTaiPE": 6.254803482042756,
  "minPS": 2.2677,
  "maxPS": 3.6586,
  "medianPS": 2.61,
  "hienTaiPS": 2.3346585242784337
}