{
  "minPB": 1.3629,
  "maxPB": 2.1577,
  "medianPB": 1.75,
  "hienTaiPB": 1.8390369640635131,
  "minPE": 6.1119,
  "maxPE": 11.913,
  "medianPE": 8.59,
  "hienTaiPE": 6.3463371915360645,
  "minPS": 2.2645,
  "maxPS": 3.6586,
  "medianPS": 2.64,
  "hienTaiPS": 2.3688242587800694
}