{
  "minPB": 1.1163,
  "maxPB": 5.0833,
  "medianPB": 2.41,
  "hienTaiPB": 2.4805687294514627,
  "minPE": 10.3632,
  "maxPE": 27.2492,
  "medianPE": 18.37,
  "hienTaiPE": 25.50188785568468,
  "minPS": 3.1552,
  "maxPS": 10.726,
  "medianPS": 6.16,
  "hienTaiPS": 8.848241418695983
}