{
  "minPB": 1.1246,
  "maxPB": 5.0833,
  "medianPB": 2.41,
  "hienTaiPB": 2.5501173854173915,
  "minPE": 10.3632,
  "maxPE": 27.203,
  "medianPE": 18.39,
  "hienTaiPE": 26.21689405724593,
  "minPS": 3.1552,
  "maxPS": 10.6876,
  "medianPS": 6.03,
  "hienTaiPS": 9.096322953799609
}