{
  "minPB": 1.1163,
  "maxPB": 5.0833,
  "medianPB": 2.41,
  "hienTaiPB": 2.5211387787649215,
  "minPE": 10.3632,
  "maxPE": 27.2492,
  "medianPE": 18.37,
  "hienTaiPE": 25.918974806595408,
  "minPS": 3.1552,
  "maxPS": 10.726,
  "medianPS": 6.15,
  "hienTaiPS": 8.992955647506431
}