{
  "minPB": 1.1246,
  "maxPB": 5.0833,
  "medianPB": 2.41,
  "hienTaiPB": 2.5472195247521445,
  "minPE": 10.3632,
  "maxPE": 27.203,
  "medianPE": 18.39,
  "hienTaiPE": 26.18710213218088,
  "minPS": 3.1552,
  "maxPS": 10.6876,
  "medianPS": 6.03,
  "hienTaiPS": 9.085986223170291
}