{
  "minPB": 1.1205,
  "maxPB": 5.0833,
  "medianPB": 2.41,
  "hienTaiPB": 2.492160172112451,
  "minPE": 10.3632,
  "maxPE": 27.2261,
  "medianPE": 18.38,
  "hienTaiPE": 25.621055555944885,
  "minPS": 3.1529,
  "maxPS": 10.7068,
  "medianPS": 6.03,
  "hienTaiPS": 8.889588341213253
}