{
  "minPB": 1.1163,
  "maxPB": 5.0833,
  "medianPB": 2.41,
  "hienTaiPB": 2.4776708687862157,
  "minPE": 10.3632,
  "maxPE": 27.2492,
  "medianPE": 18.37,
  "hienTaiPE": 25.472095930619624,
  "minPS": 3.1552,
  "maxPS": 10.726,
  "medianPS": 6.17,
  "hienTaiPS": 8.837904688066665
}