{
  "minPB": 1.1246,
  "maxPB": 5.0833,
  "medianPB": 2.42,
  "hienTaiPB": 2.642848926705297,
  "minPE": 10.3632,
  "maxPE": 27.203,
  "medianPE": 18.41,
  "hienTaiPE": 27.1702356593276,
  "minPS": 3.1552,
  "maxPS": 10.6876,
  "medianPS": 6.03,
  "hienTaiPS": 9.427098333937776
}