{
  "minPB": 1.1246,
  "maxPB": 5.0833,
  "medianPB": 2.42,
  "hienTaiPB": 2.584891713400356,
  "minPE": 10.3632,
  "maxPE": 27.203,
  "medianPE": 18.41,
  "hienTaiPE": 26.574397158026557,
  "minPS": 3.1552,
  "maxPS": 10.6876,
  "medianPS": 6.03,
  "hienTaiPS": 9.220363721351422
}