{
  "minPB": 1.1163,
  "maxPB": 5.0833,
  "medianPB": 2.41,
  "hienTaiPB": 2.48346659011671,
  "minPE": 10.3632,
  "maxPE": 27.2492,
  "medianPE": 18.38,
  "hienTaiPE": 25.53167978074973,
  "minPS": 3.1507,
  "maxPS": 10.726,
  "medianPS": 6.02,
  "hienTaiPS": 8.8585781493253
}