{
  "minPB": 1.1246,
  "maxPB": 5.0833,
  "medianPB": 2.41,
  "hienTaiPB": 2.579095992069862,
  "minPE": 10.3632,
  "maxPE": 27.203,
  "medianPE": 18.38,
  "hienTaiPE": 26.514813307896453,
  "minPS": 3.1552,
  "maxPS": 10.6876,
  "medianPS": 6.03,
  "hienTaiPS": 9.199690260092785
}