{
  "minPB": 0.6194,
  "maxPB": 1.2726,
  "medianPB": 0.95,
  "hienTaiPB": 1.0207410962987664,
  "minPE": 6.8187,
  "maxPE": 16.2092,
  "medianPE": 11.8,
  "hienTaiPE": 12.06992009170309,
  "minPS": 0.628,
  "maxPS": 1.2707,
  "medianPS": 0.82,
  "hienTaiPS": 0.9307924123141648
}