{
  "minPB": 0.9311,
  "maxPB": 0.9917,
  "medianPB": 0.96,
  "hienTaiPB": 0.9875462638988065,
  "minPE": 11.6401,
  "maxPE": 13.4003,
  "medianPE": 13.07,
  "hienTaiPE": 11.677402365143639,
  "minPS": 0.628,
  "maxPS": 1.2707,
  "medianPS": 0.82,
  "hienTaiPS": 0.9005227403689887
}