{
  "minPB": 0.9311,
  "maxPB": 0.9917,
  "medianPB": 0.96,
  "hienTaiPB": 0.9709488476988265,
  "minPE": 11.645,
  "maxPE": 13.4003,
  "medianPE": 13.07,
  "hienTaiPE": 11.481143501863915,
  "minPS": 0.628,
  "maxPS": 1.2707,
  "medianPS": 0.82,
  "hienTaiPS": 0.8853879043964007
}