{
  "minPB": 0.9311,
  "maxPB": 0.9917,
  "medianPB": 0.96,
  "hienTaiPB": 0.9843927548208102,
  "minPE": 11.6401,
  "maxPE": 13.4003,
  "medianPE": 13.07,
  "hienTaiPE": 11.640113181120492,
  "minPS": 0.628,
  "maxPS": 1.2707,
  "medianPS": 0.82,
  "hienTaiPS": 0.897647121534197
}