{
  "minPB": 2.0263,
  "maxPB": 3.2209,
  "medianPB": 2.52,
  "hienTaiPB": 2.290638116277009,
  "minPE": 8.7451,
  "maxPE": 35.6078,
  "medianPE": 13.18,
  "hienTaiPE": 11.131658990663,
  "minPS": 3.8334,
  "maxPS": 6.5028,
  "medianPS": 4.7,
  "hienTaiPS": 4.740056847086915
}