{
  "minPB": 2.0263,
  "maxPB": 3.2209,
  "medianPB": 2.52,
  "hienTaiPB": 2.26216499948351,
  "minPE": 8.7451,
  "maxPE": 35.6078,
  "medianPE": 13.18,
  "hienTaiPE": 10.993290112447658,
  "minPS": 3.8334,
  "maxPS": 6.5028,
  "medianPS": 4.69,
  "hienTaiPS": 4.681136936841866
}