{
  "minPB": 2.051,
  "maxPB": 2.2546,
  "medianPB": 2.18,
  "hienTaiPB": 2.225970359491774,
  "minPE": 9.966,
  "maxPE": 10.8174,
  "medianPE": 10.27,
  "hienTaiPE": 10.817397470648496,
  "minPS": 3.8419,
  "maxPS": 6.4778,
  "medianPS": 4.67,
  "hienTaiPS": 4.606238745852396
}