{
  "minPB": 2.0263,
  "maxPB": 3.2209,
  "medianPB": 2.52,
  "hienTaiPB": 2.295343419475935,
  "minPE": 8.7451,
  "maxPE": 35.6078,
  "medianPE": 13.18,
  "hienTaiPE": 11.15452503409689,
  "minPS": 3.8334,
  "maxPS": 6.5028,
  "medianPS": 4.7,
  "hienTaiPS": 4.749793611915546
}