{
  "minPB": 2.0263,
  "maxPB": 3.2209,
  "medianPB": 2.52,
  "hienTaiPB": 2.282253024678923,
  "minPE": 8.7451,
  "maxPE": 35.6078,
  "medianPE": 13.18,
  "hienTaiPE": 11.090910528646194,
  "minPS": 3.8334,
  "maxPS": 6.5028,
  "medianPS": 4.7,
  "hienTaiPS": 4.722705432841021
}