{
  "minPB": 0.4576,
  "maxPB": 2.3968,
  "medianPB": 1.22,
  "hienTaiPB": 2.002402552538409,
  "minPE": 4.0193,
  "maxPE": 17.7657,
  "medianPE": 7.78,
  "hienTaiPE": 12.093879850525614,
  "minPS": 1.4874,
  "maxPS": 9.7695,
  "medianPS": 2.22,
  "hienTaiPS": 2.5905489988247745
}