{
  "minPB": 0.4576,
  "maxPB": 2.3968,
  "medianPB": 1.22,
  "hienTaiPB": 2.0045673120546668,
  "minPE": 4.0193,
  "maxPE": 17.7657,
  "medianPE": 7.78,
  "hienTaiPE": 12.106954315228885,
  "minPS": 1.4879,
  "maxPS": 9.7695,
  "medianPS": 2.22,
  "hienTaiPS": 2.5933495923370176
}