{
  "minPB": 0.4576,
  "maxPB": 2.3968,
  "medianPB": 1.22,
  "hienTaiPB": 2.0002377930221513,
  "minPE": 4.0193,
  "maxPE": 17.7657,
  "medianPE": 7.78,
  "hienTaiPE": 12.080805385822345,
  "minPS": 1.4874,
  "maxPS": 9.7695,
  "medianPS": 2.22,
  "hienTaiPS": 2.5877484053125315
}