{
  "minPB": 0.4576,
  "maxPB": 2.3968,
  "medianPB": 1.22,
  "hienTaiPB": 1.8162332341402434,
  "minPE": 4.0193,
  "maxPE": 17.7836,
  "medianPE": 7.78,
  "hienTaiPE": 10.969475886044314,
  "minPS": 1.4999,
  "maxPS": 9.6576,
  "medianPS": 2.2,
  "hienTaiPS": 2.3496979567718768
}