{
  "minPB": 0.4576,
  "maxPB": 2.3968,
  "medianPB": 1.22,
  "hienTaiPB": 2.0738396165749142,
  "minPE": 4.0193,
  "maxPE": 17.7657,
  "medianPE": 7.79,
  "hienTaiPE": 12.525337185733555,
  "minPS": 1.4879,
  "maxPS": 9.7695,
  "medianPS": 2.22,
  "hienTaiPS": 2.6829685847287936
}