{
  "minPB": 0.4576,
  "maxPB": 2.3968,
  "medianPB": 1.22,
  "hienTaiPB": 1.926635969469388,
  "minPE": 4.0193,
  "maxPE": 17.7747,
  "medianPE": 7.78,
  "hienTaiPE": 11.636273585911132,
  "minPS": 1.4874,
  "maxPS": 9.7695,
  "medianPS": 2.22,
  "hienTaiPS": 2.4925282258962693
}