{
  "minPB": 0.4576,
  "maxPB": 2.3968,
  "medianPB": 1.22,
  "hienTaiPB": 1.844375107851594,
  "minPE": 4.0193,
  "maxPE": 17.7836,
  "medianPE": 7.78,
  "hienTaiPE": 11.139443927186836,
  "minPS": 1.4999,
  "maxPS": 9.6576,
  "medianPS": 2.21,
  "hienTaiPS": 2.3861056724310354
}