{
  "minPB": 0.4576,
  "maxPB": 2.3968,
  "medianPB": 1.22,
  "hienTaiPB": 1.8465398673678517,
  "minPE": 4.0193,
  "maxPE": 17.7836,
  "medianPE": 7.78,
  "hienTaiPE": 11.152518391890107,
  "minPS": 1.4999,
  "maxPS": 9.6576,
  "medianPS": 2.21,
  "hienTaiPS": 2.3889062659432785
}