{
  "minPB": 0.6868,
  "maxPB": 2.1226,
  "medianPB": 1.02,
  "hienTaiPB": 1.0311352608640445,
  "minPE": 3.7914,
  "maxPE": 10.7032,
  "medianPE": 6.02,
  "hienTaiPE": 6.279687797648885,
  "minPS": 0.0452,
  "maxPS": 0.1624,
  "medianPS": 0.08,
  "hienTaiPS": 0.04923917909084056
}