{
  "minPB": 0.6868,
  "maxPB": 2.1226,
  "medianPB": 1.02,
  "hienTaiPB": 1.023608726113212,
  "minPE": 3.7914,
  "maxPE": 10.7032,
  "medianPE": 6.02,
  "hienTaiPE": 6.233850660439769,
  "minPS": 0.0457,
  "maxPS": 0.1628,
  "medianPS": 0.09,
  "hienTaiPS": 0.04887976902448406
}