{
  "minPB": 0.6868,
  "maxPB": 2.1226,
  "medianPB": 1.02,
  "hienTaiPB": 1.053714865116542,
  "minPE": 3.7914,
  "maxPE": 10.7032,
  "medianPE": 6.02,
  "hienTaiPE": 6.417199209276233,
  "minPS": 0.0457,
  "maxPS": 0.1628,
  "medianPS": 0.09,
  "hienTaiPS": 0.05031740928991006
}