{
  "minPB": 0.6868,
  "maxPB": 2.1226,
  "medianPB": 1.02,
  "hienTaiPB": 1.0838210041198717,
  "minPE": 3.7914,
  "maxPE": 10.7032,
  "medianPE": 6.02,
  "hienTaiPE": 6.600547758112697,
  "minPS": 0.0452,
  "maxPS": 0.1624,
  "medianPS": 0.08,
  "hienTaiPS": 0.05175504955533606
}