{
  "minPB": 0.6868,
  "maxPB": 2.1226,
  "medianPB": 1.02,
  "hienTaiPB": 1.0160821913623796,
  "minPE": 3.7914,
  "maxPE": 10.7032,
  "medianPE": 6.01,
  "hienTaiPE": 6.504019607786449,
  "minPS": 0.0452,
  "maxPS": 0.1624,
  "medianPS": 0.08,
  "hienTaiPS": 0.05129616220907713
}