{
  "minPB": 1.5017,
  "maxPB": 2.0833,
  "medianPB": 1.64,
  "hienTaiPB": 2.0946945028648303,
  "minPE": 1.1659,
  "maxPE": 14.1716,
  "medianPE": 11.71,
  "hienTaiPE": 11.814864570983547,
  "minPS": 0.1766,
  "maxPS": 4.3957,
  "medianPS": 1.67,
  "hienTaiPS": 4.609842429499334
}