{
  "minPB": 1.5562,
  "maxPB": 1.933,
  "medianPB": 1.75,
  "hienTaiPB": 1.8377789602243004,
  "minPE": 7.6265,
  "maxPE": 9.6797,
  "medianPE": 8.68,
  "hienTaiPE": 10.36576431396412,
  "minPS": 0.1766,
  "maxPS": 3.5776,
  "medianPS": 1.64,
  "hienTaiPS": 4.0444424785077295
}