{
  "minPB": 1.5017,
  "maxPB": 2.0997,
  "medianPB": 1.64,
  "hienTaiPB": 2.1115193583095277,
  "minPE": 1.1659,
  "maxPE": 14.1716,
  "medianPE": 11.71,
  "hienTaiPE": 11.909763081593857,
  "minPS": 0.1766,
  "maxPS": 4.435,
  "medianPS": 1.67,
  "hienTaiPS": 4.646869276322622
}