{
  "minPB": 1.5562,
  "maxPB": 1.933,
  "medianPB": 1.75,
  "hienTaiPB": 1.6993103999144406,
  "minPE": 7.6265,
  "maxPE": 9.5847,
  "medianPE": 8.67,
  "hienTaiPE": 9.584749571641272,
  "minPS": 0.1766,
  "maxPS": 2.0218,
  "medianPS": 1.64,
  "hienTaiPS": 3.7397115291520704
}