{
  "minPB": 1.5562,
  "maxPB": 1.934,
  "medianPB": 1.75,
  "hienTaiPB": 1.9340171333679699,
  "minPE": 7.6265,
  "maxPE": 10.3658,
  "medianPE": 8.68,
  "hienTaiPE": 10.90858379465509,
  "minPS": 0.1766,
  "maxPS": 3.7767,
  "medianPS": 1.64,
  "hienTaiPS": 4.256236042336936
}