{
  "minPB": 1.5562,
  "maxPB": 1.934,
  "medianPB": 1.76,
  "hienTaiPB": 1.8632686162230172,
  "minPE": 7.6265,
  "maxPE": 10.5095,
  "medianPE": 8.7,
  "hienTaiPE": 10.509535557538738,
  "minPS": 0.1766,
  "maxPS": 3.7767,
  "medianPS": 1.65,
  "hienTaiPS": 4.1005381514450105
}