{
  "minPB": 1.5017,
  "maxPB": 1.934,
  "medianPB": 1.64,
  "hienTaiPB": 2.1274188467047668,
  "minPE": 1.1659,
  "maxPE": 14.1716,
  "medianPE": 11.72,
  "hienTaiPE": 11.999442174120599,
  "minPS": 0.1766,
  "maxPS": 3.9639,
  "medianPS": 1.67,
  "hienTaiPS": 4.681859646570629
}