{
  "minPB": 1.5017,
  "maxPB": 1.933,
  "medianPB": 1.64,
  "hienTaiPB": 2.0833377254396597,
  "minPE": 1.1659,
  "maxPE": 14.1716,
  "medianPE": 11.72,
  "hienTaiPE": 11.750808076321588,
  "minPS": 0.1766,
  "maxPS": 3.9272,
  "medianPS": 1.67,
  "hienTaiPS": 4.584849307893615
}