{
  "minPB": 0.245,
  "maxPB": 0.3243,
  "medianPB": 0.3,
  "hienTaiPB": 0.31326941042842343,
  "minPE": -6.0957,
  "maxPE": -4.604,
  "medianPE": -5.67,
  "hienTaiPE": -5.6564,
  "minPS": 0.0685,
  "maxPS": 0.858,
  "medianPS": 0.34,
  "hienTaiPS": 0.07002534230750782
}