{
  "minPB": 0.7707,
  "maxPB": 2.3605,
  "medianPB": 1.26,
  "hienTaiPB": 2.360451024196487,
  "minPE": 4.4234,
  "maxPE": 12.5794,
  "medianPE": 8.19,
  "hienTaiPE": 14.267455141274201,
  "minPS": 2.886,
  "maxPS": 7.0079,
  "medianPS": 4.7,
  "hienTaiPS": 4.715331048665946
}