{
  "minPB": 0.7741,
  "maxPB": 2.3605,
  "medianPB": 1.26,
  "hienTaiPB": 2.360451024196487,
  "minPE": 4.458,
  "maxPE": 12.6653,
  "medianPE": 8.21,
  "hienTaiPE": 14.267455141274201,
  "minPS": 2.886,
  "maxPS": 7.0079,
  "medianPS": 4.71,
  "hienTaiPS": 4.715331048665946
}