{
  "minPB": 0.8751,
  "maxPB": 2.4255,
  "medianPB": 1.72,
  "hienTaiPB": 2.3545498966359957,
  "minPE": 6.5479,
  "maxPE": 26.9997,
  "medianPE": 11.04,
  "hienTaiPE": 14.231786503421015,
  "minPS": 2.886,
  "maxPS": 7.0079,
  "medianPS": 4.72,
  "hienTaiPS": 4.703542721044281
}