{
  "minPB": 0.8751,
  "maxPB": 2.4255,
  "medianPB": 1.72,
  "hienTaiPB": 2.3634015879767323,
  "minPE": 6.5479,
  "maxPE": 26.9997,
  "medianPE": 11.04,
  "hienTaiPE": 14.285289460200794,
  "minPS": 2.886,
  "maxPS": 7.0079,
  "medianPS": 4.72,
  "hienTaiPS": 4.721225212476778
}