{
  "minPB": 0.8751,
  "maxPB": 2.4255,
  "medianPB": 1.72,
  "hienTaiPB": 2.360451024196487,
  "minPE": 6.5479,
  "maxPE": 26.9997,
  "medianPE": 11.04,
  "hienTaiPE": 14.267455141274201,
  "minPS": 2.886,
  "maxPS": 7.0079,
  "medianPS": 4.72,
  "hienTaiPS": 4.715331048665946
}