{
  "minPB": 0.506,
  "maxPB": 6.7759,
  "medianPB": 4.47,
  "hienTaiPB": 4.937999855210829,
  "minPE": 6.0029,
  "maxPE": 108.1544,
  "medianPE": 21.62,
  "hienTaiPE": 21.576700323865143,
  "minPS": 0.3374,
  "maxPS": 1.9311,
  "medianPS": 1.2,
  "hienTaiPS": 1.3840384527127902
}