{
  "minPB": 0.506,
  "maxPB": 6.7759,
  "medianPB": 4.47,
  "hienTaiPB": 4.197299876929204,
  "minPE": 6.0029,
  "maxPE": 108.1544,
  "medianPE": 21.58,
  "hienTaiPE": 18.34019527528537,
  "minPS": 0.3374,
  "maxPS": 1.9311,
  "medianPS": 1.2,
  "hienTaiPS": 1.1764326848058717
}