{
  "minPB": 3.9961,
  "maxPB": 5.2204,
  "medianPB": 4.34,
  "hienTaiPB": 4.937999855210829,
  "minPE": 21.5767,
  "maxPE": 31.7576,
  "medianPE": 26.39,
  "hienTaiPE": 21.576700323865143,
  "minPS": 0.1977,
  "maxPS": 1.9036,
  "medianPS": 1.07,
  "hienTaiPS": 1.3840384527127902
}