{
  "minPB": 0.5412,
  "maxPB": 3.1989,
  "medianPB": 1.02,
  "hienTaiPB": 1.6309484950862794,
  "minPE": -226.6675,
  "maxPE": 986.0172,
  "medianPE": 15.11,
  "hienTaiPE": 323.6872850129718,
  "minPS": 0.1522,
  "maxPS": 1.9898,
  "medianPS": 0.25,
  "hienTaiPS": 1.8520382223869807
}