{
  "minPB": 0.7673,
  "maxPB": 2.3521,
  "medianPB": 1.26,
  "hienTaiPB": 1.2631495844821818,
  "minPE": 4.3887,
  "maxPE": 12.4689,
  "medianPE": 8.18,
  "hienTaiPE": 8.534440351888925,
  "minPS": 1.6512,
  "maxPS": 6.1333,
  "medianPS": 3.38,
  "hienTaiPS": 5.173097234949806
}