{
  "minPB": 0.7673,
  "maxPB": 2.3521,
  "medianPB": 1.26,
  "hienTaiPB": 1.2582913168495582,
  "minPE": 4.3887,
  "maxPE": 12.4689,
  "medianPE": 8.17,
  "hienTaiPE": 8.501615581304737,
  "minPS": 1.6512,
  "maxPS": 6.0982,
  "medianPS": 3.84,
  "hienTaiPS": 5.153200707123076
}