{
  "minPB": 0.7673,
  "maxPB": 2.3521,
  "medianPB": 1.26,
  "hienTaiPB": 1.2510039154006225,
  "minPE": 4.3887,
  "maxPE": 12.4689,
  "medianPE": 8.16,
  "hienTaiPE": 8.452378425428455,
  "minPS": 1.6512,
  "maxPS": 6.0982,
  "medianPS": 3.83,
  "hienTaiPS": 5.12335591538298
}