{
  "minPB": 0.7741,
  "maxPB": 2.3521,
  "medianPB": 1.26,
  "hienTaiPB": 1.2680078521148057,
  "minPE": 4.458,
  "maxPE": 12.4689,
  "medianPE": 8.21,
  "hienTaiPE": 8.567265122473113,
  "minPS": 1.6538,
  "maxPS": 6.1216,
  "medianPS": 3.37,
  "hienTaiPS": 5.192993762776536
}