{
  "minPB": 0.7673,
  "maxPB": 2.3521,
  "medianPB": 1.26,
  "hienTaiPB": 1.2680078521148057,
  "minPE": 4.3887,
  "maxPE": 12.4689,
  "medianPE": 8.18,
  "hienTaiPE": 8.567265122473113,
  "minPS": 1.6512,
  "maxPS": 6.1333,
  "medianPS": 3.37,
  "hienTaiPS": 5.192993762776536
}