{
  "minPB": 0.7741,
  "maxPB": 2.3521,
  "medianPB": 1.26,
  "hienTaiPB": 1.2825826550126769,
  "minPE": 4.458,
  "maxPE": 12.4689,
  "medianPE": 8.2,
  "hienTaiPE": 8.665739434225678,
  "minPS": 1.6538,
  "maxPS": 6.1216,
  "medianPS": 3.37,
  "hienTaiPS": 5.252683346256726
}