{
  "minPB": 0.7673,
  "maxPB": 2.3521,
  "medianPB": 1.26,
  "hienTaiPB": 1.2558621830332461,
  "minPE": 4.3887,
  "maxPE": 12.4689,
  "medianPE": 8.18,
  "hienTaiPE": 8.485203196012643,
  "minPS": 1.6512,
  "maxPS": 6.1333,
  "medianPS": 3.37,
  "hienTaiPS": 5.14325244320971
}