{
  "minPB": 0.7673,
  "maxPB": 2.3521,
  "medianPB": 1.26,
  "hienTaiPB": 1.2242834434211916,
  "minPE": 4.3887,
  "maxPE": 12.4689,
  "medianPE": 8.16,
  "hienTaiPE": 8.27184218721542,
  "minPS": 1.65,
  "maxPS": 6.1099,
  "medianPS": 3.83,
  "hienTaiPS": 5.0139250123359655
}