{
  "minPB": 0.4024,
  "maxPB": 2.3156,
  "medianPB": 0.96,
  "hienTaiPB": 0.3907719376221648,
  "minPE": 2.4572,
  "maxPE": 91.8382,
  "medianPE": 8.17,
  "hienTaiPE": 20.58751468737192,
  "minPS": 0.2034,
  "maxPS": 1.3648,
  "medianPS": 0.61,
  "hienTaiPS": 1.2624947719562187
}