{
  "minPB": 0.4009,
  "maxPB": 2.3156,
  "medianPB": 0.96,
  "hienTaiPB": 0.42034871271742036,
  "minPE": 2.4572,
  "maxPE": 91.8382,
  "medianPE": 8.17,
  "hienTaiPE": 22.14574401003998,
  "minPS": 0.2017,
  "maxPS": 1.3615,
  "medianPS": 0.59,
  "hienTaiPS": 1.358050568916208
}