{
  "minPB": 0.4024,
  "maxPB": 2.3156,
  "medianPB": 0.95,
  "hienTaiPB": 0.41407485133357824,
  "minPE": 2.4572,
  "maxPE": 91.8382,
  "medianPE": 8.17,
  "hienTaiPE": 21.815210517352813,
  "minPS": 0.2017,
  "maxPS": 1.3648,
  "medianPS": 0.59,
  "hienTaiPS": 1.3377811574398466
}