{
  "minPB": 0.4024,
  "maxPB": 2.3156,
  "medianPB": 0.96,
  "hienTaiPB": 0.4194524468054429,
  "minPE": 2.4572,
  "maxPE": 91.8382,
  "medianPE": 8.17,
  "hienTaiPE": 22.098524939656098,
  "minPS": 0.2017,
  "maxPS": 1.3648,
  "medianPS": 0.59,
  "hienTaiPS": 1.355154938705299
}