{
  "minPB": 0.4024,
  "maxPB": 2.3156,
  "medianPB": 0.95,
  "hienTaiPB": 0.41048978768566846,
  "minPE": 2.4572,
  "maxPE": 91.8382,
  "medianPE": 8.18,
  "hienTaiPE": 21.626334235817293,
  "minPS": 0.2017,
  "maxPS": 1.3648,
  "medianPS": 0.59,
  "hienTaiPS": 1.3261986365962115
}