{
  "minPB": 0.4024,
  "maxPB": 2.3156,
  "medianPB": 0.96,
  "hienTaiPB": 0.4230375104533527,
  "minPE": 2.4572,
  "maxPE": 91.8382,
  "medianPE": 8.17,
  "hienTaiPE": 22.287401221191622,
  "minPS": 0.2017,
  "maxPS": 1.3648,
  "medianPS": 0.59,
  "hienTaiPS": 1.366737459548934
}