{
  "minPB": 0.4024,
  "maxPB": 2.3156,
  "medianPB": 0.96,
  "hienTaiPB": 0.42214124454137525,
  "minPE": 2.4572,
  "maxPE": 91.8382,
  "medianPE": 8.17,
  "hienTaiPE": 22.24018215080774,
  "minPS": 0.2017,
  "maxPS": 1.3638,
  "medianPS": 0.59,
  "hienTaiPS": 1.3638418293380252
}