{
  "minPB": 0.5886,
  "maxPB": 2.4187,
  "medianPB": 1.49,
  "hienTaiPB": 1.195050684997533,
  "minPE": 7.3332,
  "maxPE": 31.5592,
  "medianPE": 16.7,
  "hienTaiPE": 10.657003800137547,
  "minPS": 1.5768,
  "maxPS": 10.1902,
  "medianPS": 3.65,
  "hienTaiPS": 2.1043497002881475
}