{
  "minPB": 0.5886,
  "maxPB": 2.4187,
  "medianPB": 1.5,
  "hienTaiPB": 1.072750176298955,
  "minPE": 7.3332,
  "maxPE": 31.5592,
  "medianPE": 16.73,
  "hienTaiPE": 9.566374756263821,
  "minPS": 1.5944,
  "maxPS": 10.1108,
  "medianPS": 3.56,
  "hienTaiPS": 1.8889922748200623
}