{
  "minPB": 0.5886,
  "maxPB": 2.4187,
  "medianPB": 1.5,
  "hienTaiPB": 1.0692558760504245,
  "minPE": 7.3332,
  "maxPE": 31.5592,
  "medianPE": 16.74,
  "hienTaiPE": 9.535213926438859,
  "minPS": 1.5944,
  "maxPS": 10.1108,
  "medianPS": 3.56,
  "hienTaiPS": 1.8828392055209742
}