{
  "minPB": 0.5886,
  "maxPB": 2.4187,
  "medianPB": 1.5,
  "hienTaiPB": 1.1775791837548792,
  "minPE": 7.3332,
  "maxPE": 31.5592,
  "medianPE": 16.71,
  "hienTaiPE": 10.50119965101273,
  "minPS": 1.5768,
  "maxPS": 10.1902,
  "medianPS": 3.66,
  "hienTaiPS": 2.0735843537927066
}