{
  "minPB": 0.5886,
  "maxPB": 2.4187,
  "medianPB": 1.5,
  "hienTaiPB": 1.1007045782872016,
  "minPE": 7.3332,
  "maxPE": 31.5592,
  "medianPE": 16.71,
  "hienTaiPE": 9.81566139486353,
  "minPS": 1.5768,
  "maxPS": 10.1902,
  "medianPS": 3.67,
  "hienTaiPS": 1.9382168292127675
}