{
  "minPB": 0.5886,
  "maxPB": 2.4187,
  "medianPB": 1.5,
  "hienTaiPB": 1.18107348400341,
  "minPE": 7.3332,
  "maxPE": 31.5592,
  "medianPE": 16.7,
  "hienTaiPE": 10.532360480837692,
  "minPS": 1.5768,
  "maxPS": 10.1902,
  "medianPS": 3.66,
  "hienTaiPS": 2.079737423091795
}