{
  "minPB": 0.4187,
  "maxPB": 1.9571,
  "medianPB": 0.81,
  "hienTaiPB": 0.9395795353417634,
  "minPE": -9.9935,
  "maxPE": 25.6167,
  "medianPE": 10.71,
  "hienTaiPE": 20.116117324412006,
  "minPS": 1.3639,
  "maxPS": 11.9841,
  "medianPS": 3.94,
  "hienTaiPS": 5.128790401302365
}