{
  "minPB": 0.4187,
  "maxPB": 1.9576,
  "medianPB": 0.81,
  "hienTaiPB": 0.8553413701042261,
  "minPE": -10.4409,
  "maxPE": 25.6712,
  "medianPE": 10.57,
  "hienTaiPE": 18.312603357395755,
  "minPS": 1.3639,
  "maxPS": 11.8529,
  "medianPS": 3.99,
  "hienTaiPS": 4.668967813599394
}