{
  "minPB": 0.4187,
  "maxPB": 1.9571,
  "medianPB": 0.81,
  "hienTaiPB": 0.9173628763780173,
  "minPE": -9.9935,
  "maxPE": 25.6167,
  "medianPE": 10.67,
  "hienTaiPE": 19.64046528915497,
  "minPS": 1.3639,
  "maxPS": 11.9841,
  "medianPS": 3.93,
  "hienTaiPS": 5.007518510040043
}