{
  "minPB": 0.4187,
  "maxPB": 1.9571,
  "medianPB": 0.81,
  "hienTaiPB": 0.9238427352424433,
  "minPE": -9.9935,
  "maxPE": 25.6167,
  "medianPE": 10.75,
  "hienTaiPE": 19.779197132771607,
  "minPS": 1.3639,
  "maxPS": 11.9841,
  "medianPS": 3.95,
  "hienTaiPS": 5.042889478324887
}