{
  "minPB": 0.4187,
  "maxPB": 1.9571,
  "medianPB": 0.81,
  "hienTaiPB": 0.9081059351431231,
  "minPE": -9.9935,
  "maxPE": 25.6167,
  "medianPE": 10.8,
  "hienTaiPE": 19.442276941131208,
  "minPS": 1.3639,
  "maxPS": 11.9841,
  "medianPS": 3.95,
  "hienTaiPS": 4.956988555347409
}