{
  "minPB": 0.4187,
  "maxPB": 1.9571,
  "medianPB": 0.81,
  "hienTaiPB": 0.9219913469954645,
  "minPE": -9.9935,
  "maxPE": 25.6167,
  "medianPE": 10.73,
  "hienTaiPE": 19.739559463166852,
  "minPS": 1.3639,
  "maxPS": 11.9841,
  "medianPS": 3.94,
  "hienTaiPS": 5.03278348738636
}