{
  "minPB": 0.4187,
  "maxPB": 1.9576,
  "medianPB": 0.81,
  "hienTaiPB": 0.9044031586491654,
  "minPE": -10.4409,
  "maxPE": 25.6712,
  "medianPE": 10.57,
  "hienTaiPE": 19.363001601921702,
  "minPS": 1.3639,
  "maxPS": 11.8529,
  "medianPS": 4,
  "hienTaiPS": 4.936776573470356
}