{
  "minPB": 0.4187,
  "maxPB": 1.9571,
  "medianPB": 0.81,
  "hienTaiPB": 0.9534649471941048,
  "minPE": -9.9935,
  "maxPE": 25.6167,
  "medianPE": 10.7,
  "hienTaiPE": 20.41339984644765,
  "minPS": 1.3639,
  "maxPS": 11.9841,
  "medianPS": 3.93,
  "hienTaiPS": 5.204585333341316
}