{
  "minPB": -1.0998,
  "maxPB": 8.1732,
  "medianPB": 0,
  "hienTaiPB": -2.2807,
  "minPE": -49.4428,
  "maxPE": 20123.134,
  "medianPE": -6.62,
  "hienTaiPE": 2.557450669169558,
  "minPS": 0.1491,
  "maxPS": 0.5041,
  "medianPS": 0.25,
  "hienTaiPS": 0.35045835270081505
}