{
  "minPB": -2.0092,
  "maxPB": -0.9051,
  "medianPB": -0.91,
  "hienTaiPB": -2.0092,
  "minPE": 2.253,
  "maxPE": 6.1354,
  "medianPE": 5.82,
  "hienTaiPE": 2.252992256173182,
  "minPS": 0.1491,
  "maxPS": 0.5041,
  "medianPS": 0.26,
  "hienTaiPS": 0.3087371202364323
}