{
  "minPB": 0.731,
  "maxPB": 2.4352,
  "medianPB": 1.16,
  "hienTaiPB": 1.905032309995718,
  "minPE": 3.4313,
  "maxPE": 10.8483,
  "medianPE": 6.48,
  "hienTaiPE": 8.33531782873614,
  "minPS": 0.3176,
  "maxPS": 1.3864,
  "medianPS": 0.72,
  "hienTaiPS": 0.7295241583330684
}