{
  "minPB": 0.731,
  "maxPB": 2.4352,
  "medianPB": 1.16,
  "hienTaiPB": 1.987124957067777,
  "minPE": 3.4313,
  "maxPE": 10.8483,
  "medianPE": 6.48,
  "hienTaiPE": 8.694507697148088,
  "minPS": 0.3176,
  "maxPS": 1.3864,
  "medianPS": 0.72,
  "hienTaiPS": 0.7609611943068635
}