{
  "minPB": 0.731,
  "maxPB": 2.4352,
  "medianPB": 1.16,
  "hienTaiPB": 2.037829239082872,
  "minPE": 3.4313,
  "maxPE": 10.8483,
  "medianPE": 6.49,
  "hienTaiPE": 8.91636026293194,
  "minPS": 0.3172,
  "maxPS": 1.3798,
  "medianPS": 0.72,
  "hienTaiPS": 0.7803781871142075
}