{
  "minPB": 0.4774,
  "maxPB": 3.3503,
  "medianPB": 1.42,
  "hienTaiPB": 1.862674841126715,
  "minPE": -16.2002,
  "maxPE": 36.3503,
  "medianPE": 9.62,
  "hienTaiPE": 15.256249174439603,
  "minPS": 0.1351,
  "maxPS": 1.613,
  "medianPS": 0.48,
  "hienTaiPS": 1.1053036649105024
}