{
  "minPB": 0.4774,
  "maxPB": 3.3503,
  "medianPB": 1.42,
  "hienTaiPB": 1.939253976070256,
  "minPE": -16.2002,
  "maxPE": 36.3503,
  "medianPE": 9.61,
  "hienTaiPE": 15.883471026834943,
  "minPS": 0.1352,
  "maxPS": 1.6178,
  "medianPS": 0.48,
  "hienTaiPS": 1.1507454117145617
}