{
  "minPB": 0.4774,
  "maxPB": 3.3503,
  "medianPB": 1.42,
  "hienTaiPB": 1.851413203635018,
  "minPE": -16.2002,
  "maxPE": 36.3503,
  "medianPE": 9.63,
  "hienTaiPE": 15.164010666734406,
  "minPS": 0.1351,
  "maxPS": 1.613,
  "medianPS": 0.48,
  "hienTaiPS": 1.098621055086376
}