{
  "minPB": 0.4774,
  "maxPB": 3.3503,
  "medianPB": 1.42,
  "hienTaiPB": 1.8469085486383392,
  "minPE": -16.2002,
  "maxPE": 36.3503,
  "medianPE": 9.64,
  "hienTaiPE": 15.127115263652327,
  "minPS": 0.1351,
  "maxPS": 1.611,
  "medianPS": 0.48,
  "hienTaiPS": 1.0959480111567255
}