{
  "minPB": 0.4774,
  "maxPB": 3.3503,
  "medianPB": 1.42,
  "hienTaiPB": 1.855917858631697,
  "minPE": -16.2002,
  "maxPE": 36.3503,
  "medianPE": 9.63,
  "hienTaiPE": 15.200906069816485,
  "minPS": 0.1351,
  "maxPS": 1.613,
  "medianPS": 0.48,
  "hienTaiPS": 1.1012940990160265
}