{
  "minPB": 0.4666,
  "maxPB": 1.5442,
  "medianPB": 0.91,
  "hienTaiPB": 1.0901188802739767,
  "minPE": -5.5827,
  "maxPE": 22.255,
  "medianPE": 7.84,
  "hienTaiPE": 17.802616882312623,
  "minPS": 0.1087,
  "maxPS": 3.3197,
  "medianPS": 1.07,
  "hienTaiPS": 0.08094914249762722
}