{
  "minPB": 0.4666,
  "maxPB": 1.5472,
  "medianPB": 0.91,
  "hienTaiPB": 1.0295567202587559,
  "minPE": -5.5827,
  "maxPE": 22.5062,
  "medianPE": 7.84,
  "hienTaiPE": 16.93499060559196,
  "minPS": 0.1153,
  "maxPS": 3.3788,
  "medianPS": 1.07,
  "hienTaiPS": 0.12779746341619302
}