{
  "minPB": 0.4666,
  "maxPB": 1.5442,
  "medianPB": 0.91,
  "hienTaiPB": 1.099436135660934,
  "minPE": -5.5827,
  "maxPE": 22.255,
  "medianPE": 7.84,
  "hienTaiPE": 17.954776000964866,
  "minPS": 0.1099,
  "maxPS": 3.3197,
  "medianPS": 1.07,
  "hienTaiPS": 0.08164101551042745
}