{
  "minPB": 0.4666,
  "maxPB": 1.5501,
  "medianPB": 0.91,
  "hienTaiPB": 1.0575084864196271,
  "minPE": -5.5827,
  "maxPE": 22.7574,
  "medianPE": 7.83,
  "hienTaiPE": 17.394764106196266,
  "minPS": 0.1153,
  "maxPS": 3.3788,
  "medianPS": 1.07,
  "hienTaiPS": 0.13126707780758287
}