{
  "minPB": 0.4666,
  "maxPB": 1.5442,
  "medianPB": 0.91,
  "hienTaiPB": 1.118070646434848,
  "minPE": -5.5827,
  "maxPE": 22.255,
  "medianPE": 7.85,
  "hienTaiPE": 18.259094238269356,
  "minPS": 0.1085,
  "maxPS": 3.3197,
  "medianPS": 1.07,
  "hienTaiPS": 0.08302476153602792
}