{
  "minPB": 0.1936,
  "maxPB": 0.7429,
  "medianPB": 0.38,
  "hienTaiPB": 0.4072246347208612,
  "minPE": -169.977,
  "maxPE": 122.7376,
  "medianPE": 2.49,
  "hienTaiPE": -2.4435,
  "minPS": 0.0629,
  "maxPS": 0.4187,
  "medianPS": 0.14,
  "hienTaiPS": 0.16346210477446035
}