{
  "minPB": 0.1936,
  "maxPB": 0.7429,
  "medianPB": 0.38,
  "hienTaiPB": 0.3935259467027282,
  "minPE": -169.977,
  "maxPE": 122.2365,
  "medianPE": 2.49,
  "hienTaiPE": -2.4287,
  "minPS": 0.0629,
  "maxPS": 0.4187,
  "medianPS": 0.14,
  "hienTaiPS": 0.157963379537399
}