{
  "minPB": 0.1936,
  "maxPB": 0.7429,
  "medianPB": 0.38,
  "hienTaiPB": 0.4084699699952369,
  "minPE": -169.977,
  "maxPE": 121.7354,
  "medianPE": 2.48,
  "hienTaiPE": -2.347,
  "minPS": 0.0629,
  "maxPS": 0.4187,
  "medianPS": 0.14,
  "hienTaiPS": 0.16396198888692048
}