{
  "minPB": 0.1936,
  "maxPB": 0.7429,
  "medianPB": 0.38,
  "hienTaiPB": 0.4047339641721097,
  "minPE": -169.977,
  "maxPE": 122.7376,
  "medianPE": 2.53,
  "hienTaiPE": -3.8772,
  "minPS": 0.0629,
  "maxPS": 0.3645,
  "medianPS": 0.14,
  "hienTaiPS": 0.16246233654954012
}