{
  "minPB": 0.1936,
  "maxPB": 0.7429,
  "medianPB": 0.38,
  "hienTaiPB": 0.3935259467027282,
  "minPE": -169.977,
  "maxPE": 121.7354,
  "medianPE": 2.48,
  "hienTaiPE": -2.4213,
  "minPS": 0.0629,
  "maxPS": 0.4176,
  "medianPS": 0.15,
  "hienTaiPS": 0.157963379537399
}