{
  "minPB": 0.6841,
  "maxPB": 4.395,
  "medianPB": 1.65,
  "hienTaiPB": 0.6995413357770122,
  "minPE": 3.0337,
  "maxPE": 275.4346,
  "medianPE": 10.9,
  "hienTaiPE": 20.41058633340961,
  "minPS": 2.2935,
  "maxPS": 11.6083,
  "medianPS": 5.08,
  "hienTaiPS": 8.679698143238223
}