{
  "minPB": 0.6841,
  "maxPB": 4.395,
  "medianPB": 1.65,
  "hienTaiPB": 0.6881357705197783,
  "minPE": 3.0337,
  "maxPE": 275.4346,
  "medianPE": 10.9,
  "hienTaiPE": 20.077805034495327,
  "minPS": 2.2938,
  "maxPS": 11.6082,
  "medianPS": 5.08,
  "hienTaiPS": 8.538181325685425
}