{
  "minPB": 0.6841,
  "maxPB": 4.395,
  "medianPB": 1.65,
  "hienTaiPB": 0.6919376256055229,
  "minPE": 3.0337,
  "maxPE": 275.4346,
  "medianPE": 10.9,
  "hienTaiPE": 20.18873213413342,
  "minPS": 2.2938,
  "maxPS": 11.6082,
  "medianPS": 5.08,
  "hienTaiPS": 8.585353598203024
}