{
  "minPB": 1.7498,
  "maxPB": 2.2213,
  "medianPB": 1.8,
  "hienTaiPB": 2.221300908038921,
  "minPE": 6.3075,
  "maxPE": 7.8455,
  "medianPE": 6.49,
  "hienTaiPE": 7.845535299033191,
  "minPS": 0.3734,
  "maxPS": 0.8133,
  "medianPS": 0.58,
  "hienTaiPS": 0.7137072429575284
}