{
  "minPB": 0.8224,
  "maxPB": 2.2136,
  "medianPB": 1.55,
  "hienTaiPB": 2.0901836749527223,
  "minPE": 4.5916,
  "maxPE": 8.8186,
  "medianPE": 6.3,
  "hienTaiPE": 7.382435105463507,
  "minPS": 0.3733,
  "maxPS": 0.8184,
  "medianPS": 0.58,
  "hienTaiPS": 0.6715790834670669
}