{
  "minPB": 0.8224,
  "maxPB": 2.2136,
  "medianPB": 1.55,
  "hienTaiPB": 2.1732108883803467,
  "minPE": 4.5916,
  "maxPE": 8.8186,
  "medianPE": 6.31,
  "hienTaiPE": 7.675683503899482,
  "minPS": 0.3733,
  "maxPS": 0.8184,
  "medianPS": 0.58,
  "hienTaiPS": 0.6982558490378293
}