{
  "minPB": 1.7498,
  "maxPB": 2.175,
  "medianPB": 1.8,
  "hienTaiPB": 2.2990079755731423,
  "minPE": 6.3075,
  "maxPE": 7.6819,
  "medianPE": 6.49,
  "hienTaiPE": 8.099587129361387,
  "minPS": 0.3734,
  "maxPS": 0.8133,
  "medianPS": 0.58,
  "hienTaiPS": 0.7368183022391296
}