{
  "minPB": 1.7498,
  "maxPB": 2.0085,
  "medianPB": 1.8,
  "hienTaiPB": 2.17803853786215,
  "minPE": 6.3075,
  "maxPE": 7.2401,
  "medianPE": 6.49,
  "hienTaiPE": 7.67340222215776,
  "minPS": 0.3734,
  "maxPS": 0.8138,
  "medianPS": 0.58,
  "hienTaiPS": 0.698048321158566
}