{
  "minPB": 2.6832,
  "maxPB": 4.0344,
  "medianPB": 3.55,
  "hienTaiPB": 3.895153525264533,
  "minPE": 7.9975,
  "maxPE": 13.0672,
  "medianPE": 9.93,
  "hienTaiPE": 11.060330806360863,
  "minPS": 4.2356,
  "maxPS": 6.8968,
  "medianPS": 5.06,
  "hienTaiPS": 5.353034333763029
}