{
  "minPB": 0.5407,
  "maxPB": 2.6261,
  "medianPB": 0.81,
  "hienTaiPB": 1.0481164658066702,
  "minPE": -2.5704,
  "maxPE": 178.0118,
  "medianPE": 6.25,
  "hienTaiPE": 2.962547047691219,
  "minPS": 0.3564,
  "maxPS": 2.1127,
  "medianPS": 0.59,
  "hienTaiPS": 1.0593110929991165
}