{
  "minPB": 0.5406,
  "maxPB": 2.6261,
  "medianPB": 0.81,
  "hienTaiPB": 1.08615295045288,
  "minPE": -2.5705,
  "maxPE": 178.0118,
  "medianPE": 6.24,
  "hienTaiPE": 3.070058835712271,
  "minPS": 0.3564,
  "maxPS": 2.0941,
  "medianPS": 0.59,
  "hienTaiPS": 1.09775383427731
}