{
  "minPB": 0.5406,
  "maxPB": 2.6261,
  "medianPB": 0.81,
  "hienTaiPB": 1.1453208154580952,
  "minPE": -2.5705,
  "maxPE": 178.0118,
  "medianPE": 6.25,
  "hienTaiPE": 3.23729939485613,
  "minPS": 0.3564,
  "maxPS": 2.0941,
  "medianPS": 0.59,
  "hienTaiPS": 1.1575536540433893
}