{
  "minPB": 0.5407,
  "maxPB": 2.6261,
  "medianPB": 0.81,
  "hienTaiPB": 1.0523427418784712,
  "minPE": -2.5704,
  "maxPE": 178.0118,
  "medianPE": 6.26,
  "hienTaiPE": 2.97449280191578,
  "minPS": 0.3564,
  "maxPS": 2.1127,
  "medianPS": 0.59,
  "hienTaiPS": 1.0635825086966935
}