{
  "minPB": 0.5406,
  "maxPB": 2.6261,
  "medianPB": 0.81,
  "hienTaiPB": 1.1199631590272887,
  "minPE": -2.5705,
  "maxPE": 178.0118,
  "medianPE": 6.24,
  "hienTaiPE": 3.1656248695087617,
  "minPS": 0.3564,
  "maxPS": 2.0941,
  "medianPS": 0.59,
  "hienTaiPS": 1.1319251598579267
}