{
  "minPB": 0.4184,
  "maxPB": 1.1318,
  "medianPB": 0.7,
  "hienTaiPB": 0.46215652543616303,
  "minPE": -232.4349,
  "maxPE": 87.2157,
  "medianPE": 6.77,
  "hienTaiPE": 23.580853159987495,
  "minPS": 0.3075,
  "maxPS": 1.2334,
  "medianPS": 0.86,
  "hienTaiPS": 0.7380030126689936
}