{
  "minPB": 0.4184,
  "maxPB": 1.1318,
  "medianPB": 0.7,
  "hienTaiPB": 0.5248218170207275,
  "minPE": -234.1825,
  "maxPE": 87.2157,
  "medianPE": 6.75,
  "hienTaiPE": 26.778256978290884,
  "minPS": 0.3075,
  "maxPS": 1.2484,
  "medianPS": 0.86,
  "hienTaiPS": 0.8380712177766537
}