{
  "minPB": 0.4329,
  "maxPB": 0.5773,
  "medianPB": 0.49,
  "hienTaiPB": 0.46215652543616303,
  "minPE": -120.8177,
  "maxPE": -90.6133,
  "medianPE": -101.83,
  "hienTaiPE": 23.580853159987495,
  "minPS": 0.3075,
  "maxPS": 1.2484,
  "medianPS": 0.84,
  "hienTaiPS": 0.7380030126689936
}