{
  "minPB": 0.4329,
  "maxPB": 0.5773,
  "medianPB": 0.49,
  "hienTaiPB": 0.5248218170207275,
  "minPE": -120.8177,
  "maxPE": 23.5809,
  "medianPE": -101.83,
  "hienTaiPE": 26.778256978290884,
  "minPS": 0.3075,
  "maxPS": 1.2484,
  "medianPS": 0.84,
  "hienTaiPS": 0.8380712177766537
}