{
  "minPB": 0.1474,
  "maxPB": 1.2062,
  "medianPB": 0.34,
  "hienTaiPB": 0.40157277282725085,
  "minPE": -11.1225,
  "maxPE": 176.6347,
  "medianPE": 8.51,
  "hienTaiPE": 17.334819173055624,
  "minPS": 0.0309,
  "maxPS": 0.7328,
  "medianPS": 0.07,
  "hienTaiPS": 0.06666409145037014
}