{
  "minPB": 0.1474,
  "maxPB": 1.2062,
  "medianPB": 0.34,
  "hienTaiPB": 0.34352552367449657,
  "minPE": -13.297,
  "maxPE": 177.6557,
  "medianPE": 8.42,
  "hienTaiPE": 14.829075169367488,
  "minPS": 0.0308,
  "maxPS": 0.7428,
  "medianPS": 0.07,
  "hienTaiPS": 0.0570278128283972
}