{
  "minPB": 0.1474,
  "maxPB": 1.2062,
  "medianPB": 0.34,
  "hienTaiPB": 0.3425739294260908,
  "minPE": -11.1225,
  "maxPE": 176.6347,
  "medianPE": 8.46,
  "hienTaiPE": 14.787997398815225,
  "minPS": 0.0309,
  "maxPS": 0.7328,
  "medianPS": 0.07,
  "hienTaiPS": 0.05686984104770912
}