{
  "minPB": 0.1474,
  "maxPB": 1.2062,
  "medianPB": 0.34,
  "hienTaiPB": 0.3682669741330476,
  "minPE": -13.297,
  "maxPE": 177.6557,
  "medianPE": 8.35,
  "hienTaiPE": 15.897097203726366,
  "minPS": 0.031,
  "maxPS": 0.7299,
  "medianPS": 0.07,
  "hienTaiPS": 0.0611350791262873
}