{
  "minPB": 0.1474,
  "maxPB": 1.2062,
  "medianPB": 0.34,
  "hienTaiPB": 0.3616058143942069,
  "minPE": -13.297,
  "maxPE": 177.6557,
  "medianPE": 8.37,
  "hienTaiPE": 15.609552809860515,
  "minPS": 0.031,
  "maxPS": 0.7299,
  "medianPS": 0.07,
  "hienTaiPS": 0.06002927666147074
}