{
  "minPB": 0.1474,
  "maxPB": 1.2062,
  "medianPB": 0.34,
  "hienTaiPB": 0.3577994374005837,
  "minPE": -12.2097,
  "maxPE": 177.1452,
  "medianPE": 8.42,
  "hienTaiPE": 15.445241727651457,
  "minPS": 0.0309,
  "maxPS": 0.7378,
  "medianPS": 0.07,
  "hienTaiPS": 0.05939738953871841
}