{
  "minPB": 0.1474,
  "maxPB": 1.2062,
  "medianPB": 0.34,
  "hienTaiPB": 0.3473319006681198,
  "minPE": -13.297,
  "maxPE": 177.6557,
  "medianPE": 8.32,
  "hienTaiPE": 14.993386251576547,
  "minPS": 0.031,
  "maxPS": 0.7299,
  "medianPS": 0.07,
  "hienTaiPS": 0.05765969995114952
}