{
  "minPB": 0.1474,
  "maxPB": 1.2062,
  "medianPB": 0.34,
  "hienTaiPB": 0.35304146615855464,
  "minPE": -11.1225,
  "maxPE": 176.6347,
  "medianPE": 8.42,
  "hienTaiPE": 15.239852874890135,
  "minPS": 0.0309,
  "maxPS": 0.7328,
  "medianPS": 0.07,
  "hienTaiPS": 0.05860753063527801
}