{
  "minPB": 0.3181,
  "maxPB": 2.3089,
  "medianPB": 0.57,
  "hienTaiPB": 3.558307055696968,
  "minPE": -44.2343,
  "maxPE": 106.3529,
  "medianPE": 6.99,
  "hienTaiPE": -1.0794,
  "minPS": 0.2165,
  "maxPS": 5.0029,
  "medianPS": 1.18,
  "hienTaiPS": 6.3529078081718975
}