{
  "minPB": 0.3181,
  "maxPB": 2.3176,
  "medianPB": 0.57,
  "hienTaiPB": 4.101757587839778,
  "minPE": -44.2343,
  "maxPE": 105.1969,
  "medianPE": 6.99,
  "hienTaiPE": -1.1615,
  "minPS": 0.2165,
  "maxPS": 5.0145,
  "medianPS": 1.18,
  "hienTaiPS": 7.323170091601788
}