{
  "minPB": 0.3181,
  "maxPB": 2.3366,
  "medianPB": 0.57,
  "hienTaiPB": 4.088818289455426,
  "minPE": -44.2343,
  "maxPE": 104.0409,
  "medianPE": 6.98,
  "hienTaiPE": -1.2319,
  "minPS": 0.2165,
  "maxPS": 5.0419,
  "medianPS": 1.18,
  "hienTaiPS": 7.300068608662981
}