{
  "minPB": 0.3181,
  "maxPB": 2.2969,
  "medianPB": 0.57,
  "hienTaiPB": 3.2736424912412105,
  "minPE": -44.2343,
  "maxPE": 106.3529,
  "medianPE": 7.02,
  "hienTaiPE": -0.9894,
  "minPS": 0.214,
  "maxPS": 4.9917,
  "medianPS": 1.13,
  "hienTaiPS": 5.844675183518146
}