{
  "minPB": 0.3181,
  "maxPB": 2.319,
  "medianPB": 0.57,
  "hienTaiPB": 4.308786361989419,
  "minPE": -44.2343,
  "maxPE": 104.0409,
  "medianPE": 6.99,
  "hienTaiPE": -1.2397,
  "minPS": 0.2165,
  "maxPS": 5.0145,
  "medianPS": 1.18,
  "hienTaiPS": 7.692793818622698
}