{
  "minPB": 0.3181,
  "maxPB": 2.3133,
  "medianPB": 0.57,
  "hienTaiPB": 3.8429716201527255,
  "minPE": -44.2343,
  "maxPE": 106.3529,
  "medianPE": 6.99,
  "hienTaiPE": -1.1263,
  "minPS": 0.2165,
  "maxPS": 5.0029,
  "medianPS": 1.18,
  "hienTaiPS": 6.86114043282565
}