{
  "minPB": 0.3181,
  "maxPB": 2.319,
  "medianPB": 0.57,
  "hienTaiPB": 4.36054355552683,
  "minPE": -44.2343,
  "maxPE": 104.0409,
  "medianPE": 6.99,
  "hienTaiPE": -1.3023,
  "minPS": 0.2165,
  "maxPS": 5.0325,
  "medianPS": 1.18,
  "hienTaiPS": 7.7851997503779256
}