{
  "minPB": 1.2331,
  "maxPB": 2.8062,
  "medianPB": 1.84,
  "hienTaiPB": 2.2714510477360164,
  "minPE": 9.6512,
  "maxPE": 27.8788,
  "medianPE": 13.16,
  "hienTaiPE": 27.983267711166008,
  "minPS": 4.5252,
  "maxPS": 9.8393,
  "medianPS": 7.56,
  "hienTaiPS": 10.506863261540225
}