{
  "minPB": 1.2331,
  "maxPB": 2.8062,
  "medianPB": 1.84,
  "hienTaiPB": 2.336973674113017,
  "minPE": 9.6512,
  "maxPE": 27.8788,
  "medianPE": 13.16,
  "hienTaiPE": 28.79047735668041,
  "minPS": 4.5252,
  "maxPS": 9.7528,
  "medianPS": 7.56,
  "hienTaiPS": 10.809945855623116
}