{
  "minPB": 1.2331,
  "maxPB": 2.8062,
  "medianPB": 1.85,
  "hienTaiPB": 2.2845555730114167,
  "minPE": 9.6511,
  "maxPE": 27.9344,
  "medianPE": 13.19,
  "hienTaiPE": 28.144709640268886,
  "minPS": 4.5252,
  "maxPS": 9.8393,
  "medianPS": 7.53,
  "hienTaiPS": 10.567479780356804
}