{
  "minPB": 1.2331,
  "maxPB": 2.8062,
  "medianPB": 1.85,
  "hienTaiPB": 2.5450317983458444,
  "minPE": 9.6511,
  "maxPE": 27.9344,
  "medianPE": 13.19,
  "hienTaiPE": 29.436245073091932,
  "minPS": 4.5252,
  "maxPS": 9.8766,
  "medianPS": 7.53,
  "hienTaiPS": 11.052411930889429
}