{
  "minPB": 1.2331,
  "maxPB": 2.8062,
  "medianPB": 1.84,
  "hienTaiPB": 2.293291923195017,
  "minPE": 9.6512,
  "maxPE": 27.8788,
  "medianPE": 13.16,
  "hienTaiPE": 28.25233759300414,
  "minPS": 4.5252,
  "maxPS": 9.7476,
  "medianPS": 7.55,
  "hienTaiPS": 10.607890792901188
}