{
  "minPB": 1.2331,
  "maxPB": 2.8062,
  "medianPB": 1.84,
  "hienTaiPB": 2.315132798654017,
  "minPE": 9.6511,
  "maxPE": 27.8787,
  "medianPE": 13.18,
  "hienTaiPE": 28.521407474842274,
  "minPS": 4.5252,
  "maxPS": 9.8134,
  "medianPS": 7.52,
  "hienTaiPS": 10.708918324262152
}