{
  "minPB": 1.2331,
  "maxPB": 2.8062,
  "medianPB": 1.84,
  "hienTaiPB": 2.3063964484704167,
  "minPE": 9.6511,
  "maxPE": 27.8787,
  "medianPE": 13.18,
  "hienTaiPE": 28.41377952210702,
  "minPS": 4.5252,
  "maxPS": 9.8295,
  "medianPS": 7.53,
  "hienTaiPS": 10.668507311717766
}