{
  "minPB": 1.2331,
  "maxPB": 2.8062,
  "medianPB": 1.84,
  "hienTaiPB": 2.3850236001228176,
  "minPE": 9.6511,
  "maxPE": 27.8787,
  "medianPE": 13.19,
  "hienTaiPE": 29.382431096724307,
  "minPS": 4.5252,
  "maxPS": 9.8316,
  "medianPS": 7.53,
  "hienTaiPS": 11.032206424617236
}