{
  "minPB": 1.2331,
  "maxPB": 2.8062,
  "medianPB": 1.84,
  "hienTaiPB": 2.358814549572017,
  "minPE": 9.6512,
  "maxPE": 27.8788,
  "medianPE": 13.16,
  "hienTaiPE": 29.059547238518544,
  "minPS": 4.5252,
  "maxPS": 9.8316,
  "medianPS": 7.56,
  "hienTaiPS": 10.910973386984079
}