{
  "minPB": 1.2331,
  "maxPB": 2.8062,
  "medianPB": 1.84,
  "hienTaiPB": 2.2714510477360164,
  "minPE": 9.6511,
  "maxPE": 27.8787,
  "medianPE": 13.17,
  "hienTaiPE": 27.983267711166008,
  "minPS": 4.5252,
  "maxPS": 9.7528,
  "medianPS": 7.52,
  "hienTaiPS": 10.506863261540225
}