{
  "minPB": 1.234,
  "maxPB": 3.2116,
  "medianPB": 2.35,
  "hienTaiPB": 2.8420972937784343,
  "minPE": 10.181,
  "maxPE": 59.8757,
  "medianPE": 19.91,
  "hienTaiPE": 29.594185711094514,
  "minPS": 0.4944,
  "maxPS": 1.175,
  "medianPS": 0.68,
  "hienTaiPS": 0.6634421507437062
}