{
  "minPB": 1.234,
  "maxPB": 3.2116,
  "medianPB": 2.35,
  "hienTaiPB": 2.85932212586194,
  "minPE": 10.1809,
  "maxPE": 59.8881,
  "medianPE": 19.8,
  "hienTaiPE": 29.773544412373877,
  "minPS": 0.4941,
  "maxPS": 1.1776,
  "medianPS": 0.68,
  "hienTaiPS": 0.667463012263365
}