{
  "minPB": 1.234,
  "maxPB": 3.2116,
  "medianPB": 2.35,
  "hienTaiPB": 2.9540587023212215,
  "minPE": 10.1809,
  "maxPE": 59.8881,
  "medianPE": 19.61,
  "hienTaiPE": 30.76001726941036,
  "minPS": 0.4957,
  "maxPS": 1.1723,
  "medianPS": 0.68,
  "hienTaiPS": 0.6895777506214885
}