{
  "minPB": 1.234,
  "maxPB": 3.2116,
  "medianPB": 2.35,
  "hienTaiPB": 2.8722407499245692,
  "minPE": 10.1809,
  "maxPE": 59.8881,
  "medianPE": 19.86,
  "hienTaiPE": 29.908063438333397,
  "minPS": 0.4941,
  "maxPS": 1.1776,
  "medianPS": 0.68,
  "hienTaiPS": 0.6704786584031092
}