{
  "minPB": 1.234,
  "maxPB": 3.2116,
  "medianPB": 2.35,
  "hienTaiPB": 2.7731979654444117,
  "minPE": 10.1809,
  "maxPE": 59.8881,
  "medianPE": 19.83,
  "hienTaiPE": 28.876750905977072,
  "minPS": 0.4941,
  "maxPS": 1.1776,
  "medianPS": 0.68,
  "hienTaiPS": 0.6473587046650708
}