{
  "minPB": 1.234,
  "maxPB": 3.2116,
  "medianPB": 2.35,
  "hienTaiPB": 2.91960903815421,
  "minPE": 10.1809,
  "maxPE": 59.8881,
  "medianPE": 19.65,
  "hienTaiPE": 30.401299866851637,
  "minPS": 0.4957,
  "maxPS": 1.1723,
  "medianPS": 0.68,
  "hienTaiPS": 0.6815360275821709
}