{
  "minPB": 0.3932,
  "maxPB": 1.2785,
  "medianPB": 0.59,
  "hienTaiPB": 0.5919593869172945,
  "minPE": -60.8474,
  "maxPE": 46.1397,
  "medianPE": 4.66,
  "hienTaiPE": 242.1325085839396,
  "minPS": 0.0523,
  "maxPS": 0.1672,
  "medianPS": 0.09,
  "hienTaiPS": 0.08412310868623797
}