{
  "minPB": 0.3932,
  "maxPB": 1.2785,
  "medianPB": 0.59,
  "hienTaiPB": 0.6438090049984171,
  "minPE": -60.8474,
  "maxPE": 46.978,
  "medianPE": 4.66,
  "hienTaiPE": 263.3408522179184,
  "minPS": 0.0523,
  "maxPS": 0.1672,
  "medianPS": 0.09,
  "hienTaiPS": 0.09149143690870706
}