{
  "minPB": 0.5614,
  "maxPB": 0.6688,
  "medianPB": 0.62,
  "hienTaiPB": 0.5863260581235584,
  "minPE": -62.6337,
  "maxPE": 235.4314,
  "medianPE": -58.04,
  "hienTaiPE": 239.8282761270328,
  "minPS": 0.0327,
  "maxPS": 0.1298,
  "medianPS": 0.08,
  "hienTaiPS": 0.08332255861328679
}