{
  "minPB": 0.5614,
  "maxPB": 0.6688,
  "medianPB": 0.62,
  "hienTaiPB": 0.603570942186016,
  "minPE": -62.6337,
  "maxPE": 246.4353,
  "medianPE": -58.03,
  "hienTaiPE": 246.88204895429848,
  "minPS": 0.0327,
  "maxPS": 0.1298,
  "medianPS": 0.08,
  "hienTaiPS": 0.08577322210191288
}