{
  "minPB": 0.5614,
  "maxPB": 0.6688,
  "medianPB": 0.62,
  "hienTaiPB": 0.6024787661953938,
  "minPE": -62.6337,
  "maxPE": 238.6527,
  "medianPE": -58.04,
  "hienTaiPE": 246.43531000857166,
  "minPS": 0.0327,
  "maxPS": 0.1298,
  "medianPS": 0.08,
  "hienTaiPS": 0.08561801341429988
}