{
  "minPB": 0.3932,
  "maxPB": 1.2785,
  "medianPB": 0.59,
  "hienTaiPB": 0.5920743528110444,
  "minPE": -60.8474,
  "maxPE": 43.8699,
  "medianPE": 4.66,
  "hienTaiPE": 242.17953373612136,
  "minPS": 0.0523,
  "maxPS": 0.1672,
  "medianPS": 0.09,
  "hienTaiPS": 0.08413944644282882
}