{
  "minPB": 0.5807,
  "maxPB": 2.126,
  "medianPB": 1.45,
  "hienTaiPB": 2.0997021104372178,
  "minPE": 3.4057,
  "maxPE": 16.014,
  "medianPE": 8.13,
  "hienTaiPE": 9.016036803926259,
  "minPS": 0.2125,
  "maxPS": 0.5066,
  "medianPS": 0.31,
  "hienTaiPS": 0.3869118161778353
}