{
  "minPB": 0.5807,
  "maxPB": 2.126,
  "medianPB": 1.45,
  "hienTaiPB": 1.9912175013979616,
  "minPE": 3.4057,
  "maxPE": 16.014,
  "medianPE": 8.13,
  "hienTaiPE": 8.550208235723403,
  "minPS": 0.2125,
  "maxPS": 0.5066,
  "medianPS": 0.31,
  "hienTaiPS": 0.36692137234198047
}