{
  "minPB": 0.5791,
  "maxPB": 2.126,
  "medianPB": 1.45,
  "hienTaiPB": 1.8757338853239147,
  "minPE": 3.3765,
  "maxPE": 16.0445,
  "medianPE": 8.13,
  "hienTaiPE": 8.054326211507458,
  "minPS": 0.2125,
  "maxPS": 0.5066,
  "medianPS": 0.31,
  "hienTaiPS": 0.3456412224521995
}