{
  "minPB": 2.5626,
  "maxPB": 2.9726,
  "medianPB": 2.72,
  "hienTaiPB": 2.597747069517483,
  "minPE": 10.7127,
  "maxPE": 12.8199,
  "medianPE": 11.69,
  "hienTaiPE": 10.786822297466967,
  "minPS": 0.22,
  "maxPS": 0.5535,
  "medianPS": 0.36,
  "hienTaiPS": 0.5060707378826149
}