{
  "minPB": 2.5626,
  "maxPB": 2.9726,
  "medianPB": 2.72,
  "hienTaiPB": 2.579893137768222,
  "minPE": 10.7127,
  "maxPE": 12.8199,
  "medianPE": 11.7,
  "hienTaiPE": 10.712686061745543,
  "minPS": 0.22,
  "maxPS": 0.5535,
  "medianPS": 0.36,
  "hienTaiPS": 0.5025925884813598
}