{
  "minPB": 1.4805,
  "maxPB": 3.0451,
  "medianPB": 2.09,
  "hienTaiPB": 2.6245279671413746,
  "minPE": 4.9482,
  "maxPE": 12.5988,
  "medianPE": 7.33,
  "hienTaiPE": 10.8980266510491,
  "minPS": 0.2206,
  "maxPS": 0.584,
  "medianPS": 0.34,
  "hienTaiPS": 0.5112879619844976
}