{
  "minPB": 2.5626,
  "maxPB": 2.9726,
  "medianPB": 2.72,
  "hienTaiPB": 2.588820103642852,
  "minPE": 10.7498,
  "maxPE": 12.8199,
  "medianPE": 11.71,
  "hienTaiPE": 10.749754179606255,
  "minPS": 0.22,
  "maxPS": 0.5535,
  "medianPS": 0.36,
  "hienTaiPS": 0.5043316631819874
}