{
  "minPB": 1.4805,
  "maxPB": 3.0451,
  "medianPB": 2.1,
  "hienTaiPB": 2.6780897623891575,
  "minPE": 4.9482,
  "maxPE": 12.5988,
  "medianPE": 7.33,
  "hienTaiPE": 11.120435358213367,
  "minPS": 0.2206,
  "maxPS": 0.584,
  "medianPS": 0.34,
  "hienTaiPS": 0.5217224101882628
}