{
  "minPB": 0.3751,
  "maxPB": 1.9134,
  "medianPB": 0.76,
  "hienTaiPB": 0.6005943657988654,
  "minPE": -110.0329,
  "maxPE": 175.7074,
  "medianPE": 9.68,
  "hienTaiPE": 99.32177409253597,
  "minPS": 0.6505,
  "maxPS": 8.857,
  "medianPS": 1.59,
  "hienTaiPS": 2.6688471976440633
}