{
  "minPB": 0.3719,
  "maxPB": 1.9134,
  "medianPB": 0.76,
  "hienTaiPB": 0.6069643060421867,
  "minPE": -110.2816,
  "maxPE": 178.7264,
  "medianPE": 9.44,
  "hienTaiPE": 58.75273026474266,
  "minPS": 0.6505,
  "maxPS": 8.9097,
  "medianPS": 1.66,
  "hienTaiPS": 1.4101764949863305
}