{
  "minPB": 0.3751,
  "maxPB": 1.9134,
  "medianPB": 0.76,
  "hienTaiPB": 0.5914944511655492,
  "minPE": -110.0329,
  "maxPE": 175.7074,
  "medianPE": 9.65,
  "hienTaiPE": 97.81689872749756,
  "minPS": 0.6505,
  "maxPS": 8.857,
  "medianPS": 1.58,
  "hienTaiPS": 2.6284101188918805
}