{
  "minPB": 0.3719,
  "maxPB": 1.9134,
  "medianPB": 0.76,
  "hienTaiPB": 0.5933144340922125,
  "minPE": -110.2816,
  "maxPE": 178.7264,
  "medianPE": 9.52,
  "hienTaiPE": 98.11787380050524,
  "minPS": 0.6505,
  "maxPS": 8.9097,
  "medianPS": 1.66,
  "hienTaiPS": 2.636497534642317
}