{
  "minPB": 0.3719,
  "maxPB": 1.9134,
  "medianPB": 0.76,
  "hienTaiPB": 0.601504357262197,
  "minPE": -110.2816,
  "maxPE": 178.7264,
  "medianPE": 9.52,
  "hienTaiPE": 99.47226162903982,
  "minPS": 0.6505,
  "maxPS": 8.9097,
  "medianPS": 1.66,
  "hienTaiPS": 2.6728909055192815
}