{
  "minPB": 0.3751,
  "maxPB": 1.9134,
  "medianPB": 0.76,
  "hienTaiPB": 0.5996843743355338,
  "minPE": -110.0329,
  "maxPE": 175.7074,
  "medianPE": 9.76,
  "hienTaiPE": 99.17128655603214,
  "minPS": 0.6505,
  "maxPS": 8.857,
  "medianPS": 1.59,
  "hienTaiPS": 2.664803489768845
}