{
  "minPB": 0.3724,
  "maxPB": 2.0794,
  "medianPB": 0.58,
  "hienTaiPB": 3.2095279397047416,
  "minPE": -176.4145,
  "maxPE": 125.9134,
  "medianPE": 5.12,
  "hienTaiPE": 7.976596448731011,
  "minPS": 0.1235,
  "maxPS": 0.9044,
  "medianPS": 0.2,
  "hienTaiPS": 1.3403916099685935
}