{
  "minPB": 0.3724,
  "maxPB": 2.0948,
  "medianPB": 0.58,
  "hienTaiPB": 3.409291089478896,
  "minPE": -176.4145,
  "maxPE": 125.9134,
  "medianPE": 5.15,
  "hienTaiPE": 8.473065107365722,
  "minPS": 0.1229,
  "maxPS": 0.8807,
  "medianPS": 0.2,
  "hienTaiPS": 1.423818473659585
}