{
  "minPB": 0.3724,
  "maxPB": 2.0841,
  "medianPB": 0.58,
  "hienTaiPB": 3.3293858295692345,
  "minPE": -176.4145,
  "maxPE": 125.9134,
  "medianPE": 5.15,
  "hienTaiPE": 8.274477643911837,
  "minPS": 0.1235,
  "maxPS": 0.9084,
  "medianPS": 0.2,
  "hienTaiPS": 1.3904477281831884
}