{
  "minPB": 0.3724,
  "maxPB": 2.1169,
  "medianPB": 0.58,
  "hienTaiPB": 2.95649461665748,
  "minPE": -176.4145,
  "maxPE": 125.9134,
  "medianPE": 5.15,
  "hienTaiPE": 7.347736147793711,
  "minPS": 0.1229,
  "maxPS": 0.8884,
  "medianPS": 0.2,
  "hienTaiPS": 1.2347175826266712
}