{
  "minPB": 0.3724,
  "maxPB": 2.0794,
  "medianPB": 0.58,
  "hienTaiPB": 3.5291489793433883,
  "minPE": -176.4145,
  "maxPE": 125.9134,
  "medianPE": 5.13,
  "hienTaiPE": 8.770946302546546,
  "minPS": 0.1235,
  "maxPS": 0.9064,
  "medianPS": 0.2,
  "hienTaiPS": 1.4738745918741796
}