{
  "minPB": 0.3724,
  "maxPB": 2.0841,
  "medianPB": 0.58,
  "hienTaiPB": 3.1784536719620955,
  "minPE": -176.4145,
  "maxPE": 125.9134,
  "medianPE": 5.14,
  "hienTaiPE": 7.899367990721167,
  "minPS": 0.1235,
  "maxPS": 0.9064,
  "medianPS": 0.2,
  "hienTaiPS": 1.3274140978388838
}