{
  "minPB": 0.6123,
  "maxPB": 0.6199,
  "medianPB": 0.61,
  "hienTaiPB": 0.6199380868421409,
  "minPE": -5.4788,
  "maxPE": -4.6113,
  "medianPE": -5.48,
  "hienTaiPE": -4.6113,
  "minPS": 0.0779,
  "maxPS": 36.4694,
  "medianPS": 0.91,
  "hienTaiPS": 0.12974611239672698
}