{
  "minPB": 1.2138,
  "maxPB": 1.4035,
  "medianPB": 1.21,
  "hienTaiPB": 1.3989369462672332,
  "minPE": 0.8386,
  "maxPE": 1.922,
  "medianPE": 0.84,
  "hienTaiPE": 1.9219977598326154,
  "minPS": 0.0703,
  "maxPS": 1.0118,
  "medianPS": 0.24,
  "hienTaiPS": 0.0628108265060751
}