{
  "minPB": 0.6193,
  "maxPB": 1.5089,
  "medianPB": 0.94,
  "hienTaiPB": 0.7044658103364994,
  "minPE": 3.9295,
  "maxPE": 202.4284,
  "medianPE": 12.43,
  "hienTaiPE": 27.275585600903316,
  "minPS": 0.0707,
  "maxPS": 0.7288,
  "medianPS": 0.34,
  "hienTaiPS": 0.06399395907914296
}