{
  "minPB": 0.6193,
  "maxPB": 1.5089,
  "medianPB": 0.94,
  "hienTaiPB": 0.7741382531170323,
  "minPE": 3.9295,
  "maxPE": 202.4284,
  "medianPE": 12.43,
  "hienTaiPE": 29.973170990003645,
  "minPS": 0.0707,
  "maxPS": 0.7288,
  "medianPS": 0.34,
  "hienTaiPS": 0.07032303195510216
}