{
  "minPB": 0.6193,
  "maxPB": 1.5089,
  "medianPB": 0.94,
  "hienTaiPB": 0.8438106958975652,
  "minPE": 3.9295,
  "maxPE": 202.4284,
  "medianPE": 12.45,
  "hienTaiPE": 32.67075637910397,
  "minPS": 0.0707,
  "maxPS": 0.7288,
  "medianPS": 0.34,
  "hienTaiPS": 0.07665210483106134
}