{
  "minPB": 2.5675,
  "maxPB": 19.0067,
  "medianPB": 3.21,
  "hienTaiPB": 3.19571854755644,
  "minPE": 14.3939,
  "maxPE": 174.1873,
  "medianPE": 59.19,
  "hienTaiPE": 164.9078944249919,
  "minPS": 1.8346,
  "maxPS": 37.7564,
  "medianPS": 7.21,
  "hienTaiPS": 14.156290090804697
}