{
  "minPB": 2.5675,
  "maxPB": 19.0067,
  "medianPB": 3.21,
  "hienTaiPB": 3.222498311921438,
  "minPE": 14.3939,
  "maxPE": 174.1873,
  "medianPE": 59.19,
  "hienTaiPE": 166.28980415481027,
  "minPS": 1.8391,
  "maxPS": 37.7949,
  "medianPS": 7.16,
  "hienTaiPS": 14.274918220057252
}