{
  "minPB": 2.5664,
  "maxPB": 19.084,
  "medianPB": 3.21,
  "hienTaiPB": 3.231424900043104,
  "minPE": 14.3785,
  "maxPE": 182.8349,
  "medianPE": 59.12,
  "hienTaiPE": 166.7504407314164,
  "minPS": 1.8346,
  "maxPS": 37.7564,
  "medianPS": 7.21,
  "hienTaiPS": 14.314460929808103
}