{
  "minPB": 2.5675,
  "maxPB": 19.0067,
  "medianPB": 3.21,
  "hienTaiPB": 3.213571723799772,
  "minPE": 14.3939,
  "maxPE": 174.1873,
  "medianPE": 59.19,
  "hienTaiPE": 165.82916757820416,
  "minPS": 1.8346,
  "maxPS": 37.7564,
  "medianPS": 7.21,
  "hienTaiPS": 14.235375510306401
}