{
  "minPB": 0.4147,
  "maxPB": 2.9119,
  "medianPB": 1.48,
  "hienTaiPB": 1.8190363289890268,
  "minPE": 1.8136,
  "maxPE": 11.4761,
  "medianPE": 6.43,
  "hienTaiPE": 9.636775009378642,
  "minPS": 0.1429,
  "maxPS": 1.0216,
  "medianPS": 0.51,
  "hienTaiPS": 0.7252032052693743
}