{
  "minPB": 0.4147,
  "maxPB": 2.9119,
  "medianPB": 1.48,
  "hienTaiPB": 1.8608532560922229,
  "minPE": 1.8136,
  "maxPE": 11.4886,
  "medianPE": 6.43,
  "hienTaiPE": 9.858310067065508,
  "minPS": 0.1438,
  "maxPS": 1.0167,
  "medianPS": 0.51,
  "hienTaiPS": 0.7418745433215438
}