{
  "minPB": 0.4147,
  "maxPB": 2.9119,
  "medianPB": 1.48,
  "hienTaiPB": 2.1082700747861325,
  "minPE": 1.8136,
  "maxPE": 11.4761,
  "medianPE": 6.43,
  "hienTaiPE": 11.169059158379461,
  "minPS": 0.1429,
  "maxPS": 1.0216,
  "medianPS": 0.51,
  "hienTaiPS": 0.8405132934635469
}