{
  "minPB": 0.5467,
  "maxPB": 1.0825,
  "medianPB": 0.76,
  "hienTaiPB": 0.5561075153749833,
  "minPE": 10.546,
  "maxPE": 19.4056,
  "medianPE": 13.73,
  "hienTaiPE": 11.087213979327247,
  "minPS": 0.5231,
  "maxPS": 1.5804,
  "medianPS": 1.12,
  "hienTaiPS": 0.5320941387834137
}