{
  "minPB": 0.5467,
  "maxPB": 0.8137,
  "medianPB": 0.69,
  "hienTaiPB": 0.5466819642669327,
  "minPE": 10.4512,
  "maxPE": 14.6571,
  "medianPE": 12.34,
  "hienTaiPE": 10.8992950983217,
  "minPS": 0.5231,
  "maxPS": 1.5804,
  "medianPS": 1.15,
  "hienTaiPS": 0.5230755940582711
}