{
  "minPB": 0.5467,
  "maxPB": 0.8137,
  "medianPB": 0.68,
  "hienTaiPB": 0.5561075153749833,
  "minPE": 10.4512,
  "maxPE": 14.6571,
  "medianPE": 12.33,
  "hienTaiPE": 11.087213979327247,
  "minPS": 0.5231,
  "maxPS": 1.5804,
  "medianPS": 1.15,
  "hienTaiPS": 0.5320941387834137
}