{
  "minPB": 0.5561,
  "maxPB": 1.0825,
  "medianPB": 0.76,
  "hienTaiPB": 0.5466819642669327,
  "minPE": 10.546,
  "maxPE": 19.4056,
  "medianPE": 13.76,
  "hienTaiPE": 10.8992950983217,
  "minPS": 0.5321,
  "maxPS": 1.5804,
  "medianPS": 1.12,
  "hienTaiPS": 0.5230755940582711
}