{
  "minPB": 0.3935,
  "maxPB": 0.4164,
  "medianPB": 0.42,
  "hienTaiPB": 0.393544984194691,
  "minPE": 2.6915,
  "maxPE": 3.34,
  "medianPE": 3.34,
  "hienTaiPE": 2.691545758110174,
  "minPS": 0.2162,
  "maxPS": 1.1757,
  "medianPS": 0.46,
  "hienTaiPS": 0.3689595400737663
}