{
  "minPB": 0.2299,
  "maxPB": 0.9832,
  "medianPB": 0.46,
  "hienTaiPB": 0.393544984194691,
  "minPE": 2.0702,
  "maxPE": 36.5012,
  "medianPE": 4.21,
  "hienTaiPE": 2.691545758110174,
  "minPS": 0.2162,
  "maxPS": 1.1757,
  "medianPS": 0.47,
  "hienTaiPS": 0.3689595400737663
}