{
  "minPB": 0.5033,
  "maxPB": 1.9126,
  "medianPB": 0.68,
  "hienTaiPB": 0.6499574238079098,
  "minPE": 3.7988,
  "maxPE": 24.96,
  "medianPE": 8.57,
  "hienTaiPE": 20.63539710259395,
  "minPS": 0.0703,
  "maxPS": 0.2591,
  "medianPS": 0.11,
  "hienTaiPS": 0.09558521285713487
}