{
  "minPB": 0.5033,
  "maxPB": 1.9126,
  "medianPB": 0.68,
  "hienTaiPB": 0.7046906805496285,
  "minPE": 3.7988,
  "maxPE": 24.96,
  "medianPE": 8.56,
  "hienTaiPE": 16.46723298110524,
  "minPS": 0.0703,
  "maxPS": 0.2591,
  "medianPS": 0.11,
  "hienTaiPS": 0.1082044452574106
}