{
  "minPB": 0.429,
  "maxPB": 1.4145,
  "medianPB": 0.66,
  "hienTaiPB": 0.7879881423018699,
  "minPE": 1.8936,
  "maxPE": 30.2778,
  "medianPE": 4.55,
  "hienTaiPE": 5.941709586924164,
  "minPS": 0.049,
  "maxPS": 0.1669,
  "medianPS": 0.08,
  "hienTaiPS": 0.07343900511900635
}