{
  "minPB": 0,
  "maxPB": 1.41,
  "medianPB": 0.65,
  "hienTaiPB": 0.7695196702166698,
  "minPE": 0,
  "maxPE": 30.2778,
  "medianPE": 4.48,
  "hienTaiPE": 5.802450768480629,
  "minPS": 0,
  "maxPS": 0.1788,
  "medianPS": 0.08,
  "hienTaiPS": 0.07171777843652964
}