{
  "minPB": 0,
  "maxPB": 1.41,
  "medianPB": 0.65,
  "hienTaiPB": 0.7572073554932031,
  "minPE": 0,
  "maxPE": 30.2778,
  "medianPE": 4.48,
  "hienTaiPE": 5.709611556184939,
  "minPS": 0,
  "maxPS": 0.1788,
  "medianPS": 0.08,
  "hienTaiPS": 0.07057029398154517
}