{
  "minPB": 1.5357,
  "maxPB": 5.4902,
  "medianPB": 2.32,
  "hienTaiPB": 2.214506758066315,
  "minPE": -162.1086,
  "maxPE": 102.3487,
  "medianPE": 30.98,
  "hienTaiPE": 16.217930981351646,
  "minPS": 0.3353,
  "maxPS": 1.6992,
  "medianPS": 0.54,
  "hienTaiPS": 0.4419911956815684
}