{
  "minPB": 1.5357,
  "maxPB": 5.4902,
  "medianPB": 2.32,
  "hienTaiPB": 2.1856329968746047,
  "minPE": -162.1086,
  "maxPE": 102.3487,
  "medianPE": 31.03,
  "hienTaiPE": 16.00647411201787,
  "minPS": 0.3353,
  "maxPS": 1.6992,
  "medianPS": 0.54,
  "hienTaiPS": 0.43622831047633565
}