{
  "minPB": 2.0284,
  "maxPB": 2.1989,
  "medianPB": 2.14,
  "hienTaiPB": 2.0441600843689063,
  "minPE": 14.8544,
  "maxPE": 16.0389,
  "medianPE": 15.63,
  "hienTaiPE": 14.970397828939982,
  "minPS": 0.3335,
  "maxPS": 1.6773,
  "medianPS": 0.53,
  "hienTaiPS": 0.40799187293683237
}