{
  "minPB": 1.5357,
  "maxPB": 5.4902,
  "medianPB": 2.33,
  "hienTaiPB": 2.153522648882643,
  "minPE": -162.1086,
  "maxPE": 102.3487,
  "medianPE": 31.04,
  "hienTaiPE": 15.77131411278827,
  "minPS": 0.3353,
  "maxPS": 1.6992,
  "medianPS": 0.54,
  "hienTaiPS": 0.4298194381389529
}