{
  "minPB": 2.0271,
  "maxPB": 2.1989,
  "medianPB": 2.14,
  "hienTaiPB": 2.0271254169991657,
  "minPE": 14.8456,
  "maxPE": 16.0389,
  "medianPE": 15.64,
  "hienTaiPE": 14.845644513698815,
  "minPS": 0.3335,
  "maxPS": 1.6773,
  "medianPS": 0.53,
  "hienTaiPS": 0.40459194066235876
}