{
  "minPB": 1.5357,
  "maxPB": 5.4902,
  "medianPB": 2.32,
  "hienTaiPB": 2.2741280938604085,
  "minPE": -162.1086,
  "maxPE": 102.3487,
  "medianPE": 31.03,
  "hienTaiPE": 16.65456758469573,
  "minPS": 0.3353,
  "maxPS": 1.6992,
  "medianPS": 0.54,
  "hienTaiPS": 0.453890958642226
}