{
  "minPB": 0.2617,
  "maxPB": 2.1561,
  "medianPB": 0.66,
  "hienTaiPB": 1.492920944369871,
  "minPE": -9.1863,
  "maxPE": 30.0604,
  "medianPE": 7.06,
  "hienTaiPE": 16.7793418419647,
  "minPS": 0.8588,
  "maxPS": 42.1515,
  "medianPS": 1.88,
  "hienTaiPS": 1.5882834434417952
}