{
  "minPB": 0.2617,
  "maxPB": 2.1561,
  "medianPB": 0.67,
  "hienTaiPB": 1.4565082384096302,
  "minPE": -9.1863,
  "maxPE": 30.0604,
  "medianPE": 7.07,
  "hienTaiPE": 16.37008960191678,
  "minPS": 0.8588,
  "maxPS": 42.1515,
  "medianPS": 1.88,
  "hienTaiPS": 1.5495448228700441
}