{
  "minPB": 0.2617,
  "maxPB": 2.1561,
  "medianPB": 0.66,
  "hienTaiPB": 1.5536087876369389,
  "minPE": -9.1863,
  "maxPE": 30.0604,
  "medianPE": 7.06,
  "hienTaiPE": 17.461428908711234,
  "minPS": 0.8588,
  "maxPS": 12.0979,
  "medianPS": 1.86,
  "hienTaiPS": 1.6528478110613805
}