{
  "minPB": 0.2617,
  "maxPB": 2.1561,
  "medianPB": 0.66,
  "hienTaiPB": 1.4443706697562166,
  "minPE": -9.1863,
  "maxPE": 30.0604,
  "medianPE": 7.06,
  "hienTaiPE": 16.233672188567475,
  "minPS": 0.8588,
  "maxPS": 42.1515,
  "medianPS": 1.88,
  "hienTaiPS": 1.5366319493461271
}