{
  "minPB": 0.2617,
  "maxPB": 2.1561,
  "medianPB": 0.66,
  "hienTaiPB": 1.4807833757164575,
  "minPE": -9.1863,
  "maxPE": 30.0604,
  "medianPE": 7.06,
  "hienTaiPE": 16.642924428615395,
  "minPS": 0.8588,
  "maxPS": 42.1515,
  "medianPS": 1.88,
  "hienTaiPS": 1.5753705699178782
}