{
  "minPB": 0.2617,
  "maxPB": 2.1561,
  "medianPB": 0.66,
  "hienTaiPB": 1.5293336503301118,
  "minPE": -9.1863,
  "maxPE": 30.0604,
  "medianPE": 7.06,
  "hienTaiPE": 17.18859408201262,
  "minPS": 0.8588,
  "maxPS": 12.0979,
  "medianPS": 1.86,
  "hienTaiPS": 1.6270220640135464
}