{
  "minPB": 0.6661,
  "maxPB": 2.3277,
  "medianPB": 1.02,
  "hienTaiPB": 0.7714180765379864,
  "minPE": 4.4594,
  "maxPE": 17.3666,
  "medianPE": 7.43,
  "hienTaiPE": 7.496690058777967,
  "minPS": 1.9568,
  "maxPS": 10.5638,
  "medianPS": 3.29,
  "hienTaiPS": 8.152244693300217
}