{
  "minPB": 0.6661,
  "maxPB": 2.3277,
  "medianPB": 1.01,
  "hienTaiPB": 0.8172267509167267,
  "minPE": 4.4594,
  "maxPE": 17.3666,
  "medianPE": 7.44,
  "hienTaiPE": 7.941861677470245,
  "minPS": 1.9568,
  "maxPS": 10.5653,
  "medianPS": 3.24,
  "hienTaiPS": 8.636344734470063
}