{
  "minPB": 0.6661,
  "maxPB": 2.3277,
  "medianPB": 1.01,
  "hienTaiPB": 0.8190590978918764,
  "minPE": 4.4594,
  "maxPE": 17.3666,
  "medianPE": 7.44,
  "hienTaiPE": 7.959668542217935,
  "minPS": 1.9568,
  "maxPS": 10.5653,
  "medianPS": 3.24,
  "hienTaiPS": 8.655708736116857
}