{
  "minPB": 0.6661,
  "maxPB": 2.3277,
  "medianPB": 1.01,
  "hienTaiPB": 0.806232669065829,
  "minPE": 4.4594,
  "maxPE": 17.3666,
  "medianPE": 7.44,
  "hienTaiPE": 7.835020488984098,
  "minPS": 1.9568,
  "maxPS": 10.5653,
  "medianPS": 3.23,
  "hienTaiPS": 8.5201607245893
}