{
  "minPB": 0.6661,
  "maxPB": 2.3277,
  "medianPB": 1.02,
  "hienTaiPB": 0.7659210356125375,
  "minPE": 4.4594,
  "maxPE": 17.3666,
  "medianPE": 7.43,
  "hienTaiPE": 7.443269464534893,
  "minPS": 1.9568,
  "maxPS": 10.5638,
  "medianPS": 3.29,
  "hienTaiPS": 8.094152688359834
}