{
  "minPB": 0.3093,
  "maxPB": 1.3038,
  "medianPB": 0.69,
  "hienTaiPB": 0.8103663784240457,
  "minPE": -63.1857,
  "maxPE": 727.9667,
  "medianPE": 17.35,
  "hienTaiPE": -231.7026,
  "minPS": 0.0724,
  "maxPS": 0.3628,
  "medianPS": 0.18,
  "hienTaiPS": 0.11937055396030703
}