{
  "minPB": 0.6977,
  "maxPB": 0.775,
  "medianPB": 0.72,
  "hienTaiPB": 0.7658303954283654,
  "minPE": -221.1939,
  "maxPE": -17.0216,
  "medianPE": -17.58,
  "hienTaiPE": -224.4352,
  "minPS": 0.0699,
  "maxPS": 0.3469,
  "medianPS": 0.16,
  "hienTaiPS": 0.1128102065632445
}