{
  "minPB": 0.3093,
  "maxPB": 1.3038,
  "medianPB": 0.69,
  "hienTaiPB": 0.7658303954283654,
  "minPE": -62.944,
  "maxPE": 727.9667,
  "medianPE": 17.37,
  "hienTaiPE": -228.0859,
  "minPS": 0.0724,
  "maxPS": 0.3628,
  "medianPS": 0.18,
  "hienTaiPS": 0.1128102065632445
}