{
  "minPB": 0.3093,
  "maxPB": 1.3038,
  "medianPB": 0.69,
  "hienTaiPB": 0.7778480416335489,
  "minPE": -63.3006,
  "maxPE": 727.9667,
  "medianPE": 17.33,
  "hienTaiPE": -234.6709,
  "minPS": 0.0724,
  "maxPS": 0.3628,
  "medianPS": 0.18,
  "hienTaiPS": 0.11458045903546774
}