{
  "minPB": 0.3093,
  "maxPB": 1.3038,
  "medianPB": 0.69,
  "hienTaiPB": 0.8001160331313891,
  "minPE": -63.0672,
  "maxPE": 727.9667,
  "medianPE": 17.36,
  "hienTaiPE": -227.8471,
  "minPS": 0.0724,
  "maxPS": 0.3628,
  "medianPS": 0.18,
  "hienTaiPS": 0.117860632733999
}