{
  "minPB": 0.6977,
  "maxPB": 0.7776,
  "medianPB": 0.72,
  "hienTaiPB": 0.829217588157667,
  "minPE": -221.1939,
  "maxPE": -17.0216,
  "medianPE": -17.58,
  "hienTaiPE": -220.7503,
  "minPS": 0.0699,
  "maxPS": 0.3469,
  "medianPS": 0.16,
  "hienTaiPS": 0.12214742058340229
}