{
  "minPB": 0.3093,
  "maxPB": 1.3038,
  "medianPB": 0.69,
  "hienTaiPB": 0.8129584197624187,
  "minPE": -64.1163,
  "maxPE": 727.9667,
  "medianPE": 17.31,
  "hienTaiPE": -234.6027,
  "minPS": 0.0724,
  "maxPS": 0.3628,
  "medianPS": 0.18,
  "hienTaiPS": 0.11975237312098264
}