{
  "minPB": 0.7283,
  "maxPB": 1.6417,
  "medianPB": 1.17,
  "hienTaiPB": 1.318131358920827,
  "minPE": 3.5106,
  "maxPE": 13.6509,
  "medianPE": 8.12,
  "hienTaiPE": 10.284272787030435,
  "minPS": 0.3808,
  "maxPS": 5.3384,
  "medianPS": 3.26,
  "hienTaiPS": 4.946500633180312
}