{
  "minPB": 0.7283,
  "maxPB": 1.6417,
  "medianPB": 1.17,
  "hienTaiPB": 1.427975638830896,
  "minPE": 3.5106,
  "maxPE": 13.6509,
  "medianPE": 8.12,
  "hienTaiPE": 11.269764323281393,
  "minPS": 0.3808,
  "maxPS": 5.3671,
  "medianPS": 3.4,
  "hienTaiPS": 5.358709019278671
}