{
  "minPB": 0.7283,
  "maxPB": 1.6417,
  "medianPB": 1.17,
  "hienTaiPB": 1.4081676539290802,
  "minPE": 3.5106,
  "maxPE": 13.6509,
  "medianPE": 8.12,
  "hienTaiPE": 10.98675043641776,
  "minPS": 0.3808,
  "maxPS": 5.3675,
  "medianPS": 3.42,
  "hienTaiPS": 5.284376359490443
}