{
  "minPB": 0.7302,
  "maxPB": 1.6336,
  "medianPB": 1.17,
  "hienTaiPB": 1.4135698316295755,
  "minPE": 3.5106,
  "maxPE": 13.6509,
  "medianPE": 8.13,
  "hienTaiPE": 11.028899095380998,
  "minPS": 0.3813,
  "maxPS": 5.3372,
  "medianPS": 3.27,
  "hienTaiPS": 5.30464890306905
}