{
  "minPB": 0.7283,
  "maxPB": 1.6417,
  "medianPB": 1.17,
  "hienTaiPB": 1.512609756138654,
  "minPE": 3.5106,
  "maxPE": 13.6509,
  "medianPE": 8.12,
  "hienTaiPE": 11.801624509707056,
  "minPS": 0.3808,
  "maxPS": 5.3675,
  "medianPS": 3.42,
  "hienTaiPS": 5.676312202010194
}