{
  "minPB": 0.7302,
  "maxPB": 1.6336,
  "medianPB": 1.17,
  "hienTaiPB": 1.3343378920223126,
  "minPE": 3.5106,
  "maxPE": 13.6509,
  "medianPE": 8.14,
  "hienTaiPE": 10.410718763920153,
  "minPS": 0.3813,
  "maxPS": 5.3372,
  "medianPS": 3.28,
  "hienTaiPS": 5.007318263916135
}