{
  "minPB": 0,
  "maxPB": 1.6089,
  "medianPB": 0.6,
  "hienTaiPB": 0.8317832083921661,
  "minPE": -83.8193,
  "maxPE": 205.0324,
  "medianPE": 4.5,
  "hienTaiPE": 67.8514225211078,
  "minPS": 0,
  "maxPS": 4.1764,
  "medianPS": 0.38,
  "hienTaiPS": 43.70795565225076
}