{
  "minPB": 0,
  "maxPB": 1.6089,
  "medianPB": 0.6,
  "hienTaiPB": 0.8073189963806319,
  "minPE": -83.8193,
  "maxPE": 205.0324,
  "medianPE": 4.52,
  "hienTaiPE": 65.85579244695758,
  "minPS": 0,
  "maxPS": 4.1764,
  "medianPS": 0.38,
  "hienTaiPS": 42.42242754483162
}