{
  "minPB": 0.1819,
  "maxPB": 1.6089,
  "medianPB": 0.63,
  "hienTaiPB": 0.8317832083921661,
  "minPE": -86.9855,
  "maxPE": 247.0269,
  "medianPE": 5.29,
  "hienTaiPE": 67.8514225211078,
  "minPS": 0.0701,
  "maxPS": 4.1764,
  "medianPS": 0.39,
  "hienTaiPS": 43.70795565225076
}