{
  "minPB": 0.1883,
  "maxPB": 2.0151,
  "medianPB": 0.82,
  "hienTaiPB": 1.5364646274506084,
  "minPE": -50.4125,
  "maxPE": 74.5453,
  "medianPE": 5.82,
  "hienTaiPE": 14.13995426195406,
  "minPS": 0.1212,
  "maxPS": 1.1979,
  "medianPS": 0.38,
  "hienTaiPS": 1.0361506630721258
}