{
  "minPB": 0,
  "maxPB": 1.984,
  "medianPB": 0.75,
  "hienTaiPB": 1.2563357174734255,
  "minPE": -48.1719,
  "maxPE": 62.2673,
  "medianPE": 4.94,
  "hienTaiPE": 11.561951551211054,
  "minPS": 0,
  "maxPS": 1.1718,
  "medianPS": 0.34,
  "hienTaiPS": 0.8472392162136719
}