{
  "minPB": 0,
  "maxPB": 1.984,
  "medianPB": 0.75,
  "hienTaiPB": 1.3836670401903268,
  "minPE": -48.1719,
  "maxPE": 62.2673,
  "medianPE": 4.94,
  "hienTaiPE": 12.733770965185148,
  "minPS": 0,
  "maxPS": 1.1718,
  "medianPS": 0.34,
  "hienTaiPS": 0.9331080556947873
}