{
  "minPB": 0,
  "maxPB": 1.984,
  "medianPB": 0.75,
  "hienTaiPB": 1.3582007756469467,
  "minPE": -48.1719,
  "maxPE": 62.2673,
  "medianPE": 4.97,
  "hienTaiPE": 12.499407082390329,
  "minPS": 0,
  "maxPS": 1.1718,
  "medianPS": 0.34,
  "hienTaiPS": 0.9159342877985642
}