{
  "minPB": 0.1883,
  "maxPB": 2.0151,
  "medianPB": 0.82,
  "hienTaiPB": 1.4006445498859137,
  "minPE": -50.4125,
  "maxPE": 74.5453,
  "medianPE": 5.81,
  "hienTaiPE": 12.890013553715027,
  "minPS": 0.1212,
  "maxPS": 1.1979,
  "medianPS": 0.38,
  "hienTaiPS": 0.9445572342922693
}