{
  "minPB": 0,
  "maxPB": 1.984,
  "medianPB": 0.75,
  "hienTaiPB": 1.4855320983638478,
  "minPE": -48.1719,
  "maxPE": 62.2673,
  "medianPE": 4.97,
  "hienTaiPE": 13.671226496364422,
  "minPS": 0,
  "maxPS": 1.1718,
  "medianPS": 0.34,
  "hienTaiPS": 1.0018031272796797
}