{
  "minPB": 0.4703,
  "maxPB": 0.7384,
  "medianPB": 0.53,
  "hienTaiPB": 0.7383517444405191,
  "minPE": -4.7964,
  "maxPE": 66.7704,
  "medianPE": -4.48,
  "hienTaiPE": 66.77035200611762,
  "minPS": 0.1343,
  "maxPS": 2.6311,
  "medianPS": 0.38,
  "hienTaiPS": 3.794898772907145
}