{
  "minPB": 0.3841,
  "maxPB": 1.1438,
  "medianPB": 0.47,
  "hienTaiPB": 0.6592426289647492,
  "minPE": -41.5001,
  "maxPE": 118.9714,
  "medianPE": 8.72,
  "hienTaiPE": 59.616385719747875,
  "minPS": 0.2347,
  "maxPS": 2.7139,
  "medianPS": 0.42,
  "hienTaiPS": 3.3883024758099505
}