{
  "minPB": 0.2966,
  "maxPB": 1.4381,
  "medianPB": 0.54,
  "hienTaiPB": 0.5719790011534434,
  "minPE": 4.8138,
  "maxPE": 79.0066,
  "medianPE": 12.69,
  "hienTaiPE": 24.490362107644934,
  "minPS": 0.2155,
  "maxPS": 1.7749,
  "medianPS": 0.73,
  "hienTaiPS": 0.814963825894955
}