{
  "minPB": 0.2966,
  "maxPB": 1.4381,
  "medianPB": 0.54,
  "hienTaiPB": 0.5671805196001427,
  "minPE": 4.8138,
  "maxPE": 79.0066,
  "medianPE": 12.72,
  "hienTaiPE": 24.284906049694893,
  "minPS": 0.2155,
  "maxPS": 1.823,
  "medianPS": 0.71,
  "hienTaiPS": 0.8081268810468429
}