{
  "minPB": 0.2966,
  "maxPB": 1.4381,
  "medianPB": 0.54,
  "hienTaiPB": 0.5844550531920252,
  "minPE": 4.8138,
  "maxPE": 79.0066,
  "medianPE": 12.74,
  "hienTaiPE": 25.024547858315042,
  "minPS": 0.2155,
  "maxPS": 1.823,
  "medianPS": 0.72,
  "hienTaiPS": 0.8327398825000463
}