{
  "minPB": 0.2966,
  "maxPB": 1.4381,
  "medianPB": 0.54,
  "hienTaiPB": 0.5681402159108028,
  "minPE": 4.8138,
  "maxPE": 79.0066,
  "medianPE": 12.71,
  "hienTaiPE": 24.3259972612849,
  "minPS": 0.2155,
  "maxPS": 1.823,
  "medianPS": 0.71,
  "hienTaiPS": 0.8094942700164653
}