{
  "minPB": 0.2966,
  "maxPB": 1.4381,
  "medianPB": 0.54,
  "hienTaiPB": 0.5652611269788224,
  "minPE": 4.8138,
  "maxPE": 79.0066,
  "medianPE": 12.69,
  "hienTaiPE": 24.314920352586597,
  "minPS": 0.2155,
  "maxPS": 1.7749,
  "medianPS": 0.73,
  "hienTaiPS": 0.8222436500514644
}