{
  "minPB": 0.2966,
  "maxPB": 1.4381,
  "medianPB": 0.54,
  "hienTaiPB": 0.5700596085321231,
  "minPE": 4.8138,
  "maxPE": 79.0066,
  "medianPE": 12.73,
  "hienTaiPE": 24.40817968446492,
  "minPS": 0.2155,
  "maxPS": 1.823,
  "medianPS": 0.71,
  "hienTaiPS": 0.8122290479557102
}