{
  "minPB": 0.2976,
  "maxPB": 1.4305,
  "medianPB": 0.54,
  "hienTaiPB": 0.5873341421240056,
  "minPE": 4.8207,
  "maxPE": 78.8567,
  "medianPE": 12.75,
  "hienTaiPE": 25.14782149308507,
  "minPS": 0.2155,
  "maxPS": 1.807,
  "medianPS": 0.72,
  "hienTaiPS": 0.8368420494089135
}