{
  "minPB": 0.6242,
  "maxPB": 4.7452,
  "medianPB": 1.87,
  "hienTaiPB": 2.385906022621324,
  "minPE": 3.4154,
  "maxPE": 19.079,
  "medianPE": 10.94,
  "hienTaiPE": 12.134682868993211,
  "minPS": 0.2887,
  "maxPS": 2.1098,
  "medianPS": 1.11,
  "hienTaiPS": 1.490505378493797
}