{
  "minPB": 0.6242,
  "maxPB": 4.7453,
  "medianPB": 1.86,
  "hienTaiPB": 2.382224068882711,
  "minPE": 3.3982,
  "maxPE": 19.1278,
  "medianPE": 10.91,
  "hienTaiPE": 12.11595650654106,
  "minPS": 0.2887,
  "maxPS": 2.1107,
  "medianPS": 1.11,
  "hienTaiPS": 1.4882052158726646
}