{
  "minPB": 0.6242,
  "maxPB": 4.7453,
  "medianPB": 1.86,
  "hienTaiPB": 2.315948901587674,
  "minPE": 3.3982,
  "maxPE": 19.1278,
  "medianPE": 10.91,
  "hienTaiPE": 11.77888198240236,
  "minPS": 0.2887,
  "maxPS": 2.1075,
  "medianPS": 1.12,
  "hienTaiPS": 1.4468022886922813
}