{
  "minPB": 0.6242,
  "maxPB": 4.7453,
  "medianPB": 1.86,
  "hienTaiPB": 2.2607195955084767,
  "minPE": 3.3982,
  "maxPE": 19.1278,
  "medianPE": 10.91,
  "hienTaiPE": 11.49798654562011,
  "minPS": 0.2887,
  "maxPS": 2.1107,
  "medianPS": 1.11,
  "hienTaiPS": 1.4122998493752954
}