{
  "minPB": 0.6242,
  "maxPB": 4.7453,
  "medianPB": 1.86,
  "hienTaiPB": 2.385906022621324,
  "minPE": 3.4068,
  "maxPE": 19.1034,
  "medianPE": 10.91,
  "hienTaiPE": 12.134682868993211,
  "minPS": 0.2887,
  "maxPS": 2.1102,
  "medianPS": 1.11,
  "hienTaiPS": 1.490505378493797
}