{
  "minPB": 0.6242,
  "maxPB": 4.7452,
  "medianPB": 1.86,
  "hienTaiPB": 2.430089467484682,
  "minPE": 3.4154,
  "maxPE": 19.079,
  "medianPE": 10.92,
  "hienTaiPE": 12.35939921841901,
  "minPS": 0.2887,
  "maxPS": 2.1098,
  "medianPS": 1.11,
  "hienTaiPS": 1.518107329947386
}