{
  "minPB": 0.6242,
  "maxPB": 4.7453,
  "medianPB": 1.86,
  "hienTaiPB": 2.297539132894608,
  "minPE": 3.3982,
  "maxPE": 19.1278,
  "medianPE": 10.91,
  "hienTaiPE": 11.685250170141611,
  "minPS": 0.2887,
  "maxPS": 2.1098,
  "medianPS": 1.12,
  "hienTaiPS": 1.4353014755866194
}