{
  "minPB": 0.6242,
  "maxPB": 4.7452,
  "medianPB": 1.87,
  "hienTaiPB": 2.367496253928258,
  "minPE": 3.4154,
  "maxPE": 19.079,
  "medianPE": 10.92,
  "hienTaiPE": 12.04105105673246,
  "minPS": 0.2887,
  "maxPS": 2.1098,
  "medianPS": 1.11,
  "hienTaiPS": 1.479004565388135
}