{
  "minPB": 0.6242,
  "maxPB": 4.7452,
  "medianPB": 1.86,
  "hienTaiPB": 2.3564503927124187,
  "minPE": 3.4154,
  "maxPE": 19.079,
  "medianPE": 10.92,
  "hienTaiPE": 11.98487196937601,
  "minPS": 0.2887,
  "maxPS": 2.1098,
  "medianPS": 1.11,
  "hienTaiPS": 1.4721040775247378
}