{
  "minPB": 0.2411,
  "maxPB": 1.4067,
  "medianPB": 0.51,
  "hienTaiPB": 0.4075279241849195,
  "minPE": -86.6808,
  "maxPE": 130.5811,
  "medianPE": 3.98,
  "hienTaiPE": -0.8511,
  "minPS": 0.067,
  "maxPS": 0.4707,
  "medianPS": 0.16,
  "hienTaiPS": 0.08034233818151013
}