{
  "minPB": 0.5629,
  "maxPB": 0.647,
  "medianPB": 0.59,
  "hienTaiPB": 0.5865704555763843,
  "minPE": 10.7639,
  "maxPE": 12.3703,
  "medianPE": 11.31,
  "hienTaiPE": 10.956565064533311,
  "minPS": 0.0237,
  "maxPS": 0.4011,
  "medianPS": 0.15,
  "hienTaiPS": 0.07289027350132271
}