{
  "minPB": 0.5915,
  "maxPB": 1.4048,
  "medianPB": 0.9,
  "hienTaiPB": 0.6622569659733372,
  "minPE": -349.1384,
  "maxPE": 78.4707,
  "medianPE": 15.18,
  "hienTaiPE": 12.370315395440835,
  "minPS": 0.0236,
  "maxPS": 0.4011,
  "medianPS": 0.16,
  "hienTaiPS": 0.08229547008213856
}