{
  "minPB": 0.5915,
  "maxPB": 1.4048,
  "medianPB": 0.9,
  "hienTaiPB": 0.6244137107748607,
  "minPE": -349.1384,
  "maxPE": 78.4707,
  "medianPE": 15.17,
  "hienTaiPE": 11.663440229987073,
  "minPS": 0.0236,
  "maxPS": 0.4011,
  "medianPS": 0.16,
  "hienTaiPS": 0.07759287179173063
}