{
  "minPB": 0.5629,
  "maxPB": 0.647,
  "medianPB": 0.59,
  "hienTaiPB": 0.5960312693760035,
  "minPE": 10.7639,
  "maxPE": 12.3703,
  "medianPE": 11.31,
  "hienTaiPE": 11.133283855896751,
  "minPS": 0.0237,
  "maxPS": 0.4011,
  "medianPS": 0.15,
  "hienTaiPS": 0.07406592307392469
}