{
  "minPB": 1.0212,
  "maxPB": 1.2537,
  "medianPB": 1.18,
  "hienTaiPB": 1.0915878935901613,
  "minPE": 8.0954,
  "maxPE": 23.872,
  "medianPE": 22.45,
  "hienTaiPE": 8.095382231666607,
  "minPS": 0.022,
  "maxPS": 0.3781,
  "medianPS": 0.17,
  "hienTaiPS": 0.1608107366104376
}