{
  "minPB": -0.8327,
  "maxPB": 45.6688,
  "medianPB": 1.24,
  "hienTaiPB": 1.1593416249164472,
  "minPE": -2.4377,
  "maxPE": 57.6055,
  "medianPE": 9.64,
  "hienTaiPE": 8.597854232252809,
  "minPS": 0.1133,
  "maxPS": 0.3208,
  "medianPS": 0.17,
  "hienTaiPS": 0.17079209267591305
}