{
  "minPB": 0.45,
  "maxPB": 1.5891,
  "medianPB": 0.85,
  "hienTaiPB": 1.4910212072155953,
  "minPE": 1.943,
  "maxPE": 21.1119,
  "medianPE": 4.09,
  "hienTaiPE": 8.20211685523313,
  "minPS": 0.0132,
  "maxPS": 0.0325,
  "medianPS": 0.02,
  "hienTaiPS": 0.028260632709846727
}