{
  "minPB": 0.45,
  "maxPB": 1.5891,
  "medianPB": 0.85,
  "hienTaiPB": 1.3468512177138328,
  "minPE": 1.943,
  "maxPE": 21.1119,
  "medianPE": 4.11,
  "hienTaiPE": 7.409036853963769,
  "minPS": 0.0132,
  "maxPS": 0.0325,
  "medianPS": 0.02,
  "hienTaiPS": 0.025528052447825925
}