{
  "minPB": 0.45,
  "maxPB": 1.5891,
  "medianPB": 0.85,
  "hienTaiPB": 1.39806950345788,
  "minPE": 1.943,
  "maxPE": 21.1119,
  "medianPE": 4.1,
  "hienTaiPE": 7.690788959677885,
  "minPS": 0.0132,
  "maxPS": 0.0325,
  "medianPS": 0.02,
  "hienTaiPS": 0.026498837540912264
}