{
  "minPB": 0.45,
  "maxPB": 1.5891,
  "medianPB": 0.85,
  "hienTaiPB": 1.4492877892019271,
  "minPE": 1.943,
  "maxPE": 21.1119,
  "medianPE": 4.09,
  "hienTaiPE": 7.972541065392,
  "minPS": 0.0132,
  "maxPS": 0.0325,
  "medianPS": 0.02,
  "hienTaiPS": 0.0274696226339986
}