{
  "minPB": 0.5584,
  "maxPB": 2.3696,
  "medianPB": 0.83,
  "hienTaiPB": 0.5435511464465044,
  "minPE": 3.9227,
  "maxPE": 29.5339,
  "medianPE": 7.75,
  "hienTaiPE": 10.514444662225905,
  "minPS": 0.04,
  "maxPS": 0.1966,
  "medianPS": 0.07,
  "hienTaiPS": 0.042346310508080014
}