{
  "minPB": 0.5589,
  "maxPB": 2.3696,
  "medianPB": 0.83,
  "hienTaiPB": 0.562735304556381,
  "minPE": 3.9227,
  "maxPE": 29.5339,
  "medianPE": 7.75,
  "hienTaiPE": 10.885542709127996,
  "minPS": 0.04,
  "maxPS": 0.1966,
  "medianPS": 0.07,
  "hienTaiPS": 0.04384088617307107
}