{
  "minPB": 0.5599,
  "maxPB": 2.3719,
  "medianPB": 0.83,
  "hienTaiPB": 0.5307617077065867,
  "minPE": 3.9211,
  "maxPE": 29.5339,
  "medianPE": 7.72,
  "hienTaiPE": 10.267045964291178,
  "minPS": 0.0395,
  "maxPS": 0.1889,
  "medianPS": 0.07,
  "hienTaiPS": 0.0413499267314193
}