{
  "minPB": 0.5589,
  "maxPB": 2.3696,
  "medianPB": 0.83,
  "hienTaiPB": 0.5499458658164633,
  "minPE": 3.9227,
  "maxPE": 29.5339,
  "medianPE": 7.74,
  "hienTaiPE": 10.638144011193269,
  "minPS": 0.04,
  "maxPS": 0.1966,
  "medianPS": 0.07,
  "hienTaiPS": 0.04284450239641036
}