{
  "minPB": 0.5589,
  "maxPB": 2.3696,
  "medianPB": 0.83,
  "hienTaiPB": 0.5563405851864222,
  "minPE": 3.9227,
  "maxPE": 29.5339,
  "medianPE": 7.75,
  "hienTaiPE": 10.761843360160633,
  "minPS": 0.04,
  "maxPS": 0.1966,
  "medianPS": 0.07,
  "hienTaiPS": 0.04334269428474072
}