{
  "minPB": 1.0289,
  "maxPB": 4.6478,
  "medianPB": 3.14,
  "hienTaiPB": 5.155731287406098,
  "minPE": 2.456,
  "maxPE": 42.613,
  "medianPE": 7.36,
  "hienTaiPE": 23.490398193197976,
  "minPS": 0.3971,
  "maxPS": 1.1916,
  "medianPS": 0.87,
  "hienTaiPS": 1.1188053606109158
}