{
  "minPB": 1.0289,
  "maxPB": 4.7078,
  "medianPB": 3.14,
  "hienTaiPB": 5.886126553121962,
  "minPE": 2.456,
  "maxPE": 42.613,
  "medianPE": 7.36,
  "hienTaiPE": 26.81820460390102,
  "minPS": 0.3971,
  "maxPS": 1.2222,
  "medianPS": 0.87,
  "hienTaiPS": 1.2773027866974622
}