{
  "minPB": 1.0289,
  "maxPB": 4.653,
  "medianPB": 3.14,
  "hienTaiPB": 6.503955019062793,
  "minPE": 2.456,
  "maxPE": 42.613,
  "medianPE": 7.36,
  "hienTaiPE": 29.633137320719246,
  "minPS": 0.3971,
  "maxPS": 1.2027,
  "medianPS": 0.87,
  "hienTaiPS": 1.4113729624106703
}