{
  "minPB": 1.0289,
  "maxPB": 4.653,
  "medianPB": 3.14,
  "hienTaiPB": 5.937755473375015,
  "minPE": 2.456,
  "maxPE": 42.613,
  "medianPE": 7.36,
  "hienTaiPE": 27.05343484136346,
  "minPS": 0.3971,
  "maxPS": 1.1984,
  "medianPS": 0.87,
  "hienTaiPS": 1.2885063792669131
}