{
  "minPB": 3.2206,
  "maxPB": 4.391,
  "medianPB": 3.84,
  "hienTaiPB": 3.93124510664715,
  "minPE": 17.8083,
  "maxPE": 24.2803,
  "medianPE": 20.47,
  "hienTaiPE": 17.911428622313455,
  "minPS": 0.3971,
  "maxPS": 1.1915,
  "medianPS": 0.86,
  "hienTaiPS": 0.8530890874658233
}