{
  "minPB": 1.0289,
  "maxPB": 4.7078,
  "medianPB": 3.14,
  "hienTaiPB": 6.358735254467521,
  "minPE": 2.456,
  "maxPE": 42.613,
  "medianPE": 7.36,
  "hienTaiPE": 28.971491104944167,
  "minPS": 0.3971,
  "maxPS": 1.2027,
  "medianPS": 0.87,
  "hienTaiPS": 1.3798599447534627
}