{
  "minPB": 1.0289,
  "maxPB": 4.653,
  "medianPB": 3.14,
  "hienTaiPB": 6.773413586208753,
  "minPE": 2.456,
  "maxPE": 42.613,
  "medianPE": 7.36,
  "hienTaiPE": 30.8608368818443,
  "minPS": 0.3971,
  "maxPS": 1.1924,
  "medianPS": 0.87,
  "hienTaiPS": 1.4698460814659324
}