{
  "minPB": 1.0289,
  "maxPB": 4.7078,
  "medianPB": 3.14,
  "hienTaiPB": 5.800197698331861,
  "minPE": 2.456,
  "maxPE": 42.613,
  "medianPE": 7.36,
  "hienTaiPE": 26.42669796734772,
  "minPS": 0.3971,
  "maxPS": 1.2027,
  "medianPS": 0.87,
  "hienTaiPS": 1.2586560306872803
}