{
  "minPB": 0.8594,
  "maxPB": 3.6227,
  "medianPB": 1.93,
  "hienTaiPB": 3.123046603654496,
  "minPE": -79.5202,
  "maxPE": 30.7926,
  "medianPE": 7.93,
  "hienTaiPE": 13.390431180356181,
  "minPS": 1.853,
  "maxPS": 6.5544,
  "medianPS": 3.4,
  "hienTaiPS": 6.1416957167777335
}