{
  "minPB": 0.8594,
  "maxPB": 3.6227,
  "medianPB": 1.93,
  "hienTaiPB": 3.113724076479408,
  "minPE": -79.5202,
  "maxPE": 30.7926,
  "medianPE": 7.93,
  "hienTaiPE": 13.35045974399691,
  "minPS": 1.8355,
  "maxPS": 6.5544,
  "medianPS": 3.41,
  "hienTaiPS": 6.1233622967276515
}