{
  "minPB": 0.7667,
  "maxPB": 3.0644,
  "medianPB": 1.31,
  "hienTaiPB": 1.7920366360970579,
  "minPE": 5.6274,
  "maxPE": 36.0556,
  "medianPE": 8.91,
  "hienTaiPE": 37.908951076806616,
  "minPS": 0.5136,
  "maxPS": 4.4329,
  "medianPS": 1.71,
  "hienTaiPS": 2.192556976995654
}