{
  "minPB": 0.7667,
  "maxPB": 3.0738,
  "medianPB": 1.31,
  "hienTaiPB": 1.7670314737329127,
  "minPE": 5.6274,
  "maxPE": 36.0556,
  "medianPE": 8.91,
  "hienTaiPE": 37.37998896875815,
  "minPS": 0.5136,
  "maxPS": 4.4329,
  "medianPS": 1.71,
  "hienTaiPS": 2.1619631587119934
}