{
  "minPB": 0.7667,
  "maxPB": 3.0738,
  "medianPB": 1.3,
  "hienTaiPB": 1.8357956702343114,
  "minPE": 5.6274,
  "maxPE": 35.9131,
  "medianPE": 8.91,
  "hienTaiPE": 38.83463476589143,
  "minPS": 0.5073,
  "maxPS": 4.4838,
  "medianPS": 1.74,
  "hienTaiPS": 2.246096158992059
}