{
  "minPB": 0.7667,
  "maxPB": 3.0738,
  "medianPB": 1.3,
  "hienTaiPB": 1.7691152372632581,
  "minPE": 5.6274,
  "maxPE": 35.9844,
  "medianPE": 8.91,
  "hienTaiPE": 37.424069144428856,
  "minPS": 0.5073,
  "maxPS": 4.4838,
  "medianPS": 1.74,
  "hienTaiPS": 2.164512643568965
}