{
  "minPB": 0.7667,
  "maxPB": 3.0549,
  "medianPB": 1.31,
  "hienTaiPB": 1.812874271400512,
  "minPE": 5.6274,
  "maxPE": 36.6969,
  "medianPE": 8.92,
  "hienTaiPE": 38.34975283351367,
  "minPS": 0.514,
  "maxPS": 4.4307,
  "medianPS": 1.71,
  "hienTaiPS": 2.2180518255653707
}