{
  "minPB": 0.7667,
  "maxPB": 3.0738,
  "medianPB": 1.3,
  "hienTaiPB": 1.8628845961288019,
  "minPE": 5.6274,
  "maxPE": 35.8419,
  "medianPE": 8.9,
  "hienTaiPE": 39.4076770496106,
  "minPS": 0.5073,
  "maxPS": 4.4838,
  "medianPS": 1.74,
  "hienTaiPS": 2.2792394621326912
}