{
  "minPB": 0.7667,
  "maxPB": 3.0549,
  "medianPB": 1.31,
  "hienTaiPB": 1.7711990007936036,
  "minPE": 5.6274,
  "maxPE": 36.2694,
  "medianPE": 8.92,
  "hienTaiPE": 37.46814932009956,
  "minPS": 0.5136,
  "maxPS": 4.4329,
  "medianPS": 1.71,
  "hienTaiPS": 2.1670621284259366
}