{
  "minPB": 0.7667,
  "maxPB": 3.0738,
  "medianPB": 1.3,
  "hienTaiPB": 1.962905245585382,
  "minPE": 5.6274,
  "maxPE": 35.8419,
  "medianPE": 8.9,
  "hienTaiPE": 41.523525481804455,
  "minPS": 0.5073,
  "maxPS": 4.4838,
  "medianPS": 1.74,
  "hienTaiPS": 2.4016147352673323
}