{
  "minPB": 0.4345,
  "maxPB": 3.7401,
  "medianPB": 0.91,
  "hienTaiPB": 4.751613120142917,
  "minPE": -112.1384,
  "maxPE": 320.9509,
  "medianPE": 12.09,
  "hienTaiPE": -1.7303,
  "minPS": 0.1097,
  "maxPS": 0.5879,
  "medianPS": 0.22,
  "hienTaiPS": 0.2506809288845395
}