{
  "minPB": 0.4345,
  "maxPB": 3.7401,
  "medianPB": 0.91,
  "hienTaiPB": 4.8267968720439125,
  "minPE": -112.1384,
  "maxPE": 320.9509,
  "medianPE": 12.06,
  "hienTaiPE": -1.929,
  "minPS": 0.1098,
  "maxPS": 0.5879,
  "medianPS": 0.22,
  "hienTaiPS": 0.2546473992782822
}