{
  "minPB": 0.4345,
  "maxPB": 3.8027,
  "medianPB": 0.91,
  "hienTaiPB": 5.0373113773666995,
  "minPE": -112.1384,
  "maxPE": 320.9509,
  "medianPE": 12.04,
  "hienTaiPE": -2.005,
  "minPS": 0.1098,
  "maxPS": 0.5879,
  "medianPS": 0.22,
  "hienTaiPS": 0.26575351638076183
}