{
  "minPB": 0.4345,
  "maxPB": 3.7401,
  "medianPB": 0.91,
  "hienTaiPB": 4.962127625465705,
  "minPE": -112.1384,
  "maxPE": 320.9509,
  "medianPE": 12.08,
  "hienTaiPE": -1.8472,
  "minPS": 0.1098,
  "maxPS": 0.5879,
  "medianPS": 0.22,
  "hienTaiPS": 0.26178704598701913
}