{
  "minPB": 0.4345,
  "maxPB": 3.7226,
  "medianPB": 0.91,
  "hienTaiPB": 4.165179855315152,
  "minPE": -112.1384,
  "maxPE": 320.9509,
  "medianPE": 12.1,
  "hienTaiPE": -1.6484,
  "minPS": 0.1097,
  "maxPS": 0.5879,
  "medianPS": 0.22,
  "hienTaiPS": 0.21974245981334634
}