{
  "minPB": 0.281,
  "maxPB": 2.1357,
  "medianPB": 0.67,
  "hienTaiPB": 0.6432264599724916,
  "minPE": 2.8263,
  "maxPE": 27.7365,
  "medianPE": 7.86,
  "hienTaiPE": 44.91615084541846,
  "minPS": 0.0239,
  "maxPS": 0.1623,
  "medianPS": 0.06,
  "hienTaiPS": 0.11771899548524356
}