{
  "minPB": 0.281,
  "maxPB": 2.1357,
  "medianPB": 0.67,
  "hienTaiPB": 0.589624254974784,
  "minPE": 2.8263,
  "maxPE": 27.4858,
  "medianPE": 7.85,
  "hienTaiPE": 41.173138274966924,
  "minPS": 0.0239,
  "maxPS": 0.1623,
  "medianPS": 0.06,
  "hienTaiPS": 0.10790907919480659
}