{
  "minPB": 0.281,
  "maxPB": 2.1357,
  "medianPB": 0.67,
  "hienTaiPB": 0.663327286846632,
  "minPE": 2.8263,
  "maxPE": 27.4563,
  "medianPE": 7.81,
  "hienTaiPE": 46.31978055933779,
  "minPS": 0.0239,
  "maxPS": 0.1622,
  "medianPS": 0.06,
  "hienTaiPS": 0.12139771409415742
}