{
  "minPB": 0.281,
  "maxPB": 2.1357,
  "medianPB": 0.67,
  "hienTaiPB": 0.6700275624713454,
  "minPE": 2.8263,
  "maxPE": 27.7365,
  "medianPE": 7.86,
  "hienTaiPE": 46.78765713064423,
  "minPS": 0.0239,
  "maxPS": 0.1623,
  "medianPS": 0.06,
  "hienTaiPS": 0.12262395363046204
}