{
  "minPB": 0.281,
  "maxPB": 2.1357,
  "medianPB": 0.67,
  "hienTaiPB": 0.6231256330983512,
  "minPE": 2.8263,
  "maxPE": 27.4858,
  "medianPE": 7.84,
  "hienTaiPE": 43.512521131499135,
  "minPS": 0.0239,
  "maxPS": 0.1623,
  "medianPS": 0.06,
  "hienTaiPS": 0.1140402768763297
}