{
  "minPB": 0,
  "maxPB": 3.6919,
  "medianPB": 1.44,
  "hienTaiPB": 0.6047927474176622,
  "minPE": 6.6713,
  "maxPE": 26.0903,
  "medianPE": 11.09,
  "hienTaiPE": 10.612921495055682,
  "minPS": 0.6086,
  "maxPS": 2.6562,
  "medianPS": 1.4,
  "hienTaiPS": 0.5716129725446987
}