{
  "minPB": 0,
  "maxPB": 3.6919,
  "medianPB": 1.46,
  "hienTaiPB": 0.598804700413527,
  "minPE": 6.6686,
  "maxPE": 26.1526,
  "medianPE": 11.11,
  "hienTaiPE": 24.907200618436782,
  "minPS": 0.6086,
  "maxPS": 2.6562,
  "medianPS": 1.39,
  "hienTaiPS": 0.5966902628255455
}