{
  "minPB": 0.3675,
  "maxPB": 1.7568,
  "medianPB": 0.92,
  "hienTaiPB": 0.3620855384784198,
  "minPE": -6.7081,
  "maxPE": 60.3053,
  "medianPE": 5.83,
  "hienTaiPE": -2.9778,
  "minPS": 0.0469,
  "maxPS": 0.2965,
  "medianPS": 0.13,
  "hienTaiPS": 0.14709604009434102
}