{
  "minPB": 0.2519,
  "maxPB": 1.488,
  "medianPB": 0.61,
  "hienTaiPB": 0.7568669897217887,
  "minPE": -81.9178,
  "maxPE": 101.2165,
  "medianPE": 4.6,
  "hienTaiPE": 71.15700006842202,
  "minPS": 0.0286,
  "maxPS": 0.1919,
  "medianPS": 0.09,
  "hienTaiPS": 0.09892958016653633
}