{
  "minPB": 0.5959,
  "maxPB": 0.9104,
  "medianPB": 0.85,
  "hienTaiPB": 0.868405282943947,
  "minPE": -85.8187,
  "maxPE": 80.1453,
  "medianPE": -76.46,
  "hienTaiPE": 81.64329481534737,
  "minPS": 0.0286,
  "maxPS": 0.1923,
  "medianPS": 0.09,
  "hienTaiPS": 0.11350867619107853
}