{
  "minPB": 0.5672,
  "maxPB": 3.79,
  "medianPB": 0.96,
  "hienTaiPB": 1.9594353580378812,
  "minPE": 3.1578,
  "maxPE": 42.913,
  "medianPE": 9.97,
  "hienTaiPE": 16.275519024348796,
  "minPS": 2.0773,
  "maxPS": 13.4819,
  "medianPS": 5.57,
  "hienTaiPS": 4.6653503616150065
}