{
  "minPB": 0.5672,
  "maxPB": 3.79,
  "medianPB": 0.96,
  "hienTaiPB": 2.024373417454122,
  "minPE": 3.1578,
  "maxPE": 42.913,
  "medianPE": 9.95,
  "hienTaiPE": 16.81490942429119,
  "minPS": 2.0773,
  "maxPS": 13.4819,
  "medianPS": 5.57,
  "hienTaiPS": 4.819965719420691
}