{
  "minPB": 0.5672,
  "maxPB": 3.79,
  "medianPB": 0.96,
  "hienTaiPB": 1.8747335414080015,
  "minPE": 3.1578,
  "maxPE": 44.0177,
  "medianPE": 9.91,
  "hienTaiPE": 19.29427689657587,
  "minPS": 1.2964,
  "maxPS": 13.3662,
  "medianPS": 3.27,
  "hienTaiPS": 4.7946010478789
}