{
  "minPB": 0.5672,
  "maxPB": 3.79,
  "medianPB": 0.96,
  "hienTaiPB": 1.9424949947119052,
  "minPE": 3.1578,
  "maxPE": 44.0177,
  "medianPE": 9.95,
  "hienTaiPE": 16.13480848523339,
  "minPS": 2.0773,
  "maxPS": 13.4819,
  "medianPS": 5.57,
  "hienTaiPS": 4.6250159204483055
}