{
  "minPB": 0.5672,
  "maxPB": 3.79,
  "medianPB": 0.96,
  "hienTaiPB": 1.8832037230709895,
  "minPE": 3.1578,
  "maxPE": 42.913,
  "medianPE": 9.95,
  "hienTaiPE": 15.642321598329461,
  "minPS": 2.0773,
  "maxPS": 13.4819,
  "medianPS": 5.57,
  "hienTaiPS": 4.4838453763648545
}