{
  "minPB": 0,
  "maxPB": 2.1539,
  "medianPB": 1.04,
  "hienTaiPB": 1.5488975967565355,
  "minPE": 0,
  "maxPE": 13.6576,
  "medianPE": 5.94,
  "hienTaiPE": 9.047648008777886,
  "minPS": 0,
  "maxPS": 0.5548,
  "medianPS": 0.25,
  "hienTaiPS": 0.36925852143316806
}