{
  "minPB": 0.4602,
  "maxPB": 2.1605,
  "medianPB": 1.12,
  "hienTaiPB": 1.5488975967565355,
  "minPE": 3.3837,
  "maxPE": 13.829,
  "medianPE": 6.19,
  "hienTaiPE": 9.047648008777886,
  "minPS": 0.0816,
  "maxPS": 0.5619,
  "medianPS": 0.27,
  "hienTaiPS": 0.36925852143316806
}