{
  "minPB": 0,
  "maxPB": 2.1539,
  "medianPB": 1.04,
  "hienTaiPB": 1.5555452259271645,
  "minPE": 0,
  "maxPE": 13.6576,
  "medianPE": 5.94,
  "hienTaiPE": 9.086479116111697,
  "minPS": 0,
  "maxPS": 0.5548,
  "medianPS": 0.25,
  "hienTaiPS": 0.37084332195434044
}