{
  "minPB": 0.4602,
  "maxPB": 2.1605,
  "medianPB": 1.12,
  "hienTaiPB": 1.5954310009509378,
  "minPE": 3.3837,
  "maxPE": 13.829,
  "medianPE": 6.19,
  "hienTaiPE": 9.31946576011456,
  "minPS": 0.0816,
  "maxPS": 0.5619,
  "medianPS": 0.27,
  "hienTaiPS": 0.38035212508137484
}