{
  "minPB": 0,
  "maxPB": 2.1539,
  "medianPB": 1.04,
  "hienTaiPB": 1.5621928550977933,
  "minPE": 0,
  "maxPE": 13.6576,
  "medianPE": 5.94,
  "hienTaiPE": 9.125310223445508,
  "minPS": 0,
  "maxPS": 0.5548,
  "medianPS": 0.25,
  "hienTaiPS": 0.3724281224755129
}