{
  "minPB": 0.4602,
  "maxPB": 2.1605,
  "medianPB": 1.12,
  "hienTaiPB": 1.5289547092446487,
  "minPE": 3.3837,
  "maxPE": 13.829,
  "medianPE": 6.19,
  "hienTaiPE": 8.931154686776454,
  "minPS": 0.0816,
  "maxPS": 0.5619,
  "medianPS": 0.27,
  "hienTaiPS": 0.36450411986965087
}