{
  "minPB": 1.2659,
  "maxPB": 3.5571,
  "medianPB": 1.85,
  "hienTaiPB": 1.7014633558168246,
  "minPE": 10.2143,
  "maxPE": 26.1961,
  "medianPE": 14.22,
  "hienTaiPE": 62.36490919918412,
  "minPS": 3.0394,
  "maxPS": 6.6035,
  "medianPS": 4.3,
  "hienTaiPS": 6.930081032681676
}