{
  "minPB": 1.2659,
  "maxPB": 3.5571,
  "medianPB": 1.85,
  "hienTaiPB": 1.5137432203159074,
  "minPE": 10.2143,
  "maxPE": 26.9711,
  "medianPE": 14.23,
  "hienTaiPE": 55.48427367720841,
  "minPS": 3.0394,
  "maxPS": 6.5938,
  "medianPS": 4.3,
  "hienTaiPS": 6.165494627667501
}