{
  "minPB": 1.2659,
  "maxPB": 3.5571,
  "medianPB": 1.86,
  "hienTaiPB": 1.5736539018587532,
  "minPE": 10.2143,
  "maxPE": 25.2524,
  "medianPE": 14.19,
  "hienTaiPE": 57.68022118422193,
  "minPS": 3.0607,
  "maxPS": 6.6179,
  "medianPS": 4.34,
  "hienTaiPS": 6.409511565437983
}