{
  "minPB": 1.2659,
  "maxPB": 3.5571,
  "medianPB": 1.85,
  "hienTaiPB": 1.593624129039702,
  "minPE": 10.2143,
  "maxPE": 26.0433,
  "medianPE": 14.22,
  "hienTaiPE": 58.41220368655977,
  "minPS": 3.0394,
  "maxPS": 6.5938,
  "medianPS": 4.29,
  "hienTaiPS": 6.49085054469481
}