{
  "minPB": 1.2659,
  "maxPB": 3.5571,
  "medianPB": 1.86,
  "hienTaiPB": 1.5856360381673225,
  "minPE": 10.2143,
  "maxPE": 25.4905,
  "medianPE": 14.2,
  "hienTaiPE": 58.119410685624636,
  "minPS": 3.0607,
  "maxPS": 6.6179,
  "medianPS": 4.34,
  "hienTaiPS": 6.458314952992079
}