{
  "minPB": 1.2659,
  "maxPB": 3.5571,
  "medianPB": 1.85,
  "hienTaiPB": 1.5736539018587532,
  "minPE": 10.2143,
  "maxPE": 25.8469,
  "medianPE": 14.21,
  "hienTaiPE": 57.68022118422193,
  "minPS": 3.0394,
  "maxPS": 6.5938,
  "medianPS": 4.29,
  "hienTaiPS": 6.409511565437983
}