{
  "minPB": 1.2659,
  "maxPB": 3.5571,
  "medianPB": 1.85,
  "hienTaiPB": 1.5816419927311327,
  "minPE": 10.2143,
  "maxPE": 25.8581,
  "medianPE": 14.22,
  "hienTaiPE": 57.97301418515707,
  "minPS": 3.0394,
  "maxPS": 6.5938,
  "medianPS": 4.29,
  "hienTaiPS": 6.442047157140713
}