{
  "minPB": 1.2659,
  "maxPB": 3.5571,
  "medianPB": 1.86,
  "hienTaiPB": 1.5816419927311327,
  "minPE": 10.2143,
  "maxPE": 25.2425,
  "medianPE": 14.18,
  "hienTaiPE": 57.97301418515707,
  "minPS": 3.0607,
  "maxPS": 6.6179,
  "medianPS": 4.34,
  "hienTaiPS": 6.442047157140713
}