{
  "minPB": 0.2281,
  "maxPB": 1.0056,
  "medianPB": 0.41,
  "hienTaiPB": 0.2534552126232321,
  "minPE": -43.2068,
  "maxPE": 2015.1219,
  "medianPE": 8.3,
  "hienTaiPE": -4.5279,
  "minPS": 0.077,
  "maxPS": 0.4117,
  "medianPS": 0.17,
  "hienTaiPS": 0.12692608956335108
}