{
  "minPB": 0.2281,
  "maxPB": 1.0056,
  "medianPB": 0.41,
  "hienTaiPB": 0.24289457876393078,
  "minPE": -43.2068,
  "maxPE": 2015.1219,
  "medianPE": 8.31,
  "hienTaiPE": -4.3384,
  "minPS": 0.077,
  "maxPS": 0.4117,
  "medianPS": 0.17,
  "hienTaiPS": 0.12163750249821145
}