{
  "minPB": 0.2281,
  "maxPB": 1.0056,
  "medianPB": 0.41,
  "hienTaiPB": 0.2439506421498609,
  "minPE": -43.2067,
  "maxPE": 2015.1219,
  "medianPE": 8.36,
  "hienTaiPE": -4.2626,
  "minPS": 0.0779,
  "maxPS": 0.4095,
  "medianPS": 0.17,
  "hienTaiPS": 0.12216636120472542
}