{
  "minPB": 0.2281,
  "maxPB": 1.0056,
  "medianPB": 0.41,
  "hienTaiPB": 0.2376142618342801,
  "minPE": -43.2067,
  "maxPE": 2015.1219,
  "medianPE": 8.37,
  "hienTaiPE": 7.9842,
  "minPS": 0.0779,
  "maxPS": 0.4095,
  "medianPS": 0.17,
  "hienTaiPS": 0.11899320896564164
}