{
  "minPB": 0,
  "maxPB": 20.1489,
  "medianPB": 1.88,
  "hienTaiPB": 1.268287971456027,
  "minPE": -17.7463,
  "maxPE": 158.5251,
  "medianPE": 1.98,
  "hienTaiPE": 2.021264479051132,
  "minPS": 0.0247,
  "maxPS": 0.1737,
  "medianPS": 0.06,
  "hienTaiPS": 0.039126695329568945
}