{
  "minPB": 0,
  "maxPB": 20.1489,
  "medianPB": 1.88,
  "hienTaiPB": 1.1414591743104243,
  "minPE": -17.7463,
  "maxPE": 158.5251,
  "medianPE": 1.98,
  "hienTaiPE": 1.8191380311460188,
  "minPS": 0.0247,
  "maxPS": 0.1737,
  "medianPS": 0.06,
  "hienTaiPS": 0.03521402579661205
}