{
  "minPB": 0.1376,
  "maxPB": 2.8608,
  "medianPB": 0.37,
  "hienTaiPB": 0.4502887136906382,
  "minPE": -96.1505,
  "maxPE": 116.9405,
  "medianPE": 9.64,
  "hienTaiPE": 709.8369184200791,
  "minPS": 0.2138,
  "maxPS": 38.3026,
  "medianPS": 0.82,
  "hienTaiPS": 0.2810400273796197
}