{
  "minPB": 0.1376,
  "maxPB": 2.8608,
  "medianPB": 0.37,
  "hienTaiPB": 0.43605033539212,
  "minPE": -96.1505,
  "maxPE": 117.3177,
  "medianPE": 9.64,
  "hienTaiPE": 687.3914822645035,
  "minPS": 0.2138,
  "maxPS": 38.3026,
  "medianPS": 0.82,
  "hienTaiPS": 0.27215338619765544
}