{
  "minPB": 0.1375,
  "maxPB": 2.8608,
  "medianPB": 0.37,
  "hienTaiPB": 0.4582978014835547,
  "minPE": -96.1505,
  "maxPE": 120.3355,
  "medianPE": 9.82,
  "hienTaiPE": 722.4624762575903,
  "minPS": 0.2153,
  "maxPS": 38.3026,
  "medianPS": 0.85,
  "hienTaiPS": 0.28603876304447456
}