{
  "minPB": 0.1375,
  "maxPB": 2.8608,
  "medianPB": 0.37,
  "hienTaiPB": 0.4538483082652678,
  "minPE": -96.1505,
  "maxPE": 118.9653,
  "medianPE": 9.67,
  "hienTaiPE": 715.4482774589729,
  "minPS": 0.2153,
  "maxPS": 38.3026,
  "medianPS": 0.86,
  "hienTaiPS": 0.28326168767511073
}