{
  "minPB": 0.1375,
  "maxPB": 2.8608,
  "medianPB": 0.37,
  "hienTaiPB": 0.4591877001272121,
  "minPE": -96.1505,
  "maxPE": 119.2038,
  "medianPE": 9.82,
  "hienTaiPE": 723.8653160173138,
  "minPS": 0.2153,
  "maxPS": 38.3026,
  "medianPS": 0.85,
  "hienTaiPS": 0.28659417811834736
}