{
  "minPB": 0.1376,
  "maxPB": 2.8608,
  "medianPB": 0.37,
  "hienTaiPB": 0.4396099299667496,
  "minPE": -96.1505,
  "maxPE": 116.9405,
  "medianPE": 9.64,
  "hienTaiPE": 693.0028413033973,
  "minPS": 0.2138,
  "maxPS": 38.3026,
  "medianPS": 0.82,
  "hienTaiPS": 0.2743750464931465
}