{
  "minPB": 0.1375,
  "maxPB": 2.8608,
  "medianPB": 0.37,
  "hienTaiPB": 0.4671967879201286,
  "minPE": -96.1505,
  "maxPE": 118.9653,
  "medianPE": 9.64,
  "hienTaiPE": 736.4908738548252,
  "minPS": 0.2153,
  "maxPS": 38.3026,
  "medianPS": 0.86,
  "hienTaiPS": 0.29159291378320223
}