{
  "minPB": 0.7502,
  "maxPB": 4.0965,
  "medianPB": 0.75,
  "hienTaiPB": 5.303704912209377,
  "minPE": 120.1826,
  "maxPE": 571.2858,
  "medianPE": 120.18,
  "hienTaiPE": 257.1423139596422,
  "minPS": 1.0747,
  "maxPS": 5.8685,
  "medianPS": 1.07,
  "hienTaiPS": 6.303236636376895
}