{
  "minPB": 0.7502,
  "maxPB": 3.1524,
  "medianPB": 0.75,
  "hienTaiPB": 4.616842387159052,
  "minPE": 120.1826,
  "maxPE": 440.2193,
  "medianPE": 120.18,
  "hienTaiPE": 223.8407970036342,
  "minPS": 1.0747,
  "maxPS": 4.5161,
  "medianPS": 1.07,
  "hienTaiPS": 5.486928583097962
}