{
  "minPB": 0.7502,
  "maxPB": 4.0965,
  "medianPB": 0.75,
  "hienTaiPB": 3.841366520777162,
  "minPE": 120.1826,
  "maxPE": 656.2778,
  "medianPE": 120.18,
  "hienTaiPE": 186.24299282673672,
  "minPS": 1.0747,
  "maxPS": 5.8685,
  "medianPS": 1.07,
  "hienTaiPS": 4.565307193425241
}