{
  "minPB": 0.7502,
  "maxPB": 2.0819,
  "medianPB": 0.75,
  "hienTaiPB": 3.099284351990665,
  "minPE": 120.1826,
  "maxPE": 290.3287,
  "medianPE": 120.18,
  "hienTaiPE": 150.26423284884442,
  "minPS": 1.0747,
  "maxPS": 3.4293,
  "medianPS": 1.07,
  "hienTaiPS": 3.6833728492408193
}