{
  "minPB": 0.3713,
  "maxPB": 0.956,
  "medianPB": 0.7,
  "hienTaiPB": 1.0470504097698,
  "minPE": -70.1546,
  "maxPE": 93.7038,
  "medianPE": 25.33,
  "hienTaiPE": -40.6875,
  "minPS": 0.5098,
  "maxPS": 1.204,
  "medianPS": 0.86,
  "hienTaiPS": 0.9202478981575135
}