{
  "minPB": 0.732,
  "maxPB": 0.9527,
  "medianPB": 0.85,
  "hienTaiPB": 0.8861909309621218,
  "minPE": -35.2738,
  "maxPE": -10.363,
  "medianPE": -12.03,
  "hienTaiPE": -33.7401,
  "minPS": 0.5098,
  "maxPS": 1.204,
  "medianPS": 0.84,
  "hienTaiPS": 0.778869225373245
}