{
  "minPB": 0.3713,
  "maxPB": 0.956,
  "medianPB": 0.7,
  "hienTaiPB": 1.0048772163588346,
  "minPE": -70.1546,
  "maxPE": 93.7038,
  "medianPE": 25.33,
  "hienTaiPE": -36.9056,
  "minPS": 0.5098,
  "maxPS": 1.204,
  "medianPS": 0.86,
  "hienTaiPS": 0.8831820680571617
}