{
  "minPB": 0.3713,
  "maxPB": 0.9567,
  "medianPB": 0.7,
  "hienTaiPB": 1.0681765685704148,
  "minPE": -70.1546,
  "maxPE": 93.7038,
  "medianPE": 25.33,
  "hienTaiPE": -39.8747,
  "minPS": 0.5098,
  "maxPS": 1.204,
  "medianPS": 0.86,
  "hienTaiPS": 0.9388155841552507
}