{
  "minPB": 1.088,
  "maxPB": 2.5067,
  "medianPB": 1.7,
  "hienTaiPB": 3.5037299441494216,
  "minPE": 5.3891,
  "maxPE": 11.3101,
  "medianPE": 8.1,
  "hienTaiPE": 9.876268068289026,
  "minPS": 0.5856,
  "maxPS": 1.196,
  "medianPS": 0.82,
  "hienTaiPS": 1.0957883564246595
}