{
  "minPB": 1.8718,
  "maxPB": 3.3881,
  "medianPB": 2.15,
  "hienTaiPB": 3.423054330268097,
  "minPE": 7.8401,
  "maxPE": 11.036,
  "medianPE": 8.91,
  "hienTaiPE": 9.648860704717467,
  "minPS": 0.5867,
  "maxPS": 1.1983,
  "medianPS": 0.83,
  "hienTaiPS": 1.070557131487879
}