{
  "minPB": 1.8718,
  "maxPB": 3.3886,
  "medianPB": 2.16,
  "hienTaiPB": 3.388625089609843,
  "minPE": 7.8401,
  "maxPE": 11.036,
  "medianPE": 8.94,
  "hienTaiPE": 9.551812012167305,
  "minPS": 0.5867,
  "maxPS": 1.1983,
  "medianPS": 0.83,
  "hienTaiPS": 1.059789417755588
}