{
  "minPB": 1.088,
  "maxPB": 2.4964,
  "medianPB": 1.7,
  "hienTaiPB": 3.526940388068925,
  "minPE": 5.3891,
  "maxPE": 11.3101,
  "medianPE": 8.1,
  "hienTaiPE": 9.941693363556368,
  "minPS": 0.5856,
  "maxPS": 1.196,
  "medianPS": 0.82,
  "hienTaiPS": 1.1030474016706864
}