{
  "minPB": 1.8718,
  "maxPB": 3.3526,
  "medianPB": 2.15,
  "hienTaiPB": 3.3525504254299054,
  "minPE": 7.8401,
  "maxPE": 11.036,
  "medianPE": 8.91,
  "hienTaiPE": 9.450125221348998,
  "minPS": 0.5867,
  "maxPS": 1.1983,
  "medianPS": 0.83,
  "hienTaiPS": 1.048507099311978
}