{
  "minPB": 1.088,
  "maxPB": 3.0047,
  "medianPB": 1.71,
  "hienTaiPB": 3.3132846368442794,
  "minPE": 5.3891,
  "maxPE": 11.3101,
  "medianPE": 8.13,
  "hienTaiPE": 9.339443330859131,
  "minPS": 0.5856,
  "maxPS": 1.196,
  "medianPS": 0.82,
  "hienTaiPS": 1.0362267596100532
}