{
  "minPB": 1.8718,
  "maxPB": 3.1818,
  "medianPB": 2.15,
  "hienTaiPB": 3.388076615102615,
  "minPE": 7.8401,
  "maxPE": 11.036,
  "medianPE": 8.9,
  "hienTaiPE": 9.550265979411256,
  "minPS": 0.5867,
  "maxPS": 1.1983,
  "medianPS": 0.83,
  "hienTaiPS": 1.059617882851815
}