{
  "minPB": 1.088,
  "maxPB": 2.3955,
  "medianPB": 1.7,
  "hienTaiPB": 3.585028824516233,
  "minPE": 5.3891,
  "maxPE": 11.3101,
  "medianPE": 8.1,
  "hienTaiPE": 10.105432287265184,
  "minPS": 0.5856,
  "maxPS": 1.196,
  "medianPS": 0.82,
  "hienTaiPS": 1.1212145073884547
}