{
  "minPB": 1.088,
  "maxPB": 2.8131,
  "medianPB": 1.71,
  "hienTaiPB": 3.3432014281476135,
  "minPE": 5.3891,
  "maxPE": 11.3101,
  "medianPE": 8.11,
  "hienTaiPE": 9.423772390279982,
  "minPS": 0.5856,
  "maxPS": 1.196,
  "medianPS": 0.82,
  "hienTaiPS": 1.0455832089067578
}