{
  "minPB": 1.088,
  "maxPB": 2.6348,
  "medianPB": 1.71,
  "hienTaiPB": 3.373118219450948,
  "minPE": 5.3891,
  "maxPE": 11.3101,
  "medianPE": 8.11,
  "hienTaiPE": 9.508101449700831,
  "minPS": 0.5856,
  "maxPS": 1.196,
  "medianPS": 0.82,
  "hienTaiPS": 1.0549396582034627
}