{
  "minPB": 1.088,
  "maxPB": 2.6133,
  "medianPB": 1.71,
  "hienTaiPB": 3.379176369689873,
  "minPE": 5.3891,
  "maxPE": 11.3101,
  "medianPE": 8.1,
  "hienTaiPE": 9.525178084233554,
  "minPS": 0.5856,
  "maxPS": 1.196,
  "medianPS": 0.82,
  "hienTaiPS": 1.0568343391860453
}