{
  "minPB": 0.4488,
  "maxPB": 1.4246,
  "medianPB": 0.92,
  "hienTaiPB": 1.1776374035554493,
  "minPE": -90.748,
  "maxPE": 64.0435,
  "medianPE": 6.15,
  "hienTaiPE": 6.896624058774182,
  "minPS": 0.3162,
  "maxPS": 1.3016,
  "medianPS": 0.51,
  "hienTaiPS": 0.6243717447341393
}