{
  "minPB": 0.4488,
  "maxPB": 1.4246,
  "medianPB": 0.92,
  "hienTaiPB": 1.2252874719074038,
  "minPE": -90.748,
  "maxPE": 64.0435,
  "medianPE": 6.15,
  "hienTaiPE": 7.175678211441346,
  "minPS": 0.3162,
  "maxPS": 1.3016,
  "medianPS": 0.51,
  "hienTaiPS": 0.649635341341879
}