{
  "minPB": 0.4488,
  "maxPB": 1.4246,
  "medianPB": 0.92,
  "hienTaiPB": 1.2184803192856961,
  "minPE": -90.748,
  "maxPE": 64.0435,
  "medianPE": 6.15,
  "hienTaiPE": 7.135813332488893,
  "minPS": 0.2852,
  "maxPS": 1.3016,
  "medianPS": 0.5,
  "hienTaiPS": 0.6460262561122019
}