{
  "minPB": 0.4488,
  "maxPB": 1.4246,
  "medianPB": 0.92,
  "hienTaiPB": 1.259323235015943,
  "minPE": -90.748,
  "maxPE": 64.0435,
  "medianPE": 6.15,
  "hienTaiPE": 7.375002606203605,
  "minPS": 0.3137,
  "maxPS": 1.3016,
  "medianPS": 0.51,
  "hienTaiPS": 0.6676807674902645
}