{
  "minPB": 1.0665,
  "maxPB": 2.5075,
  "medianPB": 1.47,
  "hienTaiPB": 1.177050724629586,
  "minPE": 5.1221,
  "maxPE": 13.7956,
  "medianPE": 8.43,
  "hienTaiPE": 7.286115061228354,
  "minPS": 1.2207,
  "maxPS": 4.7743,
  "medianPS": 2.72,
  "hienTaiPS": 3.428815254740399
}