{
  "minPB": 1.0665,
  "maxPB": 2.5075,
  "medianPB": 1.48,
  "hienTaiPB": 1.1629963876190834,
  "minPE": 5.1221,
  "maxPE": 13.7956,
  "medianPE": 8.43,
  "hienTaiPE": 7.199116672437568,
  "minPS": 1.2207,
  "maxPS": 4.7743,
  "medianPS": 2.72,
  "hienTaiPS": 3.3878741770718572
}