{
  "minPB": 1.0665,
  "maxPB": 2.5075,
  "medianPB": 1.47,
  "hienTaiPB": 1.187591477387463,
  "minPE": 5.1221,
  "maxPE": 13.7956,
  "medianPE": 8.42,
  "hienTaiPE": 7.351363852821444,
  "minPS": 1.2214,
  "maxPS": 4.7684,
  "medianPS": 2.44,
  "hienTaiPS": 3.4595210629918056
}