{
  "minPB": 1.0665,
  "maxPB": 2.5075,
  "medianPB": 1.47,
  "hienTaiPB": 1.1735371403769603,
  "minPE": 5.1221,
  "maxPE": 13.7956,
  "medianPE": 8.4,
  "hienTaiPE": 7.264365464030657,
  "minPS": 1.2214,
  "maxPS": 4.7684,
  "medianPS": 2.44,
  "hienTaiPS": 3.4185799853232637
}