{
  "minPB": 0.4321,
  "maxPB": 1.0154,
  "medianPB": 0.63,
  "hienTaiPB": 0.5948058057779725,
  "minPE": -4.6586,
  "maxPE": 18.2756,
  "medianPE": 8.71,
  "hienTaiPE": 14.943470123707687,
  "minPS": 0.1561,
  "maxPS": 0.7651,
  "medianPS": 0.28,
  "hienTaiPS": 0.4074704085016205
}