{
  "minPB": 0.4321,
  "maxPB": 1.0152,
  "medianPB": 0.63,
  "hienTaiPB": 0.7755063037358375,
  "minPE": -4.6219,
  "maxPE": 18.3926,
  "medianPE": 8.73,
  "hienTaiPE": 19.48325851572015,
  "minPS": 0.1562,
  "maxPS": 0.7632,
  "medianPS": 0.28,
  "hienTaiPS": 0.5312588870337583
}