{
  "minPB": 0.4321,
  "maxPB": 1.0152,
  "medianPB": 0.63,
  "hienTaiPB": 0.8131522408103927,
  "minPE": -4.6219,
  "maxPE": 18.5525,
  "medianPE": 8.73,
  "hienTaiPE": 20.42904776405608,
  "minPS": 0.1562,
  "maxPS": 0.7632,
  "medianPS": 0.28,
  "hienTaiPS": 0.5570481533946203
}