{
  "minPB": 0.4321,
  "maxPB": 1.0154,
  "medianPB": 0.63,
  "hienTaiPB": 0.6023349931928835,
  "minPE": -4.6586,
  "maxPE": 18.2756,
  "medianPE": 8.71,
  "hienTaiPE": 15.132627973374873,
  "minPS": 0.1561,
  "maxPS": 0.7632,
  "medianPS": 0.28,
  "hienTaiPS": 0.41262826177379286
}