{
  "minPB": 0.4321,
  "maxPB": 1.0152,
  "medianPB": 0.63,
  "hienTaiPB": 0.6392280115259477,
  "minPE": -4.6219,
  "maxPE": 18.2756,
  "medianPE": 8.72,
  "hienTaiPE": 16.059501436744085,
  "minPS": 0.1561,
  "maxPS": 0.7651,
  "medianPS": 0.28,
  "hienTaiPS": 0.4379017428074377
}