{
  "minPB": 0.4003,
  "maxPB": 1.3087,
  "medianPB": 0.84,
  "hienTaiPB": 1.2797300228754755,
  "minPE": 8.6354,
  "maxPE": 62.1756,
  "medianPE": 13.24,
  "hienTaiPE": 22.7638084427608,
  "minPS": 0.1919,
  "maxPS": 1.7185,
  "medianPS": 0.73,
  "hienTaiPS": 0.7960987290496641
}