{
  "minPB": 0,
  "maxPB": 1.3087,
  "medianPB": 0.78,
  "hienTaiPB": 1.2797300228754755,
  "minPE": 0,
  "maxPE": 58.3689,
  "medianPE": 12.71,
  "hienTaiPE": 22.7638084427608,
  "minPS": 0,
  "maxPS": 1.7185,
  "medianPS": 0.68,
  "hienTaiPS": 0.7960987290496641
}