{
  "minPB": 0.462,
  "maxPB": 2.0817,
  "medianPB": 0.99,
  "hienTaiPB": 0.8504993524796323,
  "minPE": 3.305,
  "maxPE": 46.4013,
  "medianPE": 11.25,
  "hienTaiPE": 11.359733718648064,
  "minPS": 0.0561,
  "maxPS": 0.3941,
  "medianPS": 0.17,
  "hienTaiPS": 0.14884896819101734
}