{
  "minPB": 0,
  "maxPB": 2.0784,
  "medianPB": 0.98,
  "hienTaiPB": 0.842399358646493,
  "minPE": 0,
  "maxPE": 46.4013,
  "medianPE": 10.4,
  "hienTaiPE": 11.251545778470463,
  "minPS": 0,
  "maxPS": 0.3898,
  "medianPS": 0.17,
  "hienTaiPS": 0.1474313589701505
}