{
  "minPB": 0,
  "maxPB": 2.0784,
  "medianPB": 0.98,
  "hienTaiPB": 0.8585993463127717,
  "minPE": 0,
  "maxPE": 46.4013,
  "medianPE": 10.39,
  "hienTaiPE": 11.467921658825665,
  "minPS": 0,
  "maxPS": 0.3898,
  "medianPS": 0.17,
  "hienTaiPS": 0.15026657741188415
}