{
  "minPB": 1.4434,
  "maxPB": 4.7669,
  "medianPB": 2.56,
  "hienTaiPB": 2.204838637379494,
  "minPE": 5.9895,
  "maxPE": 22.165,
  "medianPE": 13.59,
  "hienTaiPE": 13.092839202601189,
  "minPS": 0.5218,
  "maxPS": 2.6483,
  "medianPS": 1.39,
  "hienTaiPS": 1.3391799092734666
}