{
  "minPB": 1.4429,
  "maxPB": 4.7694,
  "medianPB": 2.56,
  "hienTaiPB": 2.2428027463674853,
  "minPE": 5.9031,
  "maxPE": 22.165,
  "medianPE": 13.59,
  "hienTaiPE": 13.318278818010217,
  "minPS": 0.5218,
  "maxPS": 2.6483,
  "medianPS": 1.39,
  "hienTaiPS": 1.3622386361881091
}