{
  "minPB": 0.424,
  "maxPB": 3.3428,
  "medianPB": 0.69,
  "hienTaiPB": 1.2569189974176604,
  "minPE": 2.3297,
  "maxPE": 19.1685,
  "medianPE": 8.69,
  "hienTaiPE": 10.655099544793384,
  "minPS": 0.9997,
  "maxPS": 4.5241,
  "medianPS": 1.91,
  "hienTaiPS": 3.134671182679116
}