{
  "minPB": 0.424,
  "maxPB": 3.3428,
  "medianPB": 0.69,
  "hienTaiPB": 1.0707087755780071,
  "minPE": 2.3297,
  "maxPE": 19.1685,
  "medianPE": 8.67,
  "hienTaiPE": 9.076566278898067,
  "minPS": 0.9939,
  "maxPS": 3.9514,
  "medianPS": 1.9,
  "hienTaiPS": 2.6702754519118392
}