{
  "minPB": 0.424,
  "maxPB": 3.3428,
  "medianPB": 0.69,
  "hienTaiPB": 1.0924333014593,
  "minPE": 2.3297,
  "maxPE": 19.1685,
  "medianPE": 8.67,
  "hienTaiPE": 9.260728493252522,
  "minPS": 0.9939,
  "maxPS": 3.9514,
  "medianPS": 1.9,
  "hienTaiPS": 2.7244549538346883
}