{
  "minPB": 0.424,
  "maxPB": 3.3428,
  "medianPB": 0.69,
  "hienTaiPB": 1.2988162973315827,
  "minPE": 2.3331,
  "maxPE": 19.1584,
  "medianPE": 8.7,
  "hienTaiPE": 11.01026952961983,
  "minPS": 0.9997,
  "maxPS": 4.5241,
  "medianPS": 1.91,
  "hienTaiPS": 3.239160222101753
}