{
  "minPB": 0.424,
  "maxPB": 3.3428,
  "medianPB": 0.69,
  "hienTaiPB": 1.078467534821326,
  "minPE": 2.3297,
  "maxPE": 19.1685,
  "medianPE": 8.68,
  "hienTaiPE": 9.142338498310373,
  "minPS": 0.9939,
  "maxPS": 3.9514,
  "medianPS": 1.9,
  "hienTaiPS": 2.6896252740271427
}