{
  "minPB": 0.424,
  "maxPB": 3.3428,
  "medianPB": 0.69,
  "hienTaiPB": 1.3407135972455047,
  "minPE": 2.3331,
  "maxPE": 19.1584,
  "medianPE": 8.71,
  "hienTaiPE": 11.365439514446276,
  "minPS": 0.9997,
  "maxPS": 4.5241,
  "medianPS": 1.91,
  "hienTaiPS": 3.3436492615243902
}