{
  "minPB": 0.424,
  "maxPB": 3.3428,
  "medianPB": 0.69,
  "hienTaiPB": 1.317437319515548,
  "minPE": 2.3314,
  "maxPE": 19.1635,
  "medianPE": 8.69,
  "hienTaiPE": 11.168122856209362,
  "minPS": 0.9997,
  "maxPS": 4.5241,
  "medianPS": 1.91,
  "hienTaiPS": 3.2855997951784808
}