{
  "minPB": 0.424,
  "maxPB": 3.3428,
  "medianPB": 0.69,
  "hienTaiPB": 1.3422653490941683,
  "minPE": 2.3331,
  "maxPE": 19.1584,
  "medianPE": 8.72,
  "hienTaiPE": 11.378593958328738,
  "minPS": 0.9997,
  "maxPS": 4.5241,
  "medianPS": 1.91,
  "hienTaiPS": 3.3475192259474507
}