{
  "minPB": 0,
  "maxPB": 1.1812,
  "medianPB": 1.13,
  "hienTaiPB": 1.061983024036033,
  "minPE": 0,
  "maxPE": 23.1997,
  "medianPE": 0,
  "hienTaiPE": 19.31853416964011,
  "minPS": 0.6377,
  "maxPS": 0.8057,
  "medianPS": 0.77,
  "hienTaiPS": 0.7019662004612006
}