{
  "minPB": 0,
  "maxPB": 1.1812,
  "medianPB": 1.13,
  "hienTaiPB": 1.0530587969432934,
  "minPE": 0,
  "maxPE": 23.1997,
  "medianPE": 0,
  "hienTaiPE": 19.156193546365824,
  "minPS": 0.6377,
  "maxPS": 0.8057,
  "medianPS": 0.76,
  "hienTaiPS": 0.6960673248270729
}