{
  "minPB": 0,
  "maxPB": 1.1812,
  "medianPB": 1.13,
  "hienTaiPB": 1.0651957457894194,
  "minPE": 0,
  "maxPE": 23.1997,
  "medianPE": 0,
  "hienTaiPE": 19.37697679401885,
  "minPS": 0.6377,
  "maxPS": 0.8057,
  "medianPS": 0.76,
  "hienTaiPS": 0.7040897956894866
}