{
  "minPB": 0,
  "maxPB": 1.1812,
  "medianPB": 1.13,
  "hienTaiPB": 1.0514524360666002,
  "minPE": 0,
  "maxPE": 23.1997,
  "medianPE": 0,
  "hienTaiPE": 19.12697223417645,
  "minPS": 0.6377,
  "maxPS": 0.8057,
  "medianPS": 0.77,
  "hienTaiPS": 0.6950055272129299
}