{
  "minPB": 1.062,
  "maxPB": 1.1812,
  "medianPB": 1.13,
  "hienTaiPB": 1.061983024036033,
  "minPE": 0,
  "maxPE": 23.3867,
  "medianPE": 21.48,
  "hienTaiPE": 19.31853416964011,
  "minPS": 0.6368,
  "maxPS": 0.8062,
  "medianPS": 0.77,
  "hienTaiPS": 0.7019662004612006
}