{
  "minPB": 0.6029,
  "maxPB": 4.2921,
  "medianPB": 0.95,
  "hienTaiPB": 3.540187782079092,
  "minPE": -3.7854,
  "maxPE": 90.3858,
  "medianPE": 14.8,
  "hienTaiPE": 54.58710797215333,
  "minPS": 0.1818,
  "maxPS": 2.0213,
  "medianPS": 0.33,
  "hienTaiPS": 1.5635988331728639
}