{
  "minPB": 0.6029,
  "maxPB": 4.2921,
  "medianPB": 0.95,
  "hienTaiPB": 3.6408566409167267,
  "minPE": -3.7854,
  "maxPE": 90.3858,
  "medianPE": 14.8,
  "hienTaiPE": 41.38768717033626,
  "minPS": 0.1818,
  "maxPS": 2.0172,
  "medianPS": 0.33,
  "hienTaiPS": 1.6591333380954232
}