{
  "minPB": 0.6029,
  "maxPB": 4.2921,
  "medianPB": 0.95,
  "hienTaiPB": 3.5150205703581507,
  "minPE": -3.7854,
  "maxPE": 90.1969,
  "medianPE": 14.8,
  "hienTaiPE": 54.19904521902279,
  "minPS": 0.1818,
  "maxPS": 2.0193,
  "medianPS": 0.33,
  "hienTaiPS": 1.5524832016574168
}