{
  "minPB": 0.6029,
  "maxPB": 4.2921,
  "medianPB": 0.95,
  "hienTaiPB": 3.422740794048032,
  "minPE": -3.7854,
  "maxPE": 90.3858,
  "medianPE": 14.8,
  "hienTaiPE": 52.77615859036109,
  "minPS": 0.1818,
  "maxPS": 2.0213,
  "medianPS": 0.33,
  "hienTaiPS": 1.5117258861007783
}