{
  "minPB": 0.1358,
  "maxPB": 2.8011,
  "medianPB": 0.45,
  "hienTaiPB": 0.2550266475914742,
  "minPE": -107.8775,
  "maxPE": 447.5846,
  "medianPE": 2.58,
  "hienTaiPE": 498.67971246220424,
  "minPS": 0.0188,
  "maxPS": 4.4937,
  "medianPS": 0.46,
  "hienTaiPS": 0.8190208717147657
}