{
  "minPB": 0,
  "maxPB": 1.1717,
  "medianPB": 1.12,
  "hienTaiPB": 0.2638206699222147,
  "minPE": 0,
  "maxPE": 485.3052,
  "medianPE": 0,
  "hienTaiPE": 515.8755646160733,
  "minPS": 0.0188,
  "maxPS": 4.5931,
  "medianPS": 0.58,
  "hienTaiPS": 0.8472629707394128
}