{
  "minPB": 0.1356,
  "maxPB": 2.803,
  "medianPB": 0.45,
  "hienTaiPB": 0.2530724204068652,
  "minPE": -116.0183,
  "maxPE": 442.9544,
  "medianPE": 2.54,
  "hienTaiPE": 494.85841198356667,
  "minPS": 0.0186,
  "maxPS": 4.5137,
  "medianPS": 0.46,
  "hienTaiPS": 0.8127448497092886
}