{
  "minPB": 0,
  "maxPB": 1.1717,
  "medianPB": 1.13,
  "hienTaiPB": 0.2540495339991697,
  "minPE": 0,
  "maxPE": 483.3945,
  "medianPE": 0,
  "hienTaiPE": 496.76906222288545,
  "minPS": 0.0188,
  "maxPS": 4.5931,
  "medianPS": 0.58,
  "hienTaiPS": 0.8158828607120272
}