{
  "minPB": 0,
  "maxPB": 1.1717,
  "medianPB": 1.13,
  "hienTaiPB": 0.2481868524453427,
  "minPE": 0,
  "maxPE": 470.02,
  "medianPE": 0,
  "hienTaiPE": 485.30516078697275,
  "minPS": 0.0188,
  "maxPS": 4.5931,
  "medianPS": 0.58,
  "hienTaiPS": 0.7970547946955957
}