{
  "minPB": 1.0009,
  "maxPB": 4.2416,
  "medianPB": 2.16,
  "hienTaiPB": 2.4645375096155173,
  "minPE": 10.5279,
  "maxPE": 98.1056,
  "medianPE": 25.16,
  "hienTaiPE": 25.908003171941836,
  "minPS": 4.5722,
  "maxPS": 34.7522,
  "medianPS": 14.09,
  "hienTaiPS": 14.680425686034102
}