{
  "minPB": 1.0009,
  "maxPB": 4.2416,
  "medianPB": 2.16,
  "hienTaiPB": 2.316491086776423,
  "minPE": 10.5279,
  "maxPE": 98.1056,
  "medianPE": 25.27,
  "hienTaiPE": 24.351692027337556,
  "minPS": 4.5722,
  "maxPS": 34.7522,
  "medianPS": 14.09,
  "hienTaiPS": 13.798562658957849
}