{
  "minPB": 2.08,
  "maxPB": 3.3492,
  "medianPB": 2.43,
  "hienTaiPB": 2.4645375096155173,
  "minPE": 21.3,
  "maxPE": 34.2966,
  "medianPE": 24.91,
  "hienTaiPE": 25.908003171941836,
  "minPS": 4.5722,
  "maxPS": 34.1547,
  "medianPS": 14.14,
  "hienTaiPS": 14.680425686034102
}