{
  "minPB": 0.6322,
  "maxPB": 1.0213,
  "medianPB": 0.78,
  "hienTaiPB": 0.6345903022444078,
  "minPE": 0,
  "maxPE": 25.1358,
  "medianPE": 20.5,
  "hienTaiPE": 9.93150369801836,
  "minPS": 0.414,
  "maxPS": 0.7326,
  "medianPS": 0.61,
  "hienTaiPS": 0.41553936092994564
}