{
  "minPB": 0.6326,
  "maxPB": 1.0213,
  "medianPB": 0.78,
  "hienTaiPB": 0.6971555433107579,
  "minPE": 0,
  "maxPE": 25.1358,
  "medianPE": 20.24,
  "hienTaiPE": 10.910666034442707,
  "minPS": 0.4143,
  "maxPS": 0.7271,
  "medianPS": 0.6,
  "hienTaiPS": 0.45650803031740506
}