{
  "minPB": 0.6326,
  "maxPB": 1.0213,
  "medianPB": 0.78,
  "hienTaiPB": 0.766066687399552,
  "minPE": 0,
  "maxPE": 25.1358,
  "medianPE": 20.48,
  "hienTaiPE": 11.989143407847235,
  "minPS": 0.414,
  "maxPS": 0.7326,
  "medianPS": 0.6,
  "hienTaiPS": 0.5016320933141639
}