{
  "minPB": 0.6326,
  "maxPB": 1.0213,
  "medianPB": 0.78,
  "hienTaiPB": 0.6524660854062221,
  "minPE": 0,
  "maxPE": 25.1358,
  "medianPE": 20.37,
  "hienTaiPE": 10.211264365568175,
  "minPS": 0.414,
  "maxPS": 0.7326,
  "medianPS": 0.6,
  "hienTaiPS": 0.4272446950406483
}