{
  "minPB": 0.6326,
  "maxPB": 1.0213,
  "medianPB": 0.78,
  "hienTaiPB": 0.7130649903247726,
  "minPE": 0,
  "maxPE": 25.1358,
  "medianPE": 20.49,
  "hienTaiPE": 11.15965302856204,
  "minPS": 0.414,
  "maxPS": 0.7326,
  "medianPS": 0.6,
  "hienTaiPS": 0.46692577767593046
}