{
  "minPB": 0.6771,
  "maxPB": 1.5936,
  "medianPB": 0.95,
  "hienTaiPB": 1.0863985921807906,
  "minPE": 6.3987,
  "maxPE": 32.1366,
  "medianPE": 11.64,
  "hienTaiPE": 10.332014434386926,
  "minPS": 1.7096,
  "maxPS": 8.7441,
  "medianPS": 2.58,
  "hienTaiPS": 3.2199537018196582
}