{
  "minPB": 0.6771,
  "maxPB": 1.5936,
  "medianPB": 0.95,
  "hienTaiPB": 1.0160562372913868,
  "minPE": 6.3987,
  "maxPE": 32.1366,
  "medianPE": 11.61,
  "hienTaiPE": 9.663035082520146,
  "minPS": 1.7096,
  "maxPS": 8.7441,
  "medianPS": 2.58,
  "hienTaiPS": 3.011467490910472
}