{
  "minPB": 0.6771,
  "maxPB": 1.5936,
  "medianPB": 0.95,
  "hienTaiPB": 1.0004246028715194,
  "minPE": 6.3987,
  "maxPE": 32.1366,
  "medianPE": 11.58,
  "hienTaiPE": 9.51437300432753,
  "minPS": 1.7096,
  "maxPS": 8.9946,
  "medianPS": 2.57,
  "hienTaiPS": 2.9651372218195413
}