{
  "minPB": 0.6771,
  "maxPB": 1.5936,
  "medianPB": 0.96,
  "hienTaiPB": 1.0043325114764863,
  "minPE": 6.3987,
  "maxPE": 32.1366,
  "medianPE": 11.53,
  "hienTaiPE": 9.551538523875683,
  "minPS": 1.7096,
  "maxPS": 8.9946,
  "medianPS": 2.57,
  "hienTaiPS": 2.976719789092274
}