{
  "minPB": 0.6771,
  "maxPB": 1.5936,
  "medianPB": 0.96,
  "hienTaiPB": 1.01214832868642,
  "minPE": 6.3987,
  "maxPE": 32.1366,
  "medianPE": 11.54,
  "hienTaiPE": 9.625869562971992,
  "minPS": 1.7096,
  "maxPS": 8.9946,
  "medianPS": 2.57,
  "hienTaiPS": 2.9998849236377394
}