{
  "minPB": 0.6771,
  "maxPB": 1.5936,
  "medianPB": 0.95,
  "hienTaiPB": 1.0707669577609231,
  "minPE": 6.3987,
  "maxPE": 32.1366,
  "medianPE": 11.63,
  "hienTaiPE": 10.183352356194309,
  "minPS": 1.7096,
  "maxPS": 8.7441,
  "medianPS": 2.58,
  "hienTaiPS": 3.173623432728728
}