{
  "minPB": 0.6771,
  "maxPB": 1.5936,
  "medianPB": 0.95,
  "hienTaiPB": 1.0434115975261549,
  "minPE": 6.3987,
  "maxPE": 32.1366,
  "medianPE": 11.62,
  "hienTaiPE": 9.923193719357227,
  "minPS": 1.7096,
  "maxPS": 8.7441,
  "medianPS": 2.58,
  "hienTaiPS": 3.0925454618195998
}