{
  "minPB": 0.3269,
  "maxPB": 1.3214,
  "medianPB": 0.7,
  "hienTaiPB": 0.49501736548858444,
  "minPE": -6.6186,
  "maxPE": 22.1845,
  "medianPE": 5.16,
  "hienTaiPE": 18.4815772541619,
  "minPS": 0.0586,
  "maxPS": 0.397,
  "medianPS": 0.24,
  "hienTaiPS": 0.3339990691696335
}