{
  "minPB": 0.3269,
  "maxPB": 1.3214,
  "medianPB": 0.7,
  "hienTaiPB": 0.46950100644278114,
  "minPE": -6.6186,
  "maxPE": 22.1845,
  "medianPE": 5.16,
  "hienTaiPE": 17.528918632813348,
  "minPS": 0.0586,
  "maxPS": 0.397,
  "medianPS": 0.24,
  "hienTaiPS": 0.3167826223052194
}