{
  "minPB": 0.3269,
  "maxPB": 1.3214,
  "medianPB": 0.7,
  "hienTaiPB": 0.47970755006110244,
  "minPE": -6.6186,
  "maxPE": 22.1845,
  "medianPE": 5.17,
  "hienTaiPE": 17.909982081352766,
  "minPS": 0.0586,
  "maxPS": 0.3995,
  "medianPS": 0.23,
  "hienTaiPS": 0.32366920105098507
}