{
  "minPB": 2.9362,
  "maxPB": 4.793,
  "medianPB": 3.71,
  "hienTaiPB": 3.452467155377167,
  "minPE": 10.048,
  "maxPE": 159.4717,
  "medianPE": 13.6,
  "hienTaiPE": 12.640053997822026,
  "minPS": 1.1142,
  "maxPS": 1.9607,
  "medianPS": 1.49,
  "hienTaiPS": 1.368936652732853
}