{
  "minPB": 2.772,
  "maxPB": 3.6534,
  "medianPB": 3.38,
  "hienTaiPB": 3.4171864691178384,
  "minPE": 10.8816,
  "maxPE": 14.3416,
  "medianPE": 13.19,
  "hienTaiPE": 12.510885562807786,
  "minPS": 1.1142,
  "maxPS": 1.9621,
  "medianPS": 1.49,
  "hienTaiPS": 1.354947519055291
}