{
  "minPB": 2.9362,
  "maxPB": 4.793,
  "medianPB": 3.71,
  "hienTaiPB": 3.8547677806942557,
  "minPE": 10.048,
  "maxPE": 159.4717,
  "medianPE": 13.62,
  "hienTaiPE": 14.112943209655826,
  "minPS": 1.1142,
  "maxPS": 1.9607,
  "medianPS": 1.49,
  "hienTaiPS": 1.5284527456104244
}