{
  "minPB": 2.9362,
  "maxPB": 4.793,
  "medianPB": 3.71,
  "hienTaiPB": 3.3819057828585097,
  "minPE": 10.048,
  "maxPE": 159.4717,
  "medianPE": 13.62,
  "hienTaiPE": 12.381717127793546,
  "minPS": 1.1142,
  "maxPS": 1.9607,
  "medianPS": 1.49,
  "hienTaiPS": 1.3409583853777292
}