{
  "minPB": 2.772,
  "maxPB": 3.6534,
  "medianPB": 3.38,
  "hienTaiPB": 3.4202105279400667,
  "minPE": 10.8816,
  "maxPE": 14.3416,
  "medianPE": 13.13,
  "hienTaiPE": 12.521957142951864,
  "minPS": 1.1142,
  "maxPS": 1.9621,
  "medianPS": 1.49,
  "hienTaiPS": 1.356146587656225
}