{
  "minPB": 2.772,
  "maxPB": 3.6534,
  "medianPB": 3.38,
  "hienTaiPB": 3.3768656848214627,
  "minPE": 10.8816,
  "maxPE": 14.3416,
  "medianPE": 13.13,
  "hienTaiPE": 12.363264494220083,
  "minPS": 1.1142,
  "maxPS": 1.9621,
  "medianPS": 1.49,
  "hienTaiPS": 1.338959937709506
}