{
  "minPB": 0.8716,
  "maxPB": 3.62,
  "medianPB": 1.18,
  "hienTaiPB": 3.882895298155162,
  "minPE": -212.1194,
  "maxPE": 4230.1915,
  "medianPE": 22.75,
  "hienTaiPE": -46.2699,
  "minPS": 1.7941,
  "maxPS": 7.7464,
  "medianPS": 2.41,
  "hienTaiPS": 8.83789554867648
}