{
  "minPB": 0.8716,
  "maxPB": 3.8219,
  "medianPB": 1.18,
  "hienTaiPB": 4.144490622073145,
  "minPE": -212.1194,
  "maxPE": 4230.1915,
  "medianPE": 22.66,
  "hienTaiPE": -49.3871,
  "minPS": 1.7941,
  "maxPS": 8.1785,
  "medianPS": 2.41,
  "hienTaiPS": 9.433315195945305
}