{
  "minPB": 0,
  "maxPB": 11.0922,
  "medianPB": 0.94,
  "hienTaiPB": 3.310478895083319,
  "minPE": -262.0886,
  "maxPE": 175.5077,
  "medianPE": 7.13,
  "hienTaiPE": 46.25380269269012,
  "minPS": 0.0685,
  "maxPS": 2.4273,
  "medianPS": 0.88,
  "hienTaiPS": 0.9053930655403183
}