{
  "minPB": 0,
  "maxPB": 11.0665,
  "medianPB": 0.94,
  "hienTaiPB": 3.3418083483490917,
  "minPE": -256.963,
  "maxPE": 175.2923,
  "medianPE": 7.17,
  "hienTaiPE": 101.05913567914641,
  "minPS": 0.0685,
  "maxPS": 2.4273,
  "medianPS": 0.86,
  "hienTaiPS": 1.0284873802730583
}