{
  "minPB": 0,
  "maxPB": 11.0922,
  "medianPB": 0.94,
  "hienTaiPB": 3.310478895083319,
  "minPE": -262.0886,
  "maxPE": 175.5077,
  "medianPE": 7.13,
  "hienTaiPE": 100.1117062821544,
  "minPS": 0.0675,
  "maxPS": 2.4273,
  "medianPS": 0.86,
  "hienTaiPS": 1.0188453110829983
}