{
  "minPB": 0,
  "maxPB": 11.0794,
  "medianPB": 0.94,
  "hienTaiPB": 3.3626946505262736,
  "minPE": -259.5258,
  "maxPE": 175.4,
  "medianPE": 7.15,
  "hienTaiPE": 101.69075527714106,
  "minPS": 0.0675,
  "maxPS": 2.4273,
  "medianPS": 0.86,
  "hienTaiPS": 1.0349154263997649
}