{
  "minPB": 0,
  "maxPB": 11.0665,
  "medianPB": 0.94,
  "hienTaiPB": 3.3313651972605007,
  "minPE": -256.963,
  "maxPE": 175.2923,
  "medianPE": 7.16,
  "hienTaiPE": 100.74332588014907,
  "minPS": 0.0685,
  "maxPS": 2.4273,
  "medianPS": 0.86,
  "hienTaiPS": 1.0252733572097048
}