{
  "minPB": 0,
  "maxPB": 11.0665,
  "medianPB": 0.94,
  "hienTaiPB": 3.3940241037920464,
  "minPE": -256.963,
  "maxPE": 175.2923,
  "medianPE": 7.16,
  "hienTaiPE": 102.63818467413307,
  "minPS": 0.0675,
  "maxPS": 2.4273,
  "medianPS": 0.86,
  "hienTaiPS": 1.0445574955898247
}