{
  "minPB": 0.152,
  "maxPB": 0.7304,
  "medianPB": 0.34,
  "hienTaiPB": 0.27244841426874367,
  "minPE": -124.6607,
  "maxPE": 282.3244,
  "medianPE": 2.48,
  "hienTaiPE": -8.2626,
  "minPS": 0.1004,
  "maxPS": 1.396,
  "medianPS": 0.45,
  "hienTaiPS": 0.12850115694927117
}