{
  "minPB": 0.152,
  "maxPB": 0.7297,
  "medianPB": 0.34,
  "hienTaiPB": 0.2906116418866599,
  "minPE": -124.6607,
  "maxPE": 282.3244,
  "medianPE": 2.46,
  "hienTaiPE": -9.1479,
  "minPS": 0.1041,
  "maxPS": 1.4279,
  "medianPS": 0.47,
  "hienTaiPS": 0.13706790074588923
}