{
  "minPB": 0.152,
  "maxPB": 0.7304,
  "medianPB": 0.34,
  "hienTaiPB": 0.2815300280777018,
  "minPE": -124.6607,
  "maxPE": 282.3244,
  "medianPE": 2.46,
  "hienTaiPE": -8.8528,
  "minPS": 0.1041,
  "maxPS": 1.4372,
  "medianPS": 0.47,
  "hienTaiPS": 0.13278452884758019
}