{
  "minPB": 0.4393,
  "maxPB": 1.2705,
  "medianPB": 0.67,
  "hienTaiPB": 0.6967008611441617,
  "minPE": -49.3014,
  "maxPE": 460.9851,
  "medianPE": 30.21,
  "hienTaiPE": -49.1966,
  "minPS": 0.2001,
  "maxPS": 0.912,
  "medianPS": 0.38,
  "hienTaiPS": 0.2238629672393015
}