{
  "minPB": 0.4393,
  "maxPB": 1.2705,
  "medianPB": 0.67,
  "hienTaiPB": 0.6888727615807442,
  "minPE": -49.3014,
  "maxPE": 460.9851,
  "medianPE": 30.23,
  "hienTaiPE": -47.0576,
  "minPS": 0.2001,
  "maxPS": 0.912,
  "medianPS": 0.39,
  "hienTaiPS": 0.22134765300065767
}