{
  "minPB": 0.4393,
  "maxPB": 1.2705,
  "medianPB": 0.67,
  "hienTaiPB": 0.6653884628904915,
  "minPE": -49.3014,
  "maxPE": 474.8343,
  "medianPE": 30.29,
  "hienTaiPE": -47.5924,
  "minPS": 0.2001,
  "maxPS": 0.912,
  "medianPS": 0.38,
  "hienTaiPS": 0.21380171028472617
}