{
  "minPB": 1.227,
  "maxPB": 2.054,
  "medianPB": 1.63,
  "hienTaiPB": 1.6156975051357576,
  "minPE": 9.1415,
  "maxPE": 15.3025,
  "medianPE": 12.42,
  "hienTaiPE": 12.633709381804135,
  "minPS": 0.5985,
  "maxPS": 2.7395,
  "medianPS": 0.87,
  "hienTaiPS": 2.123628876659971
}