{
  "minPB": 0.6041,
  "maxPB": 2.2153,
  "medianPB": 0.77,
  "hienTaiPB": 1.6721563049269554,
  "minPE": 2.4556,
  "maxPE": 21.3429,
  "medianPE": 8.54,
  "hienTaiPE": 13.075180675991422,
  "minPS": 0.5975,
  "maxPS": 2.7467,
  "medianPS": 0.86,
  "hienTaiPS": 2.197836788225742
}