{
  "minPB": 0.605,
  "maxPB": 2.2046,
  "medianPB": 0.77,
  "hienTaiPB": 1.6341298704996878,
  "minPE": 2.466,
  "maxPE": 21.2746,
  "medianPE": 8.54,
  "hienTaiPE": 12.77783855603812,
  "minPS": 0.5985,
  "maxPS": 2.7451,
  "medianPS": 0.86,
  "hienTaiPS": 2.147855876595024
}