{
  "minPB": 1.227,
  "maxPB": 2.054,
  "medianPB": 1.64,
  "hienTaiPB": 1.6929120776897002,
  "minPE": 9.1415,
  "maxPE": 15.3025,
  "medianPE": 12.21,
  "hienTaiPE": 13.237477393196079,
  "minPS": 0.5985,
  "maxPS": 2.7395,
  "medianPS": 0.87,
  "hienTaiPS": 2.22511761168202
}