{
  "minPB": 0.605,
  "maxPB": 2.2046,
  "medianPB": 0.77,
  "hienTaiPB": 1.6108957965115407,
  "minPE": 2.466,
  "maxPE": 21.2746,
  "medianPE": 8.58,
  "hienTaiPE": 12.596163126331415,
  "minPS": 0.5985,
  "maxPS": 2.7451,
  "medianPS": 0.86,
  "hienTaiPS": 2.117317641382772
}