{
  "minPB": 1.227,
  "maxPB": 2.054,
  "medianPB": 1.61,
  "hienTaiPB": 1.7759351687406797,
  "minPE": 9.1415,
  "maxPE": 15.3025,
  "medianPE": 11.98,
  "hienTaiPE": 13.886664262014698,
  "minPS": 0.5985,
  "maxPS": 2.7395,
  "medianPS": 0.87,
  "hienTaiPS": 2.3342409055071323
}