{
  "minPB": 0.5977,
  "maxPB": 0.8265,
  "medianPB": 0.7,
  "hienTaiPB": 0.6807411950865448,
  "minPE": 9.7073,
  "maxPE": 19.0114,
  "medianPE": 11.2,
  "hienTaiPE": 18.558699171810307,
  "minPS": 0.0418,
  "maxPS": 0.6006,
  "medianPS": 0.08,
  "hienTaiPS": 0.03901754313291591
}