{
  "minPB": 0.4834,
  "maxPB": 1.386,
  "medianPB": 0.79,
  "hienTaiPB": 0.5354492411763349,
  "minPE": 4.4484,
  "maxPE": 103.8811,
  "medianPE": 7.92,
  "hienTaiPE": 6.958587820305318,
  "minPS": 0.5743,
  "maxPS": 3.2145,
  "medianPS": 1.14,
  "hienTaiPS": 1.2120177690016334
}