{
  "minPB": 0.4834,
  "maxPB": 1.386,
  "medianPB": 0.79,
  "hienTaiPB": 0.5127332127627934,
  "minPE": 4.4484,
  "maxPE": 103.8811,
  "medianPE": 7.92,
  "hienTaiPE": 6.663375003686305,
  "minPS": 0.5743,
  "maxPS": 3.2145,
  "medianPS": 1.14,
  "hienTaiPS": 1.1605988333470187
}