{
  "minPB": 0.4646,
  "maxPB": 1.5105,
  "medianPB": 0.83,
  "hienTaiPB": 0.8487944552821918,
  "minPE": 2.8422,
  "maxPE": 44.0132,
  "medianPE": 5.4,
  "hienTaiPE": 6.290972319319308,
  "minPS": 0.2171,
  "maxPS": 0.7118,
  "medianPS": 0.43,
  "hienTaiPS": 0.5028072652131014
}