{
  "minPB": 0.475,
  "maxPB": 1.5105,
  "medianPB": 0.83,
  "hienTaiPB": 0.835104222132479,
  "minPE": 2.8422,
  "maxPE": 43.9577,
  "medianPE": 5.4,
  "hienTaiPE": 6.189505023846416,
  "minPS": 0.2171,
  "maxPS": 0.7118,
  "medianPS": 0.43,
  "hienTaiPS": 0.49469747061289004
}