{
  "minPB": 0.475,
  "maxPB": 1.5105,
  "medianPB": 0.83,
  "hienTaiPB": 0.7575262342841067,
  "minPE": 2.8422,
  "maxPE": 43.9577,
  "medianPE": 5.4,
  "hienTaiPE": 5.614523682833361,
  "minPS": 0.2171,
  "maxPS": 0.7118,
  "medianPS": 0.43,
  "hienTaiPS": 0.44874196787835924
}