{
  "minPB": 0.5351,
  "maxPB": 1.6769,
  "medianPB": 1.07,
  "hienTaiPB": 1.8267243882013329,
  "minPE": -85.3881,
  "maxPE": 235.364,
  "medianPE": 7.8,
  "hienTaiPE": 8.124764215701017,
  "minPS": 0.3029,
  "maxPS": 1.1833,
  "medianPS": 0.56,
  "hienTaiPS": 1.3294215028205416
}