{
  "minPB": 0.5351,
  "maxPB": 1.6714,
  "medianPB": 1.07,
  "hienTaiPB": 1.8653465609804467,
  "minPE": -85.3881,
  "maxPE": 235.364,
  "medianPE": 7.8,
  "hienTaiPE": 8.296544944832982,
  "minPS": 0.3029,
  "maxPS": 1.1725,
  "medianPS": 0.56,
  "hienTaiPS": 1.3575292717373189
}