{
  "minPB": 1.5302,
  "maxPB": 4.3567,
  "medianPB": 1.58,
  "hienTaiPB": 1.607256500990287,
  "minPE": 7.1486,
  "maxPE": 7.7109,
  "medianPE": 7.42,
  "hienTaiPE": 7.1486318292146525,
  "minPS": 0.2687,
  "maxPS": 1.1253,
  "medianPS": 0.55,
  "hienTaiPS": 1.169701005124531
}