{
  "minPB": 0.5351,
  "maxPB": 1.6745,
  "medianPB": 1.07,
  "hienTaiPB": 1.8658684822342184,
  "minPE": -85.3881,
  "maxPE": 235.364,
  "medianPE": 7.8,
  "hienTaiPE": 8.298866306037468,
  "minPS": 0.3029,
  "maxPS": 1.1796,
  "medianPS": 0.56,
  "hienTaiPS": 1.3579091064524105
}