{
  "minPB": 1.5302,
  "maxPB": 4.3567,
  "medianPB": 1.58,
  "hienTaiPB": 1.6134543158788273,
  "minPE": 7.1486,
  "maxPE": 7.7109,
  "medianPE": 7.42,
  "hienTaiPE": 7.176197993517923,
  "minPS": 0.2687,
  "maxPS": 1.1262,
  "medianPS": 0.55,
  "hienTaiPS": 1.1742115423662434
}