{
  "minPB": 1.5302,
  "maxPB": 4.3567,
  "medianPB": 1.58,
  "hienTaiPB": 1.700028003848226,
  "minPE": 7.2028,
  "maxPE": 7.7109,
  "medianPE": 7.42,
  "hienTaiPE": 7.56125378331204,
  "minPS": 0.2687,
  "maxPS": 1.1253,
  "medianPS": 0.55,
  "hienTaiPS": 1.2372166257320598
}