{
  "minPB": 1.5302,
  "maxPB": 1.6701,
  "medianPB": 1.58,
  "hienTaiPB": 1.67014801206979,
  "minPE": 7.2028,
  "maxPE": 7.7109,
  "medianPE": 7.42,
  "hienTaiPE": 7.428355854355216,
  "minPS": 0.2687,
  "maxPS": 1.1237,
  "medianPS": 0.55,
  "hienTaiPS": 1.2154710882930668
}