{
  "minPB": 0.5351,
  "maxPB": 1.6713,
  "medianPB": 1.07,
  "hienTaiPB": 1.8001716444156919,
  "minPE": -85.3881,
  "maxPE": 235.364,
  "medianPE": 7.8,
  "hienTaiPE": 8.006664964422791,
  "minPS": 0.3029,
  "maxPS": 1.1722,
  "medianPS": 0.56,
  "hienTaiPS": 1.3100974116902575
}