{
  "minPB": 0.5351,
  "maxPB": 1.6741,
  "medianPB": 1.07,
  "hienTaiPB": 1.7810562784962995,
  "minPE": -85.3881,
  "maxPE": 235.364,
  "medianPE": 7.8,
  "hienTaiPE": 7.921645110308492,
  "minPS": 0.3029,
  "maxPS": 1.1741,
  "medianPS": 0.56,
  "hienTaiPS": 1.2961859652500283
}