{
  "minPB": 0.5351,
  "maxPB": 1.671,
  "medianPB": 1.07,
  "hienTaiPB": 1.7288641531191185,
  "minPE": -85.3881,
  "maxPE": 235.364,
  "medianPE": 7.8,
  "hienTaiPE": 7.689508989859891,
  "minPS": 0.3029,
  "maxPS": 1.1712,
  "medianPS": 0.56,
  "hienTaiPS": 1.2582024937408698
}