{
  "minPB": 0.5351,
  "maxPB": 1.6734,
  "medianPB": 1.07,
  "hienTaiPB": 1.826202466947561,
  "minPE": -85.3881,
  "maxPE": 235.364,
  "medianPE": 7.8,
  "hienTaiPE": 8.122442854496532,
  "minPS": 0.3029,
  "maxPS": 1.173,
  "medianPS": 0.56,
  "hienTaiPS": 1.3290416681054502
}