{
  "minPB": 0.5931,
  "maxPB": 3.6054,
  "medianPB": 1.59,
  "hienTaiPB": 1.6584535159918312,
  "minPE": 2.6642,
  "maxPE": 44.9495,
  "medianPE": 6.53,
  "hienTaiPE": 33.559423838427186,
  "minPS": 0.1291,
  "maxPS": 2.8291,
  "medianPS": 0.54,
  "hienTaiPS": 1.6246854803969648
}