{
  "minPB": 0.5931,
  "maxPB": 3.6054,
  "medianPB": 1.59,
  "hienTaiPB": 1.6326610818395475,
  "minPE": 2.6642,
  "maxPE": 44.9495,
  "medianPE": 6.54,
  "hienTaiPE": 33.037504338607164,
  "minPS": 0.1291,
  "maxPS": 2.8291,
  "medianPS": 0.54,
  "hienTaiPS": 1.5994182100953012
}