{
  "minPB": 0.5931,
  "maxPB": 3.6054,
  "medianPB": 1.59,
  "hienTaiPB": 1.7048798974659414,
  "minPE": 2.6642,
  "maxPE": 44.9495,
  "medianPE": 6.54,
  "hienTaiPE": 34.49887893810322,
  "minPS": 0.1291,
  "maxPS": 2.8291,
  "medianPS": 0.54,
  "hienTaiPS": 1.6701665669399592
}