{
  "minPB": 0.5931,
  "maxPB": 3.6054,
  "medianPB": 1.58,
  "hienTaiPB": 1.6167712599122719,
  "minPE": 2.6642,
  "maxPE": 44.9495,
  "medianPE": 6.52,
  "hienTaiPE": 32.715967880917745,
  "minPS": 0.1291,
  "maxPS": 2.8291,
  "medianPS": 0.55,
  "hienTaiPS": 1.5838519233574428
}