{
  "minPB": 0.5931,
  "maxPB": 3.6054,
  "medianPB": 1.58,
  "hienTaiPB": 1.5730051589273855,
  "minPE": 2.6642,
  "maxPE": 44.9495,
  "medianPE": 6.52,
  "hienTaiPE": 31.83034454656169,
  "minPS": 0.1291,
  "maxPS": 2.8291,
  "medianPS": 0.55,
  "hienTaiPS": 1.5409769509098687
}