{
  "minPB": 0.5931,
  "maxPB": 3.6054,
  "medianPB": 1.59,
  "hienTaiPB": 1.7435685486943668,
  "minPE": 2.6642,
  "maxPE": 44.9495,
  "medianPE": 6.55,
  "hienTaiPE": 35.28175818783325,
  "minPS": 0.1291,
  "maxPS": 2.8291,
  "medianPS": 0.54,
  "hienTaiPS": 1.7080674723924545
}