{
  "minPB": 0.5931,
  "maxPB": 3.6054,
  "medianPB": 1.59,
  "hienTaiPB": 1.8209458511512173,
  "minPE": 2.6642,
  "maxPE": 44.9495,
  "medianPE": 6.55,
  "hienTaiPE": 36.8475166872933,
  "minPS": 0.1291,
  "maxPS": 2.8291,
  "medianPS": 0.54,
  "hienTaiPS": 1.783869283297445
}