{
  "minPB": 0.5931,
  "maxPB": 3.6054,
  "medianPB": 1.59,
  "hienTaiPB": 1.6765082198984296,
  "minPE": 2.6642,
  "maxPE": 44.9495,
  "medianPE": 6.55,
  "hienTaiPE": 33.9247674883012,
  "minPS": 0.1291,
  "maxPS": 2.8291,
  "medianPS": 0.54,
  "hienTaiPS": 1.6423725696081293
}