{
  "minPB": 0.5759,
  "maxPB": 3.5885,
  "medianPB": 1.27,
  "hienTaiPB": 0.773009203555314,
  "minPE": 1.8173,
  "maxPE": 28.8127,
  "medianPE": 7.9,
  "hienTaiPE": 9.855909587040744,
  "minPS": 0.157,
  "maxPS": 0.9209,
  "medianPS": 0.45,
  "hienTaiPS": 0.6479044593903955
}