{
  "minPB": 0.5759,
  "maxPB": 3.5885,
  "medianPB": 1.27,
  "hienTaiPB": 0.7668742098763036,
  "minPE": 1.8173,
  "maxPE": 28.8127,
  "medianPE": 7.89,
  "hienTaiPE": 9.77768808238169,
  "minPS": 0.1618,
  "maxPS": 0.9306,
  "medianPS": 0.45,
  "hienTaiPS": 0.6427623605063448
}