{
  "minPB": 0.5759,
  "maxPB": 3.5885,
  "medianPB": 1.27,
  "hienTaiPB": 0.7791441972343245,
  "minPE": 1.8173,
  "maxPE": 28.8127,
  "medianPE": 7.89,
  "hienTaiPE": 9.934131091699799,
  "minPS": 0.157,
  "maxPS": 0.9209,
  "medianPS": 0.45,
  "hienTaiPS": 0.6530465582744464
}