{
  "minPB": 0.5759,
  "maxPB": 3.5885,
  "medianPB": 1.27,
  "hienTaiPB": 0.7975491782713557,
  "minPE": 1.8173,
  "maxPE": 28.8127,
  "medianPE": 7.9,
  "hienTaiPE": 10.168795605676959,
  "minPS": 0.157,
  "maxPS": 0.9209,
  "medianPS": 0.45,
  "hienTaiPS": 0.6684728549265986
}