{
  "minPB": 0.5759,
  "maxPB": 3.5885,
  "medianPB": 1.27,
  "hienTaiPB": 0.7361992414812515,
  "minPE": 1.8173,
  "maxPE": 28.8127,
  "medianPE": 7.89,
  "hienTaiPE": 9.386580559086424,
  "minPS": 0.1618,
  "maxPS": 0.9306,
  "medianPS": 0.45,
  "hienTaiPS": 0.6170518660860911
}