{
  "minPB": 0.4806,
  "maxPB": 1.7038,
  "medianPB": 1.1,
  "hienTaiPB": 1.0460939699456084,
  "minPE": 2.1446,
  "maxPE": 52.5622,
  "medianPE": 8.3,
  "hienTaiPE": 9.02536015524468,
  "minPS": 0.235,
  "maxPS": 1.675,
  "medianPS": 1.04,
  "hienTaiPS": 1.3375351764005914
}