{
  "minPB": 0,
  "maxPB": 1.7023,
  "medianPB": 1.09,
  "hienTaiPB": 1.0460939699456084,
  "minPE": 0,
  "maxPE": 51.9716,
  "medianPE": 8.24,
  "hienTaiPE": 9.02536015524468,
  "minPS": 0,
  "maxPS": 1.6719,
  "medianPS": 1.02,
  "hienTaiPS": 1.3375351764005914
}