{
  "minPB": 0,
  "maxPB": 1.7023,
  "medianPB": 1.09,
  "hienTaiPB": 1.0386218701602825,
  "minPE": 0,
  "maxPE": 51.9716,
  "medianPE": 8.24,
  "hienTaiPE": 8.960893296992934,
  "minPS": 0,
  "maxPS": 1.6719,
  "medianPS": 1.02,
  "hienTaiPS": 1.3279813537120158
}