{
  "minPB": 0.4806,
  "maxPB": 1.7038,
  "medianPB": 1.1,
  "hienTaiPB": 1.0386218701602825,
  "minPE": 2.1446,
  "maxPE": 52.5622,
  "medianPE": 8.3,
  "hienTaiPE": 8.960893296992934,
  "minPS": 0.2343,
  "maxPS": 1.676,
  "medianPS": 1.07,
  "hienTaiPS": 1.3279813537120158
}