{
  "minPB": 0.4111,
  "maxPB": 1.0502,
  "medianPB": 0.77,
  "hienTaiPB": 1.0502390973745617,
  "minPE": -57.9431,
  "maxPE": 1228.7881,
  "medianPE": 880.63,
  "hienTaiPE": -57.9431,
  "minPS": 0.1608,
  "maxPS": 0.6184,
  "medianPS": 0.43,
  "hienTaiPS": 0.5436307031382163
}