{
  "minPB": 0.3565,
  "maxPB": 2.6794,
  "medianPB": 1,
  "hienTaiPB": 0.7972828159336507,
  "minPE": -35.4473,
  "maxPE": 52.94,
  "medianPE": 11.21,
  "hienTaiPE": 7.260032817480159,
  "minPS": 1.9044,
  "maxPS": 16.2182,
  "medianPS": 6.46,
  "hienTaiPS": 4.975487290227224
}