{
  "minPB": 0.3565,
  "maxPB": 2.6794,
  "medianPB": 1,
  "hienTaiPB": 0.8099690786106856,
  "minPE": -35.4473,
  "maxPE": 52.94,
  "medianPE": 11.16,
  "hienTaiPE": 7.3755535355061586,
  "minPS": 1.9053,
  "maxPS": 16.1863,
  "medianPS": 6.46,
  "hienTaiPS": 5.054656610634756
}