{
  "minPB": 0.3565,
  "maxPB": 2.6794,
  "medianPB": 1,
  "hienTaiPB": 0.8070414795313698,
  "minPE": -35.4473,
  "maxPE": 52.94,
  "medianPE": 11.2,
  "hienTaiPE": 7.34889490826939,
  "minPS": 1.9053,
  "maxPS": 16.1863,
  "medianPS": 6.46,
  "hienTaiPS": 5.036386767463787
}