{
  "minPB": 0.3565,
  "maxPB": 2.6794,
  "medianPB": 1,
  "hienTaiPB": 0.8031380140922821,
  "minPE": -35.4473,
  "maxPE": 52.94,
  "medianPE": 11.2,
  "hienTaiPE": 7.313350071953697,
  "minPS": 1.9044,
  "maxPS": 16.2182,
  "medianPS": 6.46,
  "hienTaiPS": 5.012026976569161
}