{
  "minPB": 0.3565,
  "maxPB": 2.6794,
  "medianPB": 1,
  "hienTaiPB": 0.8060656131715979,
  "minPE": -35.4473,
  "maxPE": 52.94,
  "medianPE": 11.2,
  "hienTaiPE": 7.3400086991904665,
  "minPS": 1.9049,
  "maxPS": 16.2023,
  "medianPS": 6.46,
  "hienTaiPS": 5.030296819740131
}