{
  "minPB": 0.3565,
  "maxPB": 2.6794,
  "medianPB": 1.01,
  "hienTaiPB": 0.8187518758486327,
  "minPE": -35.4473,
  "maxPE": 52.94,
  "medianPE": 11.25,
  "hienTaiPE": 7.455529417216467,
  "minPS": 1.8911,
  "maxPS": 16.1853,
  "medianPS": 6.4,
  "hienTaiPS": 5.109466140147663
}