{
  "minPB": 0.3565,
  "maxPB": 2.6794,
  "medianPB": 1.01,
  "hienTaiPB": 0.8246070740072642,
  "minPE": -35.4473,
  "maxPE": 52.94,
  "medianPE": 11.27,
  "hienTaiPE": 7.508846671690005,
  "minPS": 1.8911,
  "maxPS": 16.1853,
  "medianPS": 6.4,
  "hienTaiPS": 5.146005826489601
}