{
  "minPB": 0.3565,
  "maxPB": 2.6794,
  "medianPB": 1,
  "hienTaiPB": 0.805089746811826,
  "minPE": -35.4473,
  "maxPE": 52.94,
  "medianPE": 11.18,
  "hienTaiPE": 7.331122490111544,
  "minPS": 1.9053,
  "maxPS": 16.1863,
  "medianPS": 6.46,
  "hienTaiPS": 5.0242068720164745
}