{
  "minPB": 0.3868,
  "maxPB": 2.5083,
  "medianPB": 1.04,
  "hienTaiPB": 0.6527653919291994,
  "minPE": -2.821,
  "maxPE": 155.3759,
  "medianPE": 10.47,
  "hienTaiPE": 3.1956377357887145,
  "minPS": 2.2889,
  "maxPS": 40.7209,
  "medianPS": 10.45,
  "hienTaiPS": 4.260560642949643
}