{
  "minPB": 0.3868,
  "maxPB": 2.488,
  "medianPB": 1.04,
  "hienTaiPB": 0.645894177277313,
  "minPE": -2.821,
  "maxPE": 153.6731,
  "medianPE": 10.4,
  "hienTaiPE": 3.161999443833044,
  "minPS": 2.3182,
  "maxPS": 40.5678,
  "medianPS": 10.68,
  "hienTaiPS": 4.215712636181752
}