{
  "minPB": 0.3868,
  "maxPB": 2.4982,
  "medianPB": 1.04,
  "hienTaiPB": 0.645894177277313,
  "minPE": -2.821,
  "maxPE": 154.5245,
  "medianPE": 10.44,
  "hienTaiPE": 3.161999443833044,
  "minPS": 2.3079,
  "maxPS": 40.6444,
  "medianPS": 10.68,
  "hienTaiPS": 4.215712636181752
}