{
  "minPB": 0.3868,
  "maxPB": 2.488,
  "medianPB": 1.04,
  "hienTaiPB": 0.6596366065810857,
  "minPE": -2.821,
  "maxPE": 153.6731,
  "medianPE": 10.25,
  "hienTaiPE": 3.2292760277443855,
  "minPS": 2.3182,
  "maxPS": 40.5678,
  "medianPS": 10.67,
  "hienTaiPS": 4.305408649717534
}