{
  "minPB": 0.3868,
  "maxPB": 2.5083,
  "medianPB": 1.04,
  "hienTaiPB": 0.645894177277313,
  "minPE": -2.821,
  "maxPE": 155.3759,
  "medianPE": 10.5,
  "hienTaiPE": 2.870479551114789,
  "minPS": 2.2889,
  "maxPS": 40.7209,
  "medianPS": 10.45,
  "hienTaiPS": 4.253264778365201
}