{
  "minPB": 0.4555,
  "maxPB": 1.4342,
  "medianPB": 0.72,
  "hienTaiPB": 0.8503528120064704,
  "minPE": 1.7393,
  "maxPE": 20.5927,
  "medianPE": 4.49,
  "hienTaiPE": 6.099714145054845,
  "minPS": 0.0543,
  "maxPS": 0.1569,
  "medianPS": 0.09,
  "hienTaiPS": 0.0885724963562046
}