{
  "minPB": 0.4555,
  "maxPB": 1.4339,
  "medianPB": 0.72,
  "hienTaiPB": 0.8104925239436671,
  "minPE": 1.7393,
  "maxPE": 20.5927,
  "medianPE": 4.49,
  "hienTaiPE": 5.813790044505399,
  "minPS": 0.0543,
  "maxPS": 0.1569,
  "medianPS": 0.09,
  "hienTaiPS": 0.0844206605895075
}