{
  "minPB": 0.4555,
  "maxPB": 1.4345,
  "medianPB": 0.72,
  "hienTaiPB": 0.8437094306626699,
  "minPE": 1.7393,
  "maxPE": 20.5927,
  "medianPE": 4.49,
  "hienTaiPE": 6.052060128296604,
  "minPS": 0.0543,
  "maxPS": 0.1569,
  "medianPS": 0.09,
  "hienTaiPS": 0.08788052372842176
}