{
  "minPB": 0.4555,
  "maxPB": 1.4345,
  "medianPB": 0.72,
  "hienTaiPB": 0.7573454731932627,
  "minPE": 1.7393,
  "maxPE": 20.5927,
  "medianPE": 4.46,
  "hienTaiPE": 5.4325579104394714,
  "minPS": 0.0543,
  "maxPS": 0.156,
  "medianPS": 0.09,
  "hienTaiPS": 0.07888487956724471
}