{
  "minPB": 0.4555,
  "maxPB": 1.4345,
  "medianPB": 0.72,
  "hienTaiPB": 0.8304226679750687,
  "minPE": 1.7393,
  "maxPE": 20.5927,
  "medianPE": 4.46,
  "hienTaiPE": 5.956752094780122,
  "minPS": 0.0543,
  "maxPS": 0.156,
  "medianPS": 0.09,
  "hienTaiPS": 0.08649657847285605
}