{
  "minPB": 0.4555,
  "maxPB": 1.4345,
  "medianPB": 0.72,
  "hienTaiPB": 0.856996193350271,
  "minPE": 1.7393,
  "maxPE": 20.5927,
  "medianPE": 4.47,
  "hienTaiPE": 6.147368161813086,
  "minPS": 0.0543,
  "maxPS": 0.1569,
  "medianPS": 0.09,
  "hienTaiPS": 0.08926446898398745
}