{
  "minPB": 0.4555,
  "maxPB": 1.4345,
  "medianPB": 0.72,
  "hienTaiPB": 0.8702829560378721,
  "minPE": 1.7393,
  "maxPE": 20.5927,
  "medianPE": 4.48,
  "hienTaiPE": 6.242676195329568,
  "minPS": 0.0543,
  "maxPS": 0.1569,
  "medianPS": 0.09,
  "hienTaiPS": 0.09064841423955314
}