{
  "minPB": 0.4688,
  "maxPB": 1.9256,
  "medianPB": 0.96,
  "hienTaiPB": 0.6905091843366556,
  "minPE": 0,
  "maxPE": 7.46,
  "medianPE": 3.76,
  "hienTaiPE": 2.467432214465798,
  "minPS": 0.3625,
  "maxPS": 1.4782,
  "medianPS": 0.78,
  "hienTaiPS": 0.4376588676435302
}