{
  "minPB": 0.4007,
  "maxPB": 1.2057,
  "medianPB": 0.67,
  "hienTaiPB": 0.7593763029283473,
  "minPE": -16.6686,
  "maxPE": 176.8574,
  "medianPE": 9.63,
  "hienTaiPE": 22.011372589617505,
  "minPS": 0.0899,
  "maxPS": 0.353,
  "medianPS": 0.2,
  "hienTaiPS": 0.17423925788802322
}