{
  "minPB": 0.4007,
  "maxPB": 1.2057,
  "medianPB": 0.67,
  "hienTaiPB": 0.7294911710066511,
  "minPE": -16.6686,
  "maxPE": 176.8574,
  "medianPE": 9.62,
  "hienTaiPE": 21.145118571574493,
  "minPS": 0.0899,
  "maxPS": 0.353,
  "medianPS": 0.2,
  "hienTaiPS": 0.16738209999694617
}