{
  "minPB": 0.4007,
  "maxPB": 1.2057,
  "medianPB": 0.67,
  "hienTaiPB": 0.713977031484459,
  "minPE": -16.6686,
  "maxPE": 176.8574,
  "medianPE": 9.62,
  "hienTaiPE": 20.69542386275435,
  "minPS": 0.0899,
  "maxPS": 0.353,
  "medianPS": 0.2,
  "hienTaiPS": 0.16382237322288978
}