{
  "minPB": 0.4007,
  "maxPB": 1.2057,
  "medianPB": 0.67,
  "hienTaiPB": 0.7675416395189748,
  "minPE": -16.6686,
  "maxPE": 176.8574,
  "medianPE": 9.63,
  "hienTaiPE": 22.248054015312317,
  "minPS": 0.0899,
  "maxPS": 0.353,
  "medianPS": 0.2,
  "hienTaiPS": 0.1761127982954213
}