{
  "minPB": 0.719,
  "maxPB": 2.8886,
  "medianPB": 1.04,
  "hienTaiPB": 1.4244631685315288,
  "minPE": -344.4971,
  "maxPE": 38.4227,
  "medianPE": 7.56,
  "hienTaiPE": 11.831525658780789,
  "minPS": 1.7063,
  "maxPS": 4.8255,
  "medianPS": 2.58,
  "hienTaiPS": 2.8909758760275674
}