{
  "minPB": 0.7161,
  "maxPB": 2.894,
  "medianPB": 1.04,
  "hienTaiPB": 1.2991963069772485,
  "minPE": -344.6205,
  "maxPE": 38.7102,
  "medianPE": 7.54,
  "hienTaiPE": 10.791064859641775,
  "minPS": 1.7059,
  "maxPS": 4.8255,
  "medianPS": 2.59,
  "hienTaiPS": 2.636744329140721
}