{
  "minPB": 0.719,
  "maxPB": 2.8886,
  "medianPB": 1.04,
  "hienTaiPB": 1.4387793812805894,
  "minPE": -344.4971,
  "maxPE": 38.4227,
  "medianPE": 7.56,
  "hienTaiPE": 11.950435464396676,
  "minPS": 1.7063,
  "maxPS": 4.8255,
  "medianPS": 2.57,
  "hienTaiPS": 2.9200309099574926
}