{
  "minPB": 0.719,
  "maxPB": 2.8886,
  "medianPB": 1.04,
  "hienTaiPB": 1.3994097962206726,
  "minPE": -344.4971,
  "maxPE": 38.4227,
  "medianPE": 7.56,
  "hienTaiPE": 11.623433498952986,
  "minPS": 1.7063,
  "maxPS": 4.8255,
  "medianPS": 2.57,
  "hienTaiPS": 2.840129566650198
}