{
  "minPB": 0.7161,
  "maxPB": 2.894,
  "medianPB": 1.04,
  "hienTaiPB": 1.3099334665390439,
  "minPE": -344.6205,
  "maxPE": 38.7102,
  "medianPE": 7.55,
  "hienTaiPE": 10.880247213853691,
  "minPS": 1.7059,
  "maxPS": 4.8255,
  "medianPS": 2.59,
  "hienTaiPS": 2.658535604588165
}