{
  "minPB": 0.719,
  "maxPB": 2.8886,
  "medianPB": 1.04,
  "hienTaiPB": 1.3958307430334074,
  "minPE": -344.4971,
  "maxPE": 38.4227,
  "medianPE": 7.56,
  "hienTaiPE": 11.593706047549015,
  "minPS": 1.7063,
  "maxPS": 4.8255,
  "medianPS": 2.57,
  "hienTaiPS": 2.8328658081677167
}