{
  "minPB": 0.7161,
  "maxPB": 2.894,
  "medianPB": 1.04,
  "hienTaiPB": 1.3349868388499,
  "minPE": -344.6205,
  "maxPE": 38.7102,
  "medianPE": 7.56,
  "hienTaiPE": 11.088339373681492,
  "minPS": 1.7061,
  "maxPS": 4.8255,
  "medianPS": 2.57,
  "hienTaiPS": 2.7093819139655344
}