{
  "minPB": 0.7161,
  "maxPB": 2.894,
  "medianPB": 1.04,
  "hienTaiPB": 1.3170915729135741,
  "minPE": -344.6205,
  "maxPE": 38.7102,
  "medianPE": 7.56,
  "hienTaiPE": 10.939702116661634,
  "minPS": 1.7059,
  "maxPS": 4.8255,
  "medianPS": 2.59,
  "hienTaiPS": 2.6730631215531275
}