{
  "minPB": 0.7161,
  "maxPB": 2.894,
  "medianPB": 1.04,
  "hienTaiPB": 1.3135125197263091,
  "minPE": -344.6205,
  "maxPE": 38.7102,
  "medianPE": 7.55,
  "hienTaiPE": 10.909974665257662,
  "minPS": 1.7059,
  "maxPS": 4.8255,
  "medianPS": 2.59,
  "hienTaiPS": 2.6657993630706462
}