{
  "minPB": 0.6463,
  "maxPB": 1.2103,
  "medianPB": 0.85,
  "hienTaiPB": 0.6963792183688471,
  "minPE": 4.5474,
  "maxPE": 546.8232,
  "medianPE": 6.68,
  "hienTaiPE": 14.682140263457823,
  "minPS": 0.1625,
  "maxPS": 0.44,
  "medianPS": 0.22,
  "hienTaiPS": 0.20725539721049951
}