{
  "minPB": 0.6463,
  "maxPB": 1.2103,
  "medianPB": 0.85,
  "hienTaiPB": 0.6736487394309915,
  "minPE": 4.5474,
  "maxPE": 546.8232,
  "medianPE": 6.65,
  "hienTaiPE": 14.202901263760387,
  "minPS": 0.1629,
  "maxPS": 0.4383,
  "medianPS": 0.21,
  "hienTaiPS": 0.20049038424517163
}