{
  "minPB": 0.6463,
  "maxPB": 1.2103,
  "medianPB": 0.85,
  "hienTaiPB": 0.6943128111926784,
  "minPE": 4.5474,
  "maxPE": 546.8232,
  "medianPE": 6.66,
  "hienTaiPE": 14.638573081667147,
  "minPS": 0.1625,
  "maxPS": 0.44,
  "medianPS": 0.22,
  "hienTaiPS": 0.20664039603183335
}