{
  "minPB": 0.6463,
  "maxPB": 1.2103,
  "medianPB": 0.85,
  "hienTaiPB": 0.6922464040165096,
  "minPE": 4.5474,
  "maxPE": 546.8232,
  "medianPE": 6.69,
  "hienTaiPE": 14.59500589987647,
  "minPS": 0.1625,
  "maxPS": 0.44,
  "medianPS": 0.22,
  "hienTaiPS": 0.20602539485316718
}