{
  "minPB": 0.6463,
  "maxPB": 1.2103,
  "medianPB": 0.85,
  "hienTaiPB": 0.6839807753118349,
  "minPE": 4.5474,
  "maxPE": 546.8232,
  "medianPE": 6.66,
  "hienTaiPE": 14.420737172713768,
  "minPS": 0.1629,
  "maxPS": 0.4383,
  "medianPS": 0.21,
  "hienTaiPS": 0.2035653901385025
}