{
  "minPB": 0.6463,
  "maxPB": 1.2103,
  "medianPB": 0.85,
  "hienTaiPB": 0.6881135896641722,
  "minPE": 4.5474,
  "maxPE": 546.8232,
  "medianPE": 6.67,
  "hienTaiPE": 14.50787153629512,
  "minPS": 0.1625,
  "maxPS": 0.44,
  "medianPS": 0.22,
  "hienTaiPS": 0.20479539249583484
}