{
  "minPB": 0.6463,
  "maxPB": 1.2103,
  "medianPB": 0.85,
  "hienTaiPB": 0.6819143681356662,
  "minPE": 4.5474,
  "maxPE": 546.8232,
  "medianPE": 6.66,
  "hienTaiPE": 14.377169990923091,
  "minPS": 0.1629,
  "maxPS": 0.4383,
  "medianPS": 0.21,
  "hienTaiPS": 0.20295038895983633
}