{
  "minPB": 0.1666,
  "maxPB": 0.8614,
  "medianPB": 0.4,
  "hienTaiPB": 0.3254641642462086,
  "minPE": -53.7221,
  "maxPE": 406.8498,
  "medianPE": 7.93,
  "hienTaiPE": -28.4066,
  "minPS": 0.0443,
  "maxPS": 0.2976,
  "medianPS": 0.11,
  "hienTaiPS": 0.15125319903403855
}