{
  "minPB": 0,
  "maxPB": 0.8529,
  "medianPB": 0.33,
  "hienTaiPB": 0.3254641642462086,
  "minPE": -52.4515,
  "maxPE": 387.0035,
  "medianPE": 6.02,
  "hienTaiPE": -30.182,
  "minPS": 0,
  "maxPS": 0.3256,
  "medianPS": 0.1,
  "hienTaiPS": 0.15125319903403855
}