{
  "minPB": 0.3657,
  "maxPB": 1.5166,
  "medianPB": 0.79,
  "hienTaiPB": 0.9015250147745208,
  "minPE": -82.8872,
  "maxPE": 91.4674,
  "medianPE": 5.92,
  "hienTaiPE": 6.387317938339502,
  "minPS": 0.0763,
  "maxPS": 0.3569,
  "medianPS": 0.22,
  "hienTaiPS": 0.2662675782725835
}