{
  "minPB": 0.3657,
  "maxPB": 1.5166,
  "medianPB": 0.79,
  "hienTaiPB": 0.9433915015287556,
  "minPE": -82.8872,
  "maxPE": 91.4674,
  "medianPE": 5.95,
  "hienTaiPE": 6.683942610398612,
  "minPS": 0.0766,
  "maxPS": 0.3807,
  "medianPS": 0.22,
  "hienTaiPS": 0.278632945684623
}