{
  "minPB": 0.3657,
  "maxPB": 1.5166,
  "medianPB": 0.79,
  "hienTaiPB": 0.9071072130084188,
  "minPE": -82.8872,
  "maxPE": 91.4674,
  "medianPE": 5.93,
  "hienTaiPE": 6.426867894614049,
  "minPS": 0.0763,
  "maxPS": 0.3569,
  "medianPS": 0.22,
  "hienTaiPS": 0.26791629392752214
}