{
  "minPB": 0.3657,
  "maxPB": 1.5166,
  "medianPB": 0.79,
  "hienTaiPB": 0.9740935918151944,
  "minPE": -82.8872,
  "maxPE": 91.4674,
  "medianPE": 5.94,
  "hienTaiPE": 6.901467369908626,
  "minPS": 0.0766,
  "maxPS": 0.3807,
  "medianPS": 0.22,
  "hienTaiPS": 0.2877008817867853
}