{
  "minPB": 0.3657,
  "maxPB": 1.5166,
  "medianPB": 0.79,
  "hienTaiPB": 0.9322271050609596,
  "minPE": -82.8872,
  "maxPE": 91.4674,
  "medianPE": 5.93,
  "hienTaiPE": 6.604842697849516,
  "minPS": 0.0763,
  "maxPS": 0.3569,
  "medianPS": 0.22,
  "hienTaiPS": 0.2753355143747458
}