{
  "minPB": 0.3657,
  "maxPB": 1.5166,
  "medianPB": 0.79,
  "hienTaiPB": 0.9657202944643474,
  "minPE": -82.8872,
  "maxPE": 91.4674,
  "medianPE": 5.95,
  "hienTaiPE": 6.842142435496803,
  "minPS": 0.0766,
  "maxPS": 0.3807,
  "medianPS": 0.22,
  "hienTaiPS": 0.2852278083043774
}