{
  "minPB": 0.3657,
  "maxPB": 1.5166,
  "medianPB": 0.79,
  "hienTaiPB": 0.9098983121253678,
  "minPE": -82.8872,
  "maxPE": 91.4674,
  "medianPE": 5.92,
  "hienTaiPE": 6.446642872751323,
  "minPS": 0.0763,
  "maxPS": 0.3569,
  "medianPS": 0.22,
  "hienTaiPS": 0.2687406517549914
}