{
  "minPB": 0.2609,
  "maxPB": 1.4688,
  "medianPB": 0.47,
  "hienTaiPB": 0.7303924545467784,
  "minPE": -57.3163,
  "maxPE": 958.3934,
  "medianPE": 6.93,
  "hienTaiPE": -3.3332,
  "minPS": 0.0861,
  "maxPS": 1.8652,
  "medianPS": 0.44,
  "hienTaiPS": 0.3908471779229784
}