{
  "minPB": 0.2609,
  "maxPB": 1.4688,
  "medianPB": 0.47,
  "hienTaiPB": 0.8105000140777153,
  "minPE": -57.3163,
  "maxPE": 958.3934,
  "medianPE": 6.89,
  "hienTaiPE": -3.6176,
  "minPS": 0.0861,
  "maxPS": 1.8652,
  "medianPS": 0.44,
  "hienTaiPS": 0.4337142877596922
}