{
  "minPB": 0.6355,
  "maxPB": 0.7328,
  "medianPB": 0.66,
  "hienTaiPB": 0.6843063244462263,
  "minPE": -2.4431,
  "maxPE": -2.1189,
  "medianPE": -2.2,
  "hienTaiPE": -2.1983,
  "minPS": 0.1007,
  "maxPS": 1.8517,
  "medianPS": 0.46,
  "hienTaiPS": 0.6411038660464163
}