{
  "minPB": 0.6355,
  "maxPB": 0.7328,
  "medianPB": 0.66,
  "hienTaiPB": 0.6588349223696167,
  "minPE": -2.4551,
  "maxPE": -2.1189,
  "medianPE": -2.2,
  "hienTaiPE": -3.2326,
  "minPS": 0.1007,
  "maxPS": 1.8517,
  "medianPS": 0.45,
  "hienTaiPS": 0.35255535366264834
}