{
  "minPB": 0.2609,
  "maxPB": 1.4688,
  "medianPB": 0.47,
  "hienTaiPB": 0.7720483855028656,
  "minPE": -57.3163,
  "maxPE": 958.3934,
  "medianPE": 6.91,
  "hienTaiPE": -3.5098,
  "minPS": 0.0861,
  "maxPS": 1.8652,
  "medianPS": 0.44,
  "hienTaiPS": 0.41313807503806954
}