{
  "minPB": 0.3333,
  "maxPB": 1.2543,
  "medianPB": 0.63,
  "hienTaiPB": 0.5992848210906401,
  "minPE": 2.7024,
  "maxPE": 14.1098,
  "medianPE": 6.33,
  "hienTaiPE": 20.45089094733579,
  "minPS": 0.9001,
  "maxPS": 3.5849,
  "medianPS": 1.93,
  "hienTaiPS": 3.243435700983889
}