{
  "minPB": 0.5743,
  "maxPB": 0.6044,
  "medianPB": 0.59,
  "hienTaiPB": 0.5921504779824182,
  "minPE": 13.4075,
  "maxPE": 20.4971,
  "medianPE": 13.79,
  "hienTaiPE": 20.207427959867506,
  "minPS": 0.3751,
  "maxPS": 7.8799,
  "medianPS": 1.76,
  "hienTaiPS": 3.2048233712102716
}