{
  "minPB": 0.3333,
  "maxPB": 1.2543,
  "medianPB": 0.63,
  "hienTaiPB": 0.6135535073070839,
  "minPE": 2.7024,
  "maxPE": 14.3146,
  "medianPE": 6.33,
  "hienTaiPE": 20.937816922272354,
  "minPS": 0.9001,
  "maxPS": 3.5849,
  "medianPS": 1.93,
  "hienTaiPS": 3.3206603605311247
}