{
  "minPB": 0.3333,
  "maxPB": 1.2543,
  "medianPB": 0.63,
  "hienTaiPB": 0.6000695988325445,
  "minPE": 2.7024,
  "maxPE": 14.1098,
  "medianPE": 6.33,
  "hienTaiPE": 20.477671875957302,
  "minPS": 0.9001,
  "maxPS": 3.5849,
  "medianPS": 1.93,
  "hienTaiPS": 3.247683057258987
}