{
  "minPB": 0.4649,
  "maxPB": 1.8205,
  "medianPB": 0.87,
  "hienTaiPB": 0.8286287819796474,
  "minPE": 3.2642,
  "maxPE": 12.1108,
  "medianPE": 5.47,
  "hienTaiPE": 6.686796804550236,
  "minPS": 0.0836,
  "maxPS": 0.1877,
  "medianPS": 0.11,
  "hienTaiPS": 0.1294068465768606
}