{
  "minPB": 0.4643,
  "maxPB": 1.8223,
  "medianPB": 0.87,
  "hienTaiPB": 0.8476181915666811,
  "minPE": 3.2642,
  "maxPE": 12.1108,
  "medianPE": 5.47,
  "hienTaiPE": 6.840035897987846,
  "minPS": 0.0836,
  "maxPS": 0.1877,
  "medianPS": 0.11,
  "hienTaiPS": 0.132372420144247
}