{
  "minPB": 0.4643,
  "maxPB": 1.8223,
  "medianPB": 0.87,
  "hienTaiPB": 0.7682079332936315,
  "minPE": 3.2642,
  "maxPE": 12.1108,
  "medianPE": 5.47,
  "hienTaiPE": 6.199217870885115,
  "minPS": 0.0522,
  "maxPS": 0.2105,
  "medianPS": 0.11,
  "hienTaiPS": 0.1199709306806312
}