{
  "minPB": 0.4654,
  "maxPB": 1.8186,
  "medianPB": 0.87,
  "hienTaiPB": 0.8925022505905785,
  "minPE": 3.2642,
  "maxPE": 12.1108,
  "medianPE": 5.47,
  "hienTaiPE": 7.2022373915676505,
  "minPS": 0.0836,
  "maxPS": 0.1877,
  "medianPS": 0.11,
  "hienTaiPS": 0.1393819576671603
}