{
  "minPB": 0.4643,
  "maxPB": 1.8223,
  "medianPB": 0.87,
  "hienTaiPB": 0.7923762727680379,
  "minPE": 3.2642,
  "maxPE": 12.1108,
  "medianPE": 5.47,
  "hienTaiPE": 6.394249444351164,
  "minPS": 0.0522,
  "maxPS": 0.2105,
  "medianPS": 0.11,
  "hienTaiPS": 0.12374529703912296
}