{
  "minPB": 0.3591,
  "maxPB": 2.2528,
  "medianPB": 0.78,
  "hienTaiPB": 0.713245624969051,
  "minPE": -915.9934,
  "maxPE": 13451.9322,
  "medianPE": 22.66,
  "hienTaiPE": 354.92817943070514,
  "minPS": 1.1121,
  "maxPS": 534.1595,
  "medianPS": 4.86,
  "hienTaiPS": 109.77335925407058
}