{
  "minPB": 0.3591,
  "maxPB": 2.2474,
  "medianPB": 0.78,
  "hienTaiPB": 0.703735683302797,
  "minPE": -915.9934,
  "maxPE": 13123.8362,
  "medianPE": 22.8,
  "hienTaiPE": 350.1958037049624,
  "minPS": 1.1121,
  "maxPS": 531.4618,
  "medianPS": 4.36,
  "hienTaiPS": 108.30971446401631
}