{
  "minPB": 0.3591,
  "maxPB": 2.2474,
  "medianPB": 0.78,
  "hienTaiPB": 0.684715799970289,
  "minPE": -915.9934,
  "maxPE": 13123.8362,
  "medianPE": 22.91,
  "hienTaiPE": 340.7310522534769,
  "minPS": 1.1121,
  "maxPS": 531.4618,
  "medianPS": 4.37,
  "hienTaiPS": 105.38242488390776
}