{
  "minPB": 0.3591,
  "maxPB": 2.2501,
  "medianPB": 0.78,
  "hienTaiPB": 0.6752058583040349,
  "minPE": -915.9934,
  "maxPE": 13287.8842,
  "medianPE": 22.76,
  "hienTaiPE": 335.9986765277342,
  "minPS": 1.1121,
  "maxPS": 532.6208,
  "medianPS": 4.36,
  "hienTaiPS": 103.91878009385348
}