{
  "minPB": 0.3591,
  "maxPB": 2.2474,
  "medianPB": 0.78,
  "hienTaiPB": 0.6656959166377809,
  "minPE": -915.9934,
  "maxPE": 13123.8362,
  "medianPE": 22.85,
  "hienTaiPE": 331.26630080199146,
  "minPS": 1.1121,
  "maxPS": 531.4618,
  "medianPS": 4.36,
  "hienTaiPS": 102.45513530379921
}