{
  "minPB": 0.6811,
  "maxPB": 2.1076,
  "medianPB": 1.3,
  "hienTaiPB": 0.8654466786070558,
  "minPE": -1606.6197,
  "maxPE": 173.5817,
  "medianPE": 26.59,
  "hienTaiPE": 43.73360453839031,
  "minPS": 0.7112,
  "maxPS": 2.5503,
  "medianPS": 1.27,
  "hienTaiPS": 1.0282989620698493
}