{
  "minPB": 0.6811,
  "maxPB": 2.1076,
  "medianPB": 1.3,
  "hienTaiPB": 0.9854095845525883,
  "minPE": -1606.6197,
  "maxPE": 173.5817,
  "medianPE": 26.59,
  "hienTaiPE": 49.79568833579095,
  "minPS": 0.7112,
  "maxPS": 2.5503,
  "medianPS": 1.27,
  "hienTaiPS": 1.1708354518617095
}