{
  "minPB": 0.8524,
  "maxPB": 1.5765,
  "medianPB": 1.05,
  "hienTaiPB": 1.4030781773241505,
  "minPE": 0,
  "maxPE": 10.1075,
  "medianPE": 5.13,
  "hienTaiPE": 5.642924792392596,
  "minPS": 0.4043,
  "maxPS": 0.7574,
  "medianPS": 0.51,
  "hienTaiPS": 0.523965968651578
}