{
  "minPB": 0.3605,
  "maxPB": 1.8521,
  "medianPB": 0.73,
  "hienTaiPB": 0.8757677610451076,
  "minPE": 2.5194,
  "maxPE": 22.8084,
  "medianPE": 8.21,
  "hienTaiPE": 15.6025511822891,
  "minPS": 0.0604,
  "maxPS": 0.3575,
  "medianPS": 0.12,
  "hienTaiPS": 0.30801623780286
}