{
  "minPB": 0.3605,
  "maxPB": 1.8521,
  "medianPB": 0.73,
  "hienTaiPB": 0.8901246095868307,
  "minPE": 2.5194,
  "maxPE": 22.8084,
  "medianPE": 8.22,
  "hienTaiPE": 15.858330709867609,
  "minPS": 0.0604,
  "maxPS": 0.3575,
  "medianPS": 0.12,
  "hienTaiPS": 0.3130656843242184
}