{
  "minPB": 0.2266,
  "maxPB": 2.7742,
  "medianPB": 0.65,
  "hienTaiPB": 0.685818730152506,
  "minPE": -405.983,
  "maxPE": 1382.84,
  "medianPE": 8.7,
  "hienTaiPE": -70.403,
  "minPS": 0.0353,
  "maxPS": 1.5918,
  "medianPS": 0.42,
  "hienTaiPS": 0.6944408293711544
}