{
  "minPB": 0.2266,
  "maxPB": 2.7742,
  "medianPB": 0.64,
  "hienTaiPB": 0.6758793282662379,
  "minPE": -405.983,
  "maxPE": 1382.84,
  "medianPE": 8.79,
  "hienTaiPE": -69.3826,
  "minPS": 0.0353,
  "maxPS": 1.6214,
  "medianPS": 0.43,
  "hienTaiPS": 0.6843764695251956
}