{
  "minPB": 0.5536,
  "maxPB": 0.5809,
  "medianPB": 0.57,
  "hienTaiPB": 0.5730639024553205,
  "minPE": 5.2811,
  "maxPE": 5.7909,
  "medianPE": 5.34,
  "hienTaiPE": 5.79519362958533,
  "minPS": 0.4365,
  "maxPS": 4.6865,
  "medianPS": 0.72,
  "hienTaiPS": 2.1828505353913066
}