{
  "minPB": 0.4646,
  "maxPB": 1.3269,
  "medianPB": 0.6,
  "hienTaiPB": 0.6394443119852141,
  "minPE": 4.1563,
  "maxPE": 14.8941,
  "medianPE": 5.89,
  "hienTaiPE": 6.466475357135597,
  "minPS": 0.436,
  "maxPS": 4.6887,
  "medianPS": 0.66,
  "hienTaiPS": 2.4356993221688334
}