{
  "minPB": 0.4646,
  "maxPB": 1.3269,
  "medianPB": 0.6,
  "hienTaiPB": 0.6392007141520769,
  "minPE": 4.1563,
  "maxPE": 14.8941,
  "medianPE": 5.88,
  "hienTaiPE": 6.464011937951926,
  "minPS": 0.436,
  "maxPS": 4.6887,
  "medianPS": 0.66,
  "hienTaiPS": 2.434771436712769
}