{
  "minPB": 0.5536,
  "maxPB": 0.5809,
  "medianPB": 0.57,
  "hienTaiPB": 0.5724549078724773,
  "minPE": 5.2811,
  "maxPE": 5.733,
  "medianPE": 5.34,
  "hienTaiPE": 5.789035081626153,
  "minPS": 0.4365,
  "maxPS": 4.6865,
  "medianPS": 0.72,
  "hienTaiPS": 2.180530821751146
}