{
  "minPB": 0.5536,
  "maxPB": 0.5809,
  "medianPB": 0.57,
  "hienTaiPB": 0.5709324214153697,
  "minPE": 5.2811,
  "maxPE": 5.7909,
  "medianPE": 5.35,
  "hienTaiPE": 5.7736387117282115,
  "minPS": 0.4365,
  "maxPS": 4.6865,
  "medianPS": 0.73,
  "hienTaiPS": 2.174731537650744
}