{
  "minPB": 0.4646,
  "maxPB": 1.3269,
  "medianPB": 0.6,
  "hienTaiPB": 0.5846347995293386,
  "minPE": 4.1563,
  "maxPE": 14.8941,
  "medianPE": 5.87,
  "hienTaiPE": 5.912206040809688,
  "minPS": 0.436,
  "maxPS": 4.6887,
  "medianPS": 0.66,
  "hienTaiPS": 2.2269250945543617
}