{
  "minPB": 0.5818,
  "maxPB": 1.1919,
  "medianPB": 0.93,
  "hienTaiPB": 1.0739086978351526,
  "minPE": 5.7068,
  "maxPE": 31.1292,
  "medianPE": 10.22,
  "hienTaiPE": 9.739508746351731,
  "minPS": 0.3385,
  "maxPS": 0.6247,
  "medianPS": 0.48,
  "hienTaiPS": 0.4552784059972535
}