{
  "minPB": 0.5818,
  "maxPB": 1.1919,
  "medianPB": 0.93,
  "hienTaiPB": 1.0557068554989635,
  "minPE": 5.7068,
  "maxPE": 31.1292,
  "medianPE": 10.22,
  "hienTaiPE": 9.574432326922041,
  "minPS": 0.3385,
  "maxPS": 0.6247,
  "medianPS": 0.48,
  "hienTaiPS": 0.4475618228447577
}