{
  "minPB": 0.5818,
  "maxPB": 1.1965,
  "medianPB": 0.93,
  "hienTaiPB": 1.2231638049919025,
  "minPE": 5.7068,
  "maxPE": 31.1291,
  "medianPE": 10.22,
  "hienTaiPE": 11.093135385675193,
  "minPS": 0.334,
  "maxPS": 0.6266,
  "medianPS": 0.48,
  "hienTaiPS": 0.5185543878477192
}