{
  "minPB": 0.5818,
  "maxPB": 1.1919,
  "medianPB": 0.93,
  "hienTaiPB": 1.1503564356471465,
  "minPE": 5.7068,
  "maxPE": 31.1291,
  "medianPE": 10.22,
  "hienTaiPE": 10.432829707956431,
  "minPS": 0.334,
  "maxPS": 0.6266,
  "medianPS": 0.48,
  "hienTaiPS": 0.48768805523773595
}