{
  "minPB": 1.6484,
  "maxPB": 3.0575,
  "medianPB": 2.25,
  "hienTaiPB": 2.9537889316746355,
  "minPE": 3.5963,
  "maxPE": 15.7097,
  "medianPE": 8.99,
  "hienTaiPE": 9.31458280669991,
  "minPS": 0.9408,
  "maxPS": 1.8148,
  "medianPS": 1.25,
  "hienTaiPS": 1.9493799533279343
}