{
  "minPB": 1.6484,
  "maxPB": 3.0575,
  "medianPB": 2.25,
  "hienTaiPB": 2.9085547979583315,
  "minPE": 3.5963,
  "maxPE": 15.7097,
  "medianPE": 8.98,
  "hienTaiPE": 9.171939884698379,
  "minPS": 0.9408,
  "maxPS": 1.8023,
  "medianPS": 1.25,
  "hienTaiPS": 1.919527274103923
}