{
  "minPB": 1.6484,
  "maxPB": 3.0575,
  "medianPB": 2.25,
  "hienTaiPB": 2.7004777828633344,
  "minPE": 3.5963,
  "maxPE": 15.7097,
  "medianPE": 8.96,
  "hienTaiPE": 8.515782443491341,
  "minPS": 0.9408,
  "maxPS": 1.8023,
  "medianPS": 1.25,
  "hienTaiPS": 1.7822049496734713
}