{
  "minPB": 2.2585,
  "maxPB": 2.8918,
  "medianPB": 2.37,
  "hienTaiPB": 2.76832898343779,
  "minPE": 7.773,
  "maxPE": 9.689,
  "medianPE": 8.16,
  "hienTaiPE": 8.729746826493637,
  "minPS": 0.9408,
  "maxPS": 1.7917,
  "medianPS": 1.27,
  "hienTaiPS": 1.8269839685094882
}