{
  "minPB": 1.6484,
  "maxPB": 3.0575,
  "medianPB": 2.25,
  "hienTaiPB": 3.0045416297043284,
  "minPE": 3.5963,
  "maxPE": 15.7097,
  "medianPE": 8.96,
  "hienTaiPE": 9.474628165185626,
  "minPS": 0.9408,
  "maxPS": 1.8023,
  "medianPS": 1.25,
  "hienTaiPS": 1.982874659417275
}