{
  "minPB": 2.2585,
  "maxPB": 2.8918,
  "medianPB": 2.39,
  "hienTaiPB": 2.781899223552681,
  "minPE": 7.773,
  "maxPE": 9.689,
  "medianPE": 8.16,
  "hienTaiPE": 8.772539703094095,
  "minPS": 0.9408,
  "maxPS": 1.7957,
  "medianPS": 1.27,
  "hienTaiPS": 1.8359397722766917
}