{
  "minPB": 1.6484,
  "maxPB": 3.0575,
  "medianPB": 2.25,
  "hienTaiPB": 2.994499652019309,
  "minPE": 3.5963,
  "maxPE": 15.7097,
  "medianPE": 9,
  "hienTaiPE": 9.442961436501287,
  "minPS": 0.9408,
  "maxPS": 1.8196,
  "medianPS": 1.25,
  "hienTaiPS": 1.9762473646295444
}