{
  "minPB": 0.6627,
  "maxPB": 0.7755,
  "medianPB": 0.76,
  "hienTaiPB": 0.7220601569947913,
  "minPE": 5.2987,
  "maxPE": 6.9736,
  "medianPE": 6.2,
  "hienTaiPE": 6.973592358076422,
  "minPS": 0.4945,
  "maxPS": 5.5004,
  "medianPS": 2.3,
  "hienTaiPS": 2.2345796090658148
}