{
  "minPB": 0.6627,
  "maxPB": 0.7755,
  "medianPB": 0.76,
  "hienTaiPB": 0.7223063138664941,
  "minPE": 5.2987,
  "maxPE": 7.0045,
  "medianPE": 6.22,
  "hienTaiPE": 6.975969719107584,
  "minPS": 0.4945,
  "maxPS": 5.5004,
  "medianPS": 2.29,
  "hienTaiPS": 2.2353413975689054
}