{
  "minPB": 0.6408,
  "maxPB": 1.6358,
  "medianPB": 0.93,
  "hienTaiPB": 0.7466758441650683,
  "minPE": 6.0785,
  "maxPE": 34.7596,
  "medianPE": 10.92,
  "hienTaiPE": 7.211328461192663,
  "minPS": 0.4946,
  "maxPS": 5.534,
  "medianPS": 2.48,
  "hienTaiPS": 2.3107584593748767
}