{
  "minPB": 0.6408,
  "maxPB": 1.6358,
  "medianPB": 0.93,
  "hienTaiPB": 0.7618555179200724,
  "minPE": 6.0785,
  "maxPE": 34.7596,
  "medianPE": 10.92,
  "hienTaiPE": 7.357932391447679,
  "minPS": 0.4946,
  "maxPS": 5.534,
  "medianPS": 2.47,
  "hienTaiPS": 2.3577354170654647
}