{
  "minPB": 0.6408,
  "maxPB": 1.6358,
  "medianPB": 0.93,
  "hienTaiPB": 0.8019790880076239,
  "minPE": 6.0785,
  "maxPE": 34.7596,
  "medianPE": 10.92,
  "hienTaiPE": 7.7454422395271525,
  "minPS": 0.4946,
  "maxPS": 5.534,
  "medianPS": 2.48,
  "hienTaiPS": 2.4819069430692355
}