{
  "minPB": 0.6408,
  "maxPB": 1.6358,
  "medianPB": 0.93,
  "hienTaiPB": 0.7712915313353452,
  "minPE": 6.0785,
  "maxPE": 34.7596,
  "medianPE": 10.91,
  "hienTaiPE": 7.449064564308904,
  "minPS": 0.4946,
  "maxPS": 5.534,
  "medianPS": 2.41,
  "hienTaiPS": 2.3869373096839386
}