{
  "minPB": 0.6627,
  "maxPB": 0.7755,
  "medianPB": 0.76,
  "hienTaiPB": 0.7314961704100642,
  "minPE": 5.2987,
  "maxPE": 6.9736,
  "medianPE": 6.21,
  "hienTaiPE": 7.064724530937648,
  "minPS": 0.4945,
  "maxPS": 5.5004,
  "medianPS": 2.3,
  "hienTaiPS": 2.2637815016842886
}