{
  "minPB": 0.6627,
  "maxPB": 0.7755,
  "medianPB": 0.76,
  "hienTaiPB": 0.7252601963269273,
  "minPE": 5.2987,
  "maxPE": 7.0045,
  "medianPE": 6.22,
  "hienTaiPE": 7.004498051481533,
  "minPS": 0.4945,
  "maxPS": 5.5004,
  "medianPS": 2.3,
  "hienTaiPS": 2.2444828596059927
}