{
  "minPB": 0.7678,
  "maxPB": 2.6141,
  "medianPB": 1.3,
  "hienTaiPB": 0.9871303227469675,
  "minPE": 2.967,
  "maxPE": 9.8712,
  "medianPE": 5.29,
  "hienTaiPE": 5.885425430182043,
  "minPS": 0.0928,
  "maxPS": 0.3659,
  "medianPS": 0.18,
  "hienTaiPS": 0.19981570527658016
}