{
  "minPB": 0.7678,
  "maxPB": 2.6141,
  "medianPB": 1.3,
  "hienTaiPB": 0.937548434389814,
  "minPE": 2.967,
  "maxPE": 9.8712,
  "medianPE": 5.29,
  "hienTaiPE": 5.589810454236826,
  "minPS": 0.0934,
  "maxPS": 0.3659,
  "medianPS": 0.18,
  "hienTaiPS": 0.1897792999887154
}