{
  "minPB": 0.7678,
  "maxPB": 2.6141,
  "medianPB": 1.3,
  "hienTaiPB": 0.9555782119742334,
  "minPE": 2.967,
  "maxPE": 9.8712,
  "medianPE": 5.29,
  "hienTaiPE": 5.697306809125995,
  "minPS": 0.0928,
  "maxPS": 0.3659,
  "medianPS": 0.18,
  "hienTaiPS": 0.1934289019115753
}