{
  "minPB": 0.7678,
  "maxPB": 2.6141,
  "medianPB": 1.3,
  "hienTaiPB": 0.9826228783508626,
  "minPE": 2.967,
  "maxPE": 9.8712,
  "medianPE": 5.29,
  "hienTaiPE": 5.85855134145975,
  "minPS": 0.0928,
  "maxPS": 0.3659,
  "medianPS": 0.18,
  "hienTaiPS": 0.19890330479586518
}