{
  "minPB": 1.0191,
  "maxPB": 5.5945,
  "medianPB": 1.63,
  "hienTaiPB": 1.4840668366905418,
  "minPE": -80.0035,
  "maxPE": 401.4537,
  "medianPE": 18.03,
  "hienTaiPE": 37.99233849591335,
  "minPS": 0.3738,
  "maxPS": 1.8296,
  "medianPS": 0.79,
  "hienTaiPS": 1.2042133132416293
}