{
  "minPB": 0.3863,
  "maxPB": 2.6089,
  "medianPB": 0.52,
  "hienTaiPB": 0.3915444314936461,
  "minPE": 1.9277,
  "maxPE": 34.801,
  "medianPE": 9.89,
  "hienTaiPE": 28.167683312259406,
  "minPS": 0.1636,
  "maxPS": 0.994,
  "medianPS": 0.27,
  "hienTaiPS": 0.19351612781857286
}