{
  "minPB": 0.3863,
  "maxPB": 2.6089,
  "medianPB": 0.52,
  "hienTaiPB": 0.42974388822473353,
  "minPE": 1.9277,
  "maxPE": 34.801,
  "medianPE": 9.92,
  "hienTaiPE": 30.91574997687008,
  "minPS": 0.1636,
  "maxPS": 0.994,
  "medianPS": 0.27,
  "hienTaiPS": 0.2123957500447751
}