{
  "minPB": 0.3863,
  "maxPB": 2.6089,
  "medianPB": 0.52,
  "hienTaiPB": 0.4058692277678039,
  "minPE": 1.9277,
  "maxPE": 34.801,
  "medianPE": 9.89,
  "hienTaiPE": 29.19820831148841,
  "minPS": 0.1636,
  "maxPS": 0.9693,
  "medianPS": 0.27,
  "hienTaiPS": 0.2005959861533987
}