{
  "minPB": 0.3863,
  "maxPB": 2.6089,
  "medianPB": 0.52,
  "hienTaiPB": 0.42019402404196166,
  "minPE": 1.9277,
  "maxPE": 34.801,
  "medianPE": 9.89,
  "hienTaiPE": 30.228733310717413,
  "minPS": 0.1636,
  "maxPS": 0.9693,
  "medianPS": 0.27,
  "hienTaiPS": 0.20767584448822454
}