{
  "minPB": 0.3863,
  "maxPB": 2.6089,
  "medianPB": 0.52,
  "hienTaiPB": 0.41541909195057575,
  "minPE": 1.9277,
  "maxPE": 34.801,
  "medianPE": 9.89,
  "hienTaiPE": 29.88522497764108,
  "minPS": 0.1636,
  "maxPS": 0.994,
  "medianPS": 0.27,
  "hienTaiPS": 0.20531589170994924
}