{
  "minPB": 0,
  "maxPB": 3.3234,
  "medianPB": 0.7,
  "hienTaiPB": 0.6544848466324927,
  "minPE": 0,
  "maxPE": 35.7264,
  "medianPE": 8.3,
  "hienTaiPE": 10.807583167374146,
  "minPS": 0,
  "maxPS": 2.0049,
  "medianPS": 0.23,
  "hienTaiPS": 0.4852227678711797
}