{
  "minPB": 0,
  "maxPB": 3.3234,
  "medianPB": 0.7,
  "hienTaiPB": 0.669530475290711,
  "minPE": 0,
  "maxPE": 35.7264,
  "medianPE": 8.31,
  "hienTaiPE": 11.056033355129873,
  "minPS": 0,
  "maxPS": 2.0049,
  "medianPS": 0.23,
  "hienTaiPS": 0.49637731425902293
}