{
  "minPB": 0,
  "maxPB": 4.5634,
  "medianPB": 1.61,
  "hienTaiPB": 2.4843204228156672,
  "minPE": 0,
  "maxPE": 155.1156,
  "medianPE": 14.67,
  "hienTaiPE": 52.63326575920834,
  "minPS": 0,
  "maxPS": 24.5954,
  "medianPS": 1.36,
  "hienTaiPS": 5.6294283056054635
}