{
  "minPB": 0,
  "maxPB": 4.5634,
  "medianPB": 1.62,
  "hienTaiPB": 2.4933543152622697,
  "minPE": 0,
  "maxPE": 155.1156,
  "medianPE": 14.69,
  "hienTaiPE": 52.82465945287819,
  "minPS": 0,
  "maxPS": 24.5954,
  "medianPS": 1.36,
  "hienTaiPS": 5.649898953989483
}