{
  "minPB": 0,
  "maxPB": 4.5634,
  "medianPB": 1.61,
  "hienTaiPB": 2.4752865303690648,
  "minPE": 0,
  "maxPE": 155.1156,
  "medianPE": 14.66,
  "hienTaiPE": 52.44187206553849,
  "minPS": 0,
  "maxPS": 24.5954,
  "medianPS": 1.36,
  "hienTaiPS": 5.608957657221444
}