{
  "minPB": 0.4054,
  "maxPB": 4.6242,
  "medianPB": 1.71,
  "hienTaiPB": 2.4843204228156672,
  "minPE": 3.2973,
  "maxPE": 161.9782,
  "medianPE": 15.98,
  "hienTaiPE": 52.63326575920834,
  "minPS": 0.2009,
  "maxPS": 24.7228,
  "medianPS": 1.54,
  "hienTaiPS": 5.6294283056054635
}