{
  "minPB": 0,
  "maxPB": 4.5634,
  "medianPB": 1.61,
  "hienTaiPB": 2.45721874547586,
  "minPE": 0,
  "maxPE": 155.1156,
  "medianPE": 14.65,
  "hienTaiPE": 52.05908467819879,
  "minPS": 0,
  "maxPS": 24.5954,
  "medianPS": 1.36,
  "hienTaiPS": 5.568016360453404
}