{
  "minPB": 0.4054,
  "maxPB": 4.6242,
  "medianPB": 1.71,
  "hienTaiPB": 2.4481848530292574,
  "minPE": 3.2973,
  "maxPE": 161.9782,
  "medianPE": 16,
  "hienTaiPE": 51.86769098452895,
  "minPS": 0.2009,
  "maxPS": 24.7228,
  "medianPS": 1.46,
  "hienTaiPS": 5.547545712069384
}