{
  "minPB": 0,
  "maxPB": 2.0926,
  "medianPB": 0.62,
  "hienTaiPB": 1.6452550769504675,
  "minPE": 0,
  "maxPE": 28.4576,
  "medianPE": 8.09,
  "hienTaiPE": 10.233916260603843,
  "minPS": 0,
  "maxPS": 0.4696,
  "medianPS": 0.1,
  "hienTaiPS": 0.14985959848827218
}