{
  "minPB": 0.4188,
  "maxPB": 2.2004,
  "medianPB": 0.62,
  "hienTaiPB": 1.5162154630719995,
  "minPE": 3.6361,
  "maxPE": 28.8178,
  "medianPE": 8.23,
  "hienTaiPE": 7.4566049691385485,
  "minPS": 0.0608,
  "maxPS": 0.419,
  "medianPS": 0.1,
  "hienTaiPS": 0.1395650044509366
}