{
  "minPB": 0.4188,
  "maxPB": 2.2004,
  "medianPB": 0.62,
  "hienTaiPB": 1.5097634823780761,
  "minPE": 3.6361,
  "maxPE": 28.8178,
  "medianPE": 8.23,
  "hienTaiPE": 9.39112315678941,
  "minPS": 0.0608,
  "maxPS": 0.419,
  "medianPS": 0.1,
  "hienTaiPS": 0.137518219789238
}