{
  "minPB": 0,
  "maxPB": 2.0926,
  "medianPB": 0.62,
  "hienTaiPB": 1.8581704398499397,
  "minPE": 0,
  "maxPE": 28.4576,
  "medianPE": 8.09,
  "hienTaiPE": 11.558305423740812,
  "minPS": 0,
  "maxPS": 0.4696,
  "medianPS": 0.1,
  "hienTaiPS": 0.16925319358675445
}