{
  "minPB": 0.4188,
  "maxPB": 2.2004,
  "medianPB": 0.62,
  "hienTaiPB": 1.4516956561327654,
  "minPE": 3.6361,
  "maxPE": 28.8178,
  "medianPE": 8.23,
  "hienTaiPE": 9.02992611229751,
  "minPS": 0.0608,
  "maxPS": 0.419,
  "medianPS": 0.1,
  "hienTaiPS": 0.1322290574896519
}