{
  "minPB": 0,
  "maxPB": 2.6453,
  "medianPB": 0.8,
  "hienTaiPB": 1.0203604552664374,
  "minPE": 0,
  "maxPE": 87.1753,
  "medianPE": 10.99,
  "hienTaiPE": 118.56316444124641,
  "minPS": 0,
  "maxPS": 8.7003,
  "medianPS": 0.59,
  "hienTaiPS": 3.5962618714795775
}