{
  "minPB": 0,
  "maxPB": 2.6342,
  "medianPB": 0.8,
  "hienTaiPB": 1.0110844511276518,
  "minPE": 0,
  "maxPE": 88.6281,
  "medianPE": 11.03,
  "hienTaiPE": 117.48531749178055,
  "minPS": 0,
  "maxPS": 8.6785,
  "medianPS": 0.59,
  "hienTaiPS": 3.5635685817388545
}