{
  "minPB": 0.28,
  "maxPB": 2.6808,
  "medianPB": 0.84,
  "hienTaiPB": 0.9554284262949369,
  "minPE": 2.8568,
  "maxPE": 86.9416,
  "medianPE": 12.01,
  "hienTaiPE": 111.01823579498529,
  "minPS": 0.1084,
  "maxPS": 8.9485,
  "medianPS": 0.76,
  "hienTaiPS": 3.3674088432945135
}