{
  "minPB": 0,
  "maxPB": 2.6453,
  "medianPB": 0.8,
  "hienTaiPB": 0.9832564387112943,
  "minPE": 0,
  "maxPE": 88.0906,
  "medianPE": 11.01,
  "hienTaiPE": 114.25177664338291,
  "minPS": 0,
  "maxPS": 8.7003,
  "medianPS": 0.59,
  "hienTaiPS": 3.465488712516684
}