{
  "minPB": 0.28,
  "maxPB": 2.6808,
  "medianPB": 0.84,
  "hienTaiPB": 0.9647044304337227,
  "minPE": 2.8568,
  "maxPE": 88.6281,
  "medianPE": 12.01,
  "hienTaiPE": 112.09608274445117,
  "minPS": 0.1104,
  "maxPS": 8.8713,
  "medianPS": 0.68,
  "hienTaiPS": 3.400102133035237
}