{
  "minPB": 0,
  "maxPB": 2.6453,
  "medianPB": 0.8,
  "hienTaiPB": 1.001808446988866,
  "minPE": 0,
  "maxPE": 87.7076,
  "medianPE": 11,
  "hienTaiPE": 116.40747054231467,
  "minPS": 0,
  "maxPS": 8.7003,
  "medianPS": 0.59,
  "hienTaiPS": 3.530875291998131
}