{
  "minPB": 0.28,
  "maxPB": 2.6808,
  "medianPB": 0.84,
  "hienTaiPB": 0.9739804345725085,
  "minPE": 2.8568,
  "maxPE": 87.1753,
  "medianPE": 12.01,
  "hienTaiPE": 113.17392969391703,
  "minPS": 0.1084,
  "maxPS": 8.9485,
  "medianPS": 0.76,
  "hienTaiPS": 3.4327954227759605
}