{
  "minPB": 0,
  "maxPB": 2.6453,
  "medianPB": 0.8,
  "hienTaiPB": 0.9925324428500801,
  "minPE": 0,
  "maxPE": 86.9416,
  "medianPE": 10.99,
  "hienTaiPE": 115.32962359284879,
  "minPS": 0,
  "maxPS": 8.7003,
  "medianPS": 0.59,
  "hienTaiPS": 3.4981820022574075
}