{
  "minPB": 0.3463,
  "maxPB": 43.0597,
  "medianPB": 0.65,
  "hienTaiPB": 1.2633988215140006,
  "minPE": -6.7558,
  "maxPE": 186.4772,
  "medianPE": 9.19,
  "hienTaiPE": 101.52999650302426,
  "minPS": 0.0608,
  "maxPS": 0.6575,
  "medianPS": 0.13,
  "hienTaiPS": 0.34289483191122294
}