{
  "minPB": 0.3463,
  "maxPB": 43.0597,
  "medianPB": 0.65,
  "hienTaiPB": 1.237078012732459,
  "minPE": -6.7558,
  "maxPE": 186.4772,
  "medianPE": 9.21,
  "hienTaiPE": 99.41478824254459,
  "minPS": 0.0608,
  "maxPS": 0.6828,
  "medianPS": 0.13,
  "hienTaiPS": 0.3357511895797391
}