{
  "minPB": 0.2679,
  "maxPB": 1.2315,
  "medianPB": 0.74,
  "hienTaiPB": 1.0737754632385115,
  "minPE": -57.1663,
  "maxPE": 163.9034,
  "medianPE": 5.91,
  "hienTaiPE": 199.1812686971975,
  "minPS": 0.0313,
  "maxPS": 0.1294,
  "medianPS": 0.09,
  "hienTaiPS": 0.15212399499849621
}