{
  "minPB": 0.2679,
  "maxPB": 1.2315,
  "medianPB": 0.74,
  "hienTaiPB": 0.8842856756081859,
  "minPE": -57.1663,
  "maxPE": 163.9034,
  "medianPE": 5.88,
  "hienTaiPE": 164.0316330447509,
  "minPS": 0.0313,
  "maxPS": 0.1288,
  "medianPS": 0.09,
  "hienTaiPS": 0.12527858411640863
}