{
  "minPB": 0.2679,
  "maxPB": 1.2315,
  "medianPB": 0.74,
  "hienTaiPB": 0.9948213850592091,
  "minPE": -57.1663,
  "maxPE": 163.9034,
  "medianPE": 5.88,
  "hienTaiPE": 184.53558717534474,
  "minPS": 0.0313,
  "maxPS": 0.1291,
  "medianPS": 0.09,
  "hienTaiPS": 0.14093840713095973
}