{
  "minPB": 0.2679,
  "maxPB": 1.2322,
  "medianPB": 0.74,
  "hienTaiPB": 0.9000764912440463,
  "minPE": -57.1663,
  "maxPE": 163.9034,
  "medianPE": 5.87,
  "hienTaiPE": 166.96076934912145,
  "minPS": 0.0317,
  "maxPS": 0.13,
  "medianPS": 0.09,
  "hienTaiPS": 0.12751570168991594
}