{
  "minPB": 0.2679,
  "maxPB": 1.2322,
  "medianPB": 0.74,
  "hienTaiPB": 0.9040241951530115,
  "minPE": -57.1663,
  "maxPE": 163.9034,
  "medianPE": 5.87,
  "hienTaiPE": 167.6930534252141,
  "minPS": 0.0317,
  "maxPS": 0.13,
  "medianPS": 0.09,
  "hienTaiPS": 0.12807498108329277
}