{
  "minPB": 0.2679,
  "maxPB": 1.2322,
  "medianPB": 0.74,
  "hienTaiPB": 0.8684948599723255,
  "minPE": -57.1663,
  "maxPE": 163.9034,
  "medianPE": 5.87,
  "hienTaiPE": 161.10249674038033,
  "minPS": 0.0313,
  "maxPS": 0.1288,
  "medianPS": 0.09,
  "hienTaiPS": 0.12304146654290135
}