{
  "minPB": 1.0984,
  "maxPB": 4.6057,
  "medianPB": 2.82,
  "hienTaiPB": 2.6166387991786113,
  "minPE": 8.8997,
  "maxPE": 26.3675,
  "medianPE": 16.19,
  "hienTaiPE": 15.380518039876332,
  "minPS": 3.5773,
  "maxPS": 7.9281,
  "medianPS": 5.29,
  "hienTaiPS": 9.391525922220868
}