{
  "minPB": 1.0984,
  "maxPB": 4.6057,
  "medianPB": 2.82,
  "hienTaiPB": 2.6110176631975617,
  "minPE": 8.8997,
  "maxPE": 26.3675,
  "medianPE": 16.21,
  "hienTaiPE": 15.34747718479604,
  "minPS": 3.6217,
  "maxPS": 9.3863,
  "medianPS": 5.33,
  "hienTaiPS": 9.371350785975496
}