{
  "minPB": 1.0984,
  "maxPB": 4.6057,
  "medianPB": 2.82,
  "hienTaiPB": 2.6025859592259875,
  "minPE": 8.8997,
  "maxPE": 26.3675,
  "medianPE": 16.19,
  "hienTaiPE": 15.2979159021756,
  "minPS": 3.5773,
  "maxPS": 7.9527,
  "medianPS": 5.29,
  "hienTaiPS": 9.341088081607436
}