{
  "minPB": 1.0984,
  "maxPB": 4.6057,
  "medianPB": 2.82,
  "hienTaiPB": 2.591343687263888,
  "minPE": 8.8997,
  "maxPE": 26.3675,
  "medianPE": 16.21,
  "hienTaiPE": 15.231834192015015,
  "minPS": 3.6217,
  "maxPS": 9.3863,
  "medianPS": 5.33,
  "hienTaiPS": 9.300737809116692
}