{
  "minPB": 1.0984,
  "maxPB": 4.6057,
  "medianPB": 2.82,
  "hienTaiPB": 2.622259935159661,
  "minPE": 8.8997,
  "maxPE": 26.3675,
  "medianPE": 16.19,
  "hienTaiPE": 15.413558894956626,
  "minPS": 3.5773,
  "maxPS": 7.9527,
  "medianPS": 5.29,
  "hienTaiPS": 9.41170105846624
}