{
  "minPB": 0.5287,
  "maxPB": 2.3417,
  "medianPB": 0.96,
  "hienTaiPB": 0.8060193240808926,
  "minPE": 2.8812,
  "maxPE": 50.3086,
  "medianPE": 7.29,
  "hienTaiPE": 29.665788293463965,
  "minPS": 0.0681,
  "maxPS": 0.4033,
  "medianPS": 0.13,
  "hienTaiPS": 0.20662172252934158
}