{
  "minPB": 0.4752,
  "maxPB": 2.3399,
  "medianPB": 0.96,
  "hienTaiPB": 0.8414487449196132,
  "minPE": 0,
  "maxPE": 50.1886,
  "medianPE": 7.21,
  "hienTaiPE": 30.96977898768216,
  "minPS": 0.0659,
  "maxPS": 0.4172,
  "medianPS": 0.13,
  "hienTaiPS": 0.21570399604711482
}