{
  "minPB": 0.5287,
  "maxPB": 2.3417,
  "medianPB": 0.96,
  "hienTaiPB": 0.8148766792905727,
  "minPE": 2.8812,
  "maxPE": 50.3086,
  "medianPE": 7.29,
  "hienTaiPE": 29.991785967018515,
  "minPS": 0.0681,
  "maxPS": 0.4172,
  "medianPS": 0.13,
  "hienTaiPS": 0.2088922909087849
}