{
  "minPB": 2.0998,
  "maxPB": 5.9019,
  "medianPB": 3.48,
  "hienTaiPB": 2.997746409572107,
  "minPE": 6.2111,
  "maxPE": 20.054,
  "medianPE": 13.16,
  "hienTaiPE": 12.722863799648499,
  "minPS": 1.1278,
  "maxPS": 2.9879,
  "medianPS": 1.86,
  "hienTaiPS": 2.2219644161907612
}