{
  "minPB": 2.0998,
  "maxPB": 5.9019,
  "medianPB": 3.47,
  "hienTaiPB": 3.0117742355410924,
  "minPE": 6.2111,
  "maxPE": 20.054,
  "medianPE": 13.16,
  "hienTaiPE": 12.782399896043671,
  "minPS": 1.1259,
  "maxPS": 3.0076,
  "medianPS": 1.85,
  "hienTaiPS": 2.2323620035384018
}