{
  "minPB": 2.0998,
  "maxPB": 5.9019,
  "medianPB": 3.48,
  "hienTaiPB": 2.9444406708899638,
  "minPE": 6.2111,
  "maxPE": 20.054,
  "medianPE": 13.16,
  "hienTaiPE": 12.49662663334684,
  "minPS": 1.1278,
  "maxPS": 2.9879,
  "medianPS": 1.86,
  "hienTaiPS": 2.1824535842697275
}