{
  "minPB": 2.0998,
  "maxPB": 5.9019,
  "medianPB": 3.48,
  "hienTaiPB": 2.986524148796919,
  "minPE": 6.2111,
  "maxPE": 20.054,
  "medianPE": 13.16,
  "hienTaiPE": 12.67523492253236,
  "minPS": 1.1278,
  "maxPS": 2.9879,
  "medianPS": 1.86,
  "hienTaiPS": 2.213646346312649
}