{
  "minPB": 0.699,
  "maxPB": 3.4601,
  "medianPB": 1.47,
  "hienTaiPB": 1.5919959855796963,
  "minPE": 6.0497,
  "maxPE": 74.0182,
  "medianPE": 15.56,
  "hienTaiPE": 13.776038151545976,
  "minPS": 0.2334,
  "maxPS": 3.5492,
  "medianPS": 0.8,
  "hienTaiPS": 1.0113764470513769
}