{
  "minPB": 0.699,
  "maxPB": 3.4601,
  "medianPB": 1.47,
  "hienTaiPB": 1.4895226807607735,
  "minPE": 6.0497,
  "maxPE": 74.0182,
  "medianPE": 15.57,
  "hienTaiPE": 12.889304661331522,
  "minPS": 0.2308,
  "maxPS": 3.5594,
  "medianPS": 0.83,
  "hienTaiPS": 0.9462763539078399
}