{
  "minPB": 0.699,
  "maxPB": 3.4601,
  "medianPB": 1.47,
  "hienTaiPB": 1.5736971811477458,
  "minPE": 6.0497,
  "maxPE": 74.0182,
  "medianPE": 15.5,
  "hienTaiPE": 13.617692885436252,
  "minPS": 0.2334,
  "maxPS": 3.5492,
  "medianPS": 0.8,
  "hienTaiPS": 0.9997514304186024
}