{
  "minPB": 0.699,
  "maxPB": 3.4601,
  "medianPB": 1.47,
  "hienTaiPB": 1.5700374202613558,
  "minPE": 6.0497,
  "maxPE": 74.0182,
  "medianPE": 15.5,
  "hienTaiPE": 13.586023832214307,
  "minPS": 0.2334,
  "maxPS": 3.5492,
  "medianPS": 0.8,
  "hienTaiPS": 0.9974264270920474
}