{
  "minPB": 0.699,
  "maxPB": 3.4601,
  "medianPB": 1.47,
  "hienTaiPB": 1.5993155073524767,
  "minPE": 6.0497,
  "maxPE": 74.0182,
  "medianPE": 15.53,
  "hienTaiPE": 13.839376257989866,
  "minPS": 0.2334,
  "maxPS": 3.5492,
  "medianPS": 0.8,
  "hienTaiPS": 1.0160264537044865
}