{
  "minPB": 0.699,
  "maxPB": 3.4426,
  "medianPB": 1.47,
  "hienTaiPB": 1.6102947900116469,
  "minPE": 6.0497,
  "maxPE": 74.0182,
  "medianPE": 15.49,
  "hienTaiPE": 13.9343834176557,
  "minPS": 0.2334,
  "maxPS": 3.5492,
  "medianPS": 0.8,
  "hienTaiPS": 1.0230014636841511
}