{
  "minPB": 0.699,
  "maxPB": 3.4251,
  "medianPB": 1.47,
  "hienTaiPB": 1.5627178984885757,
  "minPE": 6.0497,
  "maxPE": 74.0182,
  "medianPE": 15.48,
  "hienTaiPE": 13.522685725770417,
  "minPS": 0.2334,
  "maxPS": 3.5492,
  "medianPS": 0.8,
  "hienTaiPS": 0.9927764204389377
}