{
  "minPB": 0.699,
  "maxPB": 3.4601,
  "medianPB": 1.47,
  "hienTaiPB": 1.4858629198743833,
  "minPE": 6.0497,
  "maxPE": 74.0182,
  "medianPE": 15.57,
  "hienTaiPE": 12.857635608109577,
  "minPS": 0.2308,
  "maxPS": 3.5594,
  "medianPS": 0.83,
  "hienTaiPS": 0.943951350581285
}