{
  "minPB": 0.8879,
  "maxPB": 4.3823,
  "medianPB": 2.26,
  "hienTaiPB": 1.991591703072799,
  "minPE": 5.2324,
  "maxPE": 53.6188,
  "medianPE": 12.88,
  "hienTaiPE": 28.307889083152507,
  "minPS": 2.2212,
  "maxPS": 8.7462,
  "medianPS": 5.28,
  "hienTaiPS": 6.975942252259328
}