{
  "minPB": 0.8879,
  "maxPB": 4.3823,
  "medianPB": 2.26,
  "hienTaiPB": 1.9610798524686197,
  "minPE": 5.2324,
  "maxPE": 53.6188,
  "medianPE": 12.88,
  "hienTaiPE": 27.87420276015156,
  "minPS": 2.2212,
  "maxPS": 8.7462,
  "medianPS": 5.27,
  "hienTaiPS": 6.8690684851634325
}