{
  "minPB": 0.8879,
  "maxPB": 4.3823,
  "medianPB": 2.25,
  "hienTaiPB": 2.0137821398758384,
  "minPE": 5.2324,
  "maxPE": 53.6188,
  "medianPE": 12.89,
  "hienTaiPE": 28.623297318062285,
  "minPS": 2.2212,
  "maxPS": 8.7462,
  "medianPS": 5.28,
  "hienTaiPS": 7.05366862832907
}