{
  "minPB": 0.8879,
  "maxPB": 4.3823,
  "medianPB": 2.26,
  "hienTaiPB": 1.9194727834629206,
  "minPE": 5.2324,
  "maxPE": 53.6188,
  "medianPE": 12.87,
  "hienTaiPE": 27.28281231969573,
  "minPS": 2.2147,
  "maxPS": 8.7462,
  "medianPS": 5.4,
  "hienTaiPS": 6.723331530032667
}