{
  "minPB": 0.8879,
  "maxPB": 4.3823,
  "medianPB": 2.25,
  "hienTaiPB": 2.011008335275459,
  "minPE": 5.2324,
  "maxPE": 53.6188,
  "medianPE": 12.9,
  "hienTaiPE": 28.58387128869856,
  "minPS": 2.2212,
  "maxPS": 8.7462,
  "medianPS": 5.28,
  "hienTaiPS": 7.043952831320352
}