{
  "minPB": 0.8879,
  "maxPB": 4.3823,
  "medianPB": 2.26,
  "hienTaiPB": 1.902829955860641,
  "minPE": 5.2324,
  "maxPE": 53.6188,
  "medianPE": 12.87,
  "hienTaiPE": 27.046256143513396,
  "minPS": 2.2147,
  "maxPS": 8.7462,
  "medianPS": 5.38,
  "hienTaiPS": 6.665036747980361
}