{
  "minPB": 0.8879,
  "maxPB": 4.3823,
  "medianPB": 2.25,
  "hienTaiPB": 2.041520185879638,
  "minPE": 5.2324,
  "maxPE": 53.6188,
  "medianPE": 12.9,
  "hienTaiPE": 29.017557611699505,
  "minPS": 2.2212,
  "maxPS": 8.7462,
  "medianPS": 5.28,
  "hienTaiPS": 7.150826598416247
}