{
  "minPB": 0.8879,
  "maxPB": 4.3823,
  "medianPB": 2.25,
  "hienTaiPB": 2.0221035536769785,
  "minPE": 5.2324,
  "maxPE": 53.6188,
  "medianPE": 12.91,
  "hienTaiPE": 28.74157540615345,
  "minPS": 2.2212,
  "maxPS": 8.7462,
  "medianPS": 5.29,
  "hienTaiPS": 7.0828160193552225
}