{
  "minPB": 0.4564,
  "maxPB": 2.2703,
  "medianPB": 0.77,
  "hienTaiPB": 0.6550465073970673,
  "minPE": 1.913,
  "maxPE": 306.6332,
  "medianPE": 7.62,
  "hienTaiPE": 13.1524031204272,
  "minPS": 0.1144,
  "maxPS": 3.4679,
  "medianPS": 0.75,
  "hienTaiPS": 0.7970829995240567
}