{
  "minPB": 0.4564,
  "maxPB": 2.2703,
  "medianPB": 0.77,
  "hienTaiPB": 0.6298524109587185,
  "minPE": 1.913,
  "maxPE": 306.6332,
  "medianPE": 7.62,
  "hienTaiPE": 12.646541461949232,
  "minPS": 0.1144,
  "maxPS": 3.4679,
  "medianPS": 0.75,
  "hienTaiPS": 0.7664259610808237
}