{
  "minPB": 0.4564,
  "maxPB": 2.2703,
  "medianPB": 0.77,
  "hienTaiPB": 0.6718425716892997,
  "minPE": 1.913,
  "maxPE": 306.6332,
  "medianPE": 7.58,
  "hienTaiPE": 13.48964422607918,
  "minPS": 0.1144,
  "maxPS": 3.4679,
  "medianPS": 0.76,
  "hienTaiPS": 0.8175210251528786
}