{
  "minPB": 0.4564,
  "maxPB": 2.2703,
  "medianPB": 0.77,
  "hienTaiPB": 0.6214543788126022,
  "minPE": 1.913,
  "maxPE": 306.6332,
  "medianPE": 7.58,
  "hienTaiPE": 12.477920909123242,
  "minPS": 0.1144,
  "maxPS": 3.4679,
  "medianPS": 0.75,
  "hienTaiPS": 0.7562069482664128
}