{
  "minPB": 1.2394,
  "maxPB": 1.4447,
  "medianPB": 1.37,
  "hienTaiPB": 1.2754495827202588,
  "minPE": 7.26,
  "maxPE": 8.8026,
  "medianPE": 8.36,
  "hienTaiPE": 7.1924961718799745,
  "minPS": 1.3994,
  "maxPS": 8.6827,
  "medianPS": 3.59,
  "hienTaiPS": 1.2741705235695078
}