{
  "minPB": 1.1631,
  "maxPB": 3.6533,
  "medianPB": 2.11,
  "hienTaiPB": 1.2845822446429795,
  "minPE": 5.1458,
  "maxPE": 58.8286,
  "medianPE": 13.35,
  "hienTaiPE": 7.24399694212457,
  "minPS": 1.4407,
  "maxPS": 8.6864,
  "medianPS": 3.62,
  "hienTaiPS": 1.283294026984545
}