{
  "minPB": 1.1646,
  "maxPB": 3.6498,
  "medianPB": 2.11,
  "hienTaiPB": 1.2879892480545643,
  "minPE": 5.1464,
  "maxPE": 58.8094,
  "medianPE": 13.34,
  "hienTaiPE": 7.263209664702865,
  "minPS": 1.4376,
  "maxPS": 8.6864,
  "medianPS": 3.62,
  "hienTaiPS": 1.2866976137507766
}