{
  "minPB": 1.1646,
  "maxPB": 3.6498,
  "medianPB": 2.11,
  "hienTaiPB": 1.2728943301615703,
  "minPE": 5.1464,
  "maxPE": 58.8094,
  "medianPE": 13.23,
  "hienTaiPE": 7.178086629946253,
  "minPS": 1.4289,
  "maxPS": 8.6864,
  "medianPS": 3.62,
  "hienTaiPS": 1.271617833494834
}