{
  "minPB": 1.2394,
  "maxPB": 1.4447,
  "medianPB": 1.37,
  "hienTaiPB": 1.3479430442000926,
  "minPE": 7.2669,
  "maxPE": 8.8026,
  "medianPE": 8.37,
  "hienTaiPE": 7.601300213407025,
  "minPS": 1.4104,
  "maxPS": 8.6827,
  "medianPS": 3.59,
  "hienTaiPS": 1.3465912864287675
}