{
  "minPB": 1.2394,
  "maxPB": 1.4447,
  "medianPB": 1.37,
  "hienTaiPB": 1.339141618720165,
  "minPE": 7.2669,
  "maxPE": 8.8026,
  "medianPE": 8.37,
  "hienTaiPE": 7.55166734674643,
  "minPS": 1.4119,
  "maxPS": 8.6827,
  "medianPS": 3.59,
  "hienTaiPS": 1.3377986872826693
}