{
  "minPB": 1.1646,
  "maxPB": 3.6498,
  "medianPB": 2.11,
  "hienTaiPB": 1.277626279344327,
  "minPE": 5.1464,
  "maxPE": 58.8094,
  "medianPE": 13.34,
  "hienTaiPE": 7.2047709668605515,
  "minPS": 1.4338,
  "maxPS": 8.6864,
  "medianPS": 3.62,
  "hienTaiPS": 1.2763450373368224
}