{
  "minPB": 1.1646,
  "maxPB": 3.6498,
  "medianPB": 2.11,
  "hienTaiPB": 1.282216270051601,
  "minPE": 5.1464,
  "maxPE": 58.8094,
  "medianPE": 13.35,
  "hienTaiPE": 7.230654773667421,
  "minPS": 1.4391,
  "maxPS": 8.6864,
  "medianPS": 3.62,
  "hienTaiPS": 1.280930425063551
}