{
  "minPB": 1.1646,
  "maxPB": 3.6498,
  "medianPB": 2.11,
  "hienTaiPB": 1.2823582285270838,
  "minPE": 5.1464,
  "maxPE": 58.8094,
  "medianPE": 13.34,
  "hienTaiPE": 7.23145530377485,
  "minPS": 1.4353,
  "maxPS": 8.6864,
  "medianPS": 3.62,
  "hienTaiPS": 1.2810722411788105
}