{
  "minPB": 1.1616,
  "maxPB": 3.6567,
  "medianPB": 2.12,
  "hienTaiPB": 1.2823582285270838,
  "minPE": 5.1453,
  "maxPE": 58.8477,
  "medianPE": 13.36,
  "hienTaiPE": 7.23145530377485,
  "minPS": 1.441,
  "maxPS": 8.6864,
  "medianPS": 3.62,
  "hienTaiPS": 1.2810722411788105
}