{
  "minPB": 0.2036,
  "maxPB": 5.1806,
  "medianPB": 0.6,
  "hienTaiPB": 4.037931096184892,
  "minPE": -1185.0591,
  "maxPE": 383.6423,
  "medianPE": -5.63,
  "hienTaiPE": -297.8965,
  "minPS": 1.8982,
  "maxPS": 539.1926,
  "medianPS": 13.52,
  "hienTaiPS": 2042.0515876352547
}