{
  "minPB": 3.0535,
  "maxPB": 3.3311,
  "medianPB": 3.18,
  "hienTaiPB": 3.1857104333913604,
  "minPE": -254.2989,
  "maxPE": -225.0889,
  "medianPE": -241.18,
  "hienTaiPE": -232.005,
  "minPS": 1.9012,
  "maxPS": 541.4292,
  "medianPS": 14.37,
  "hienTaiPS": 1611.0688600901149
}