{
  "minPB": 0.2036,
  "maxPB": 5.1806,
  "medianPB": 0.6,
  "hienTaiPB": 4.298917869299462,
  "minPE": -1185.0591,
  "maxPE": 383.6423,
  "medianPE": -5.63,
  "hienTaiPE": -292.7406,
  "minPS": 1.9012,
  "maxPS": 539.3491,
  "medianPS": 13.52,
  "hienTaiPS": 2174.037112324853
}