{
  "minPB": 3.0535,
  "maxPB": 3.3311,
  "medianPB": 3.18,
  "hienTaiPB": 3.1976518719171922,
  "minPE": -254.2989,
  "maxPE": -225.0889,
  "medianPE": -241.18,
  "hienTaiPE": -232.005,
  "minPS": 1.9012,
  "maxPS": 542.0554,
  "medianPS": 14.38,
  "hienTaiPS": 1617.107852068795
}