{
  "minPB": 3.0535,
  "maxPB": 3.3311,
  "medianPB": 3.19,
  "hienTaiPB": 3.272219521378498,
  "minPE": -254.2989,
  "maxPE": -225.0889,
  "medianPE": -241.18,
  "hienTaiPE": -232.005,
  "minPS": 1.9012,
  "maxPS": 542.7936,
  "medianPS": 14.41,
  "hienTaiPS": 1654.8180019801089
}