{
  "minPB": 0.2036,
  "maxPB": 5.1806,
  "medianPB": 0.6,
  "hienTaiPB": 3.7151142080365718,
  "minPE": -1185.0591,
  "maxPE": 383.6423,
  "medianPE": -5.63,
  "hienTaiPE": -305.89,
  "minPS": 1.8951,
  "maxPS": 539.036,
  "medianPS": 13.52,
  "hienTaiPS": 1878.797504478268
}