{
  "minPB": 0.2036,
  "maxPB": 5.1806,
  "medianPB": 0.6,
  "hienTaiPB": 4.126430423926335,
  "minPE": -1185.0591,
  "maxPE": 383.6423,
  "medianPE": -5.63,
  "hienTaiPE": -315.0571,
  "minPS": 1.9012,
  "maxPS": 539.7964,
  "medianPS": 13.52,
  "hienTaiPS": 2086.807228188362
}