{
  "minPB": 0.2036,
  "maxPB": 5.1806,
  "medianPB": 0.6,
  "hienTaiPB": 4.26203209251967,
  "minPE": -1185.0591,
  "maxPE": 383.6423,
  "medianPE": -5.63,
  "hienTaiPE": -306.6403,
  "minPS": 1.8951,
  "maxPS": 539.036,
  "medianPS": 13.52,
  "hienTaiPS": 2155.3833371018186
}