{
  "minPB": 0,
  "maxPB": 7.1389,
  "medianPB": 2.07,
  "hienTaiPB": 1.8349693453011513,
  "minPE": 0,
  "maxPE": 17.2457,
  "medianPE": 9.06,
  "hienTaiPE": 11.61658063844812,
  "minPS": 0,
  "maxPS": 4.2486,
  "medianPS": 1.65,
  "hienTaiPS": 2.1693302002307555
}