{
  "minPB": 0.4499,
  "maxPB": 7.3793,
  "medianPB": 2.21,
  "hienTaiPB": 1.806787222250451,
  "minPE": 4.0436,
  "maxPE": 17.3296,
  "medianPE": 9.34,
  "hienTaiPE": 11.438168990417347,
  "minPS": 0.4437,
  "maxPS": 4.2348,
  "medianPS": 1.76,
  "hienTaiPS": 2.1360128422067337
}