{
  "minPB": 0,
  "maxPB": 7.1389,
  "medianPB": 2.07,
  "hienTaiPB": 1.850626080329318,
  "minPE": 0,
  "maxPE": 17.2457,
  "medianPE": 9.06,
  "hienTaiPE": 11.715698220687438,
  "minPS": 0,
  "maxPS": 4.2486,
  "medianPS": 1.65,
  "hienTaiPS": 2.1878398435774344
}