{
  "minPB": 0.4499,
  "maxPB": 7.3793,
  "medianPB": 2.21,
  "hienTaiPB": 1.8631514683518515,
  "minPE": 4.0436,
  "maxPE": 17.3296,
  "medianPE": 9.34,
  "hienTaiPE": 11.794992286478893,
  "minPS": 0.4437,
  "maxPS": 4.2348,
  "medianPS": 1.76,
  "hienTaiPS": 2.2026475582547773
}