{
  "minPB": 0,
  "maxPB": 7.1389,
  "medianPB": 2.07,
  "hienTaiPB": 1.8036558752448175,
  "minPE": 0,
  "maxPE": 17.2457,
  "medianPE": 9.05,
  "hienTaiPE": 11.418345473969483,
  "minPS": 0,
  "maxPS": 4.2486,
  "medianPS": 1.65,
  "hienTaiPS": 2.1323109135373977
}