{
  "minPB": 0.4499,
  "maxPB": 7.3793,
  "medianPB": 2.2,
  "hienTaiPB": 1.8193126102729844,
  "minPE": 4.0436,
  "maxPE": 17.3296,
  "medianPE": 9.34,
  "hienTaiPE": 11.517463056208802,
  "minPS": 0.4464,
  "maxPS": 4.2875,
  "medianPS": 1.77,
  "hienTaiPS": 2.1508205568840766
}