{
  "minPB": 1.5891,
  "maxPB": 3.1363,
  "medianPB": 2.38,
  "hienTaiPB": 2.0653221958788484,
  "minPE": -169.0129,
  "maxPE": 62.7772,
  "medianPE": 13.28,
  "hienTaiPE": -26.6187,
  "minPS": 3.7167,
  "maxPS": 7.1094,
  "medianPS": 4.91,
  "hienTaiPS": 4.189098475775373
}