{
  "minPB": 1.7098,
  "maxPB": 2.1457,
  "medianPB": 1.78,
  "hienTaiPB": 2.2032384401036498,
  "minPE": -46.9243,
  "maxPE": -27.0997,
  "medianPE": -39.99,
  "hienTaiPE": -27.0997,
  "minPS": 3.7167,
  "maxPS": 7.1094,
  "medianPS": 4.87,
  "hienTaiPS": 4.46883435893182
}