{
  "minPB": 1.7098,
  "maxPB": 2.1027,
  "medianPB": 1.78,
  "hienTaiPB": 1.9639845495810577,
  "minPE": -46.9243,
  "maxPE": -27.0997,
  "medianPE": -39.99,
  "hienTaiPE": -27.0997,
  "minPS": 3.7167,
  "maxPS": 7.1094,
  "medianPS": 4.88,
  "hienTaiPS": 3.9835550595995275
}