{
  "minPB": 1.5891,
  "maxPB": 3.1363,
  "medianPB": 2.38,
  "hienTaiPB": 1.8786966962512415,
  "minPE": -169.0129,
  "maxPE": 62.7772,
  "medianPE": 13.28,
  "hienTaiPE": -24.8548,
  "minPS": 3.7167,
  "maxPS": 7.1094,
  "medianPS": 4.89,
  "hienTaiPS": 3.810565480976394
}