{
  "minPB": 0.9503,
  "maxPB": 1.2159,
  "medianPB": 1.09,
  "hienTaiPB": 1.2202290658463015,
  "minPE": 10.5877,
  "maxPE": 13.5471,
  "medianPE": 12.1,
  "hienTaiPE": 12.983518084512772,
  "minPS": 0.0476,
  "maxPS": 0.3219,
  "medianPS": 0.13,
  "hienTaiPS": 0.35035151217320126
}