{
  "minPB": 0.9503,
  "maxPB": 1.2159,
  "medianPB": 1.08,
  "hienTaiPB": 1.142578125292446,
  "minPE": 10.5877,
  "maxPE": 13.5471,
  "medianPE": 12.08,
  "hienTaiPE": 12.157294206407414,
  "minPS": 0.0476,
  "maxPS": 0.3219,
  "medianPS": 0.13,
  "hienTaiPS": 0.32805641594399754
}