{
  "minPB": 0.2942,
  "maxPB": 1.9353,
  "medianPB": 0.71,
  "hienTaiPB": 1.331158980923238,
  "minPE": 0,
  "maxPE": 260.013,
  "medianPE": 8.44,
  "hienTaiPE": 14.16383791037757,
  "minPS": 0.0476,
  "maxPS": 0.3252,
  "medianPS": 0.14,
  "hienTaiPS": 0.3822016496434923
}