{
  "minPB": 0.2942,
  "maxPB": 1.9353,
  "medianPB": 0.71,
  "hienTaiPB": 1.4420888960001748,
  "minPE": 0,
  "maxPE": 260.013,
  "medianPE": 8.46,
  "hienTaiPE": 15.344157736242366,
  "minPS": 0.0476,
  "maxPS": 0.3281,
  "medianPS": 0.14,
  "hienTaiPS": 0.4140517871137833
}