{
  "minPB": 0.2942,
  "maxPB": 1.9353,
  "medianPB": 0.71,
  "hienTaiPB": 1.2202290658463015,
  "minPE": -1.361,
  "maxPE": 260.013,
  "medianPE": 8.44,
  "hienTaiPE": 12.983518084512772,
  "minPS": 0.0476,
  "maxPS": 0.3219,
  "medianPS": 0.14,
  "hienTaiPS": 0.35035151217320126
}