{
  "minPB": 0.9538,
  "maxPB": 3.0551,
  "medianPB": 1.69,
  "hienTaiPB": 1.0375262747036043,
  "minPE": -112.9917,
  "maxPE": 85.6274,
  "medianPE": 12.1,
  "hienTaiPE": -14.4622,
  "minPS": 0.2758,
  "maxPS": 1.8449,
  "medianPS": 0.91,
  "hienTaiPS": 1.844924740708338
}