{
  "minPB": 0.9225,
  "maxPB": 1.3207,
  "medianPB": 1.03,
  "hienTaiPB": 1.094638594947756,
  "minPE": 7.2107,
  "maxPE": 12.2104,
  "medianPE": 8.98,
  "hienTaiPE": 11.486473674778034,
  "minPS": 0.6002,
  "maxPS": 1.2474,
  "medianPS": 0.78,
  "hienTaiPS": 0.8746017715699688
}