{
  "minPB": 0.9225,
  "maxPB": 1.3207,
  "medianPB": 1.03,
  "hienTaiPB": 1.0057265386337573,
  "minPE": 7.2107,
  "maxPE": 12.2104,
  "medianPE": 8.99,
  "hienTaiPE": 10.553484468171563,
  "minPS": 0.6002,
  "maxPS": 1.2474,
  "medianPS": 0.78,
  "hienTaiPS": 0.8035622135596251
}