{
  "minPB": 0.9225,
  "maxPB": 1.3207,
  "medianPB": 1.03,
  "hienTaiPB": 1.0173871361831341,
  "minPE": 7.2107,
  "maxPE": 12.2104,
  "medianPE": 8.98,
  "hienTaiPE": 10.675843708382247,
  "minPS": 0.6002,
  "maxPS": 1.2474,
  "medianPS": 0.78,
  "hienTaiPS": 0.812878876905244
}