{
  "minPB": 0.9225,
  "maxPB": 1.3207,
  "medianPB": 1.03,
  "hienTaiPB": 0.9926083663907082,
  "minPE": 7.2107,
  "maxPE": 12.2104,
  "medianPE": 8.99,
  "hienTaiPE": 10.415830322934543,
  "minPS": 0.6021,
  "maxPS": 1.2438,
  "medianPS": 0.78,
  "hienTaiPS": 0.7930809672958039
}