{
  "minPB": 0.4318,
  "maxPB": 2.4326,
  "medianPB": 0.84,
  "hienTaiPB": 1.6821658034078586,
  "minPE": -21.7255,
  "maxPE": 57.2723,
  "medianPE": 8.66,
  "hienTaiPE": 16.0174863884185,
  "minPS": 0.8962,
  "maxPS": 5.1821,
  "medianPS": 2.16,
  "hienTaiPS": 4.700738504191491
}