{
  "minPB": 0.4318,
  "maxPB": 2.4326,
  "medianPB": 0.84,
  "hienTaiPB": 1.6425336247935374,
  "minPE": -21.7255,
  "maxPE": 57.2723,
  "medianPE": 8.65,
  "hienTaiPE": 15.64011105465995,
  "minPS": 0.8736,
  "maxPS": 5.1402,
  "medianPS": 2.18,
  "hienTaiPS": 4.589988120584884
}