{
  "minPB": 0.4318,
  "maxPB": 2.4326,
  "medianPB": 0.84,
  "hienTaiPB": 1.6337264739903548,
  "minPE": -21.7255,
  "maxPE": 57.2723,
  "medianPE": 8.65,
  "hienTaiPE": 15.556249869380272,
  "minPS": 0.8736,
  "maxPS": 5.1402,
  "medianPS": 2.18,
  "hienTaiPS": 4.565376924227861
}