{
  "minPB": 0.4318,
  "maxPB": 2.4326,
  "medianPB": 0.84,
  "hienTaiPB": 1.655744350998311,
  "minPE": -21.7255,
  "maxPE": 57.2723,
  "medianPE": 8.66,
  "hienTaiPE": 15.765902832579467,
  "minPS": 0.8962,
  "maxPS": 5.1821,
  "medianPS": 2.16,
  "hienTaiPS": 4.62690491512042
}