{
  "minPB": 0,
  "maxPB": 2.1474,
  "medianPB": 0.8,
  "hienTaiPB": 0.7469171178051481,
  "minPE": -23.5317,
  "maxPE": 116.2421,
  "medianPE": -1.85,
  "hienTaiPE": 36.55883153197516,
  "minPS": 0,
  "maxPS": 8.2128,
  "medianPS": 1.18,
  "hienTaiPS": 4.290554863624706
}