{
  "minPB": 0,
  "maxPB": 2.1474,
  "medianPB": 0.8,
  "hienTaiPB": 0.768885268328829,
  "minPE": -23.5317,
  "maxPE": 116.2421,
  "medianPE": -1.84,
  "hienTaiPE": 37.6340912829156,
  "minPS": 0,
  "maxPS": 8.2128,
  "medianPS": 1.18,
  "hienTaiPS": 4.416747653731315
}