{
  "minPB": 0,
  "maxPB": 2.1474,
  "medianPB": 0.8,
  "hienTaiPB": 0.7908534188525098,
  "minPE": -23.5317,
  "maxPE": 116.2421,
  "medianPE": -1.83,
  "hienTaiPE": 38.709351033856045,
  "minPS": 0,
  "maxPS": 8.2128,
  "medianPS": 1.18,
  "hienTaiPS": 4.5429404438379235
}