{
  "minPB": 0,
  "maxPB": 2.1474,
  "medianPB": 0.8,
  "hienTaiPB": 0.7249489672814673,
  "minPE": -23.5317,
  "maxPE": 116.2421,
  "medianPE": -1.84,
  "hienTaiPE": 35.48357178103471,
  "minPS": 0,
  "maxPS": 8.2128,
  "medianPS": 1.18,
  "hienTaiPS": 4.164362073518097
}