{
  "minPB": 0.2648,
  "maxPB": 2.1515,
  "medianPB": 0.81,
  "hienTaiPB": 0.7249489672814673,
  "minPE": -23.5317,
  "maxPE": 118.6144,
  "medianPE": -2.62,
  "hienTaiPE": 35.48357178103471,
  "minPS": 0.1394,
  "maxPS": 8.2957,
  "medianPS": 1.35,
  "hienTaiPS": 4.164362073518097
}