{
  "minPB": 8.0189,
  "maxPB": 9.71,
  "medianPB": 8.02,
  "hienTaiPB": 9.709965876649152,
  "minPE": -15.2915,
  "maxPE": -13.2412,
  "medianPE": -13.24,
  "hienTaiPE": -15.2915,
  "minPS": 0.1853,
  "maxPS": 23.805,
  "medianPS": 0.68,
  "hienTaiPS": 32.59518749558453
}