{
  "minPB": 0.3878,
  "maxPB": 7.3247,
  "medianPB": 0.93,
  "hienTaiPB": 9.709965876649152,
  "minPE": -173.0862,
  "maxPE": 129.9318,
  "medianPE": 7.73,
  "hienTaiPE": -15.2915,
  "minPS": 0.1676,
  "maxPS": 28.0277,
  "medianPS": 0.7,
  "hienTaiPS": 32.59518749558453
}