{
  "minPB": 0.3924,
  "maxPB": 2.6261,
  "medianPB": 0.79,
  "hienTaiPB": 0.6949691939468807,
  "minPE": -55.517,
  "maxPE": 53.5223,
  "medianPE": 6.5,
  "hienTaiPE": 38.82324994061238,
  "minPS": 0.0865,
  "maxPS": 1.3515,
  "medianPS": 0.31,
  "hienTaiPS": 0.07877899365831197
}