{
  "minPB": 0.3924,
  "maxPB": 2.6261,
  "medianPB": 0.79,
  "hienTaiPB": 0.7699168521176227,
  "minPE": -55.517,
  "maxPE": 53.5223,
  "medianPE": 6.5,
  "hienTaiPE": 43.01007101263921,
  "minPS": 0.0872,
  "maxPS": 1.3515,
  "medianPS": 0.31,
  "hienTaiPS": 0.08727476748420834
}