{
  "minPB": 0.3924,
  "maxPB": 2.6261,
  "medianPB": 0.79,
  "hienTaiPB": 0.6472752296564085,
  "minPE": -55.517,
  "maxPE": 53.5223,
  "medianPE": 6.48,
  "hienTaiPE": 36.158909258413495,
  "minPS": 0.0803,
  "maxPS": 1.3428,
  "medianPS": 0.3,
  "hienTaiPS": 0.07337259213274153
}