{
  "minPB": 0.3924,
  "maxPB": 2.6261,
  "medianPB": 0.79,
  "hienTaiPB": 0.6132081123060712,
  "minPE": -55.517,
  "maxPE": 53.5223,
  "medianPE": 6.48,
  "hienTaiPE": 34.25580877112857,
  "minPS": 0.0782,
  "maxPS": 1.3428,
  "medianPS": 0.3,
  "hienTaiPS": 0.06951087675733408
}