{
  "minPB": 0.3394,
  "maxPB": 30.1795,
  "medianPB": 0.75,
  "hienTaiPB": 26.825266622977402,
  "minPE": -148.9157,
  "maxPE": 121.9576,
  "medianPE": 7.16,
  "hienTaiPE": 528.8182990924355,
  "minPS": 0.1809,
  "maxPS": 3.6548,
  "medianPS": 0.4,
  "hienTaiPS": 3.6548411414812985
}