{
  "minPB": 0.1942,
  "maxPB": 3.7494,
  "medianPB": 0.85,
  "hienTaiPB": 2.9852449808660118,
  "minPE": -102.4176,
  "maxPE": 184.8474,
  "medianPE": 1.04,
  "hienTaiPE": -28.5374,
  "minPS": 0.3801,
  "maxPS": 55.3525,
  "medianPS": 1.69,
  "hienTaiPS": 143.9477520979659
}