{
  "minPB": 0.1942,
  "maxPB": 3.7727,
  "medianPB": 0.85,
  "hienTaiPB": 3.1529873178861023,
  "minPE": -102.4714,
  "maxPE": 185.2723,
  "medianPE": 1.04,
  "hienTaiPE": -29.3369,
  "minPS": 0.3801,
  "maxPS": 53.9189,
  "medianPS": 1.65,
  "hienTaiPS": 152.0362448348992
}