{
  "minPB": 2.3759,
  "maxPB": 2.7038,
  "medianPB": 2.51,
  "hienTaiPB": 2.700935935069249,
  "minPE": -45.446,
  "maxPE": -25.7053,
  "medianPE": -43.11,
  "hienTaiPE": -25.7053,
  "minPS": 0.3582,
  "maxPS": 29.7312,
  "medianPS": 0.99,
  "hienTaiPS": 130.2384423743501
}