{
  "minPB": 0.1942,
  "maxPB": 3.7727,
  "medianPB": 0.85,
  "hienTaiPB": 3.2183783984193575,
  "minPE": -102.4714,
  "maxPE": 185.2723,
  "medianPE": 1.13,
  "hienTaiPE": -29.513,
  "minPS": 0.3801,
  "maxPS": 53.0654,
  "medianPS": 1.64,
  "hienTaiPS": 155.18938607133083
}