{
  "minPB": 2.3759,
  "maxPB": 2.7649,
  "medianPB": 2.51,
  "hienTaiPB": 2.7649054703735207,
  "minPE": -45.446,
  "maxPE": -25.7053,
  "medianPE": -43.09,
  "hienTaiPE": -25.746,
  "minPS": 0.3582,
  "maxPS": 30.3941,
  "medianPS": 0.99,
  "hienTaiPS": 133.32303706216365
}