{
  "minPB": 2.3759,
  "maxPB": 2.7891,
  "medianPB": 2.51,
  "hienTaiPB": 2.7890717392662454,
  "minPE": -45.446,
  "maxPE": -25.7053,
  "medianPE": -43.09,
  "hienTaiPE": -25.746,
  "minPS": 0.3582,
  "maxPS": 30.6179,
  "medianPS": 0.99,
  "hienTaiPS": 134.488328388671
}