{
  "minPB": 0.1942,
  "maxPB": 3.7727,
  "medianPB": 0.85,
  "hienTaiPB": 2.9852449808660118,
  "minPE": -102.4714,
  "maxPE": 185.2723,
  "medianPE": 1.04,
  "hienTaiPE": -29.0117,
  "minPS": 0.3801,
  "maxPS": 54.4244,
  "medianPS": 1.66,
  "hienTaiPS": 143.9477520979659
}