{
  "minPB": 0.1942,
  "maxPB": 3.7727,
  "medianPB": 0.85,
  "hienTaiPB": 3.07764542074996,
  "minPE": -102.4714,
  "maxPE": 185.2723,
  "medianPE": 1.08,
  "hienTaiPE": -30.6784,
  "minPS": 0.3801,
  "maxPS": 53.1069,
  "medianPS": 1.65,
  "hienTaiPS": 148.40327775814103
}