{
  "minPB": 0.1942,
  "maxPB": 3.7727,
  "medianPB": 0.85,
  "hienTaiPB": 3.1273995037643934,
  "minPE": -102.4714,
  "maxPE": 185.2723,
  "medianPE": 1.04,
  "hienTaiPE": -30.0551,
  "minPS": 0.3801,
  "maxPS": 53.9852,
  "medianPS": 1.65,
  "hienTaiPS": 150.80240695977378
}