{
  "minPB": 1.5327,
  "maxPB": 2.9492,
  "medianPB": 2.16,
  "hienTaiPB": 2.083324548196714,
  "minPE": 6.0624,
  "maxPE": 11.2426,
  "medianPE": 9.11,
  "hienTaiPE": 7.369407358246189,
  "minPS": 5.9787,
  "maxPS": 17.2262,
  "medianPS": 12.87,
  "hienTaiPS": 13.162860809112576
}