{
  "minPB": 1.5327,
  "maxPB": 2.9492,
  "medianPB": 2.16,
  "hienTaiPB": 2.057793610106068,
  "minPE": 6.0624,
  "maxPE": 11.2426,
  "medianPE": 9.11,
  "hienTaiPE": 7.279095993561799,
  "minPS": 5.9787,
  "maxPS": 17.2262,
  "medianPS": 12.88,
  "hienTaiPS": 13.001551240373452
}