{
  "minPB": 1.6598,
  "maxPB": 2.0578,
  "medianPB": 1.72,
  "hienTaiPB": 2.0680059853423263,
  "minPE": 7.1973,
  "maxPE": 9.4847,
  "medianPE": 8.06,
  "hienTaiPE": 7.315220539435555,
  "minPS": 5.9805,
  "maxPS": 17.1861,
  "medianPS": 12.91,
  "hienTaiPS": 13.0660750678691
}