{
  "minPB": 1.6598,
  "maxPB": 2.0659,
  "medianPB": 1.72,
  "hienTaiPB": 2.0425261091278615,
  "minPE": 7.1973,
  "maxPE": 9.4847,
  "medianPE": 8.06,
  "hienTaiPE": 7.225089797480535,
  "minPS": 5.9805,
  "maxPS": 17.1861,
  "medianPS": 12.91,
  "hienTaiPS": 12.905088118267454
}