{
  "minPB": 1.5327,
  "maxPB": 2.9492,
  "medianPB": 2.16,
  "hienTaiPB": 2.0793927837307544,
  "minPE": 6.0624,
  "maxPE": 11.2426,
  "medianPE": 9.11,
  "hienTaiPE": 7.355499408084793,
  "minPS": 5.9787,
  "maxPS": 17.2262,
  "medianPS": 12.86,
  "hienTaiPS": 13.13801913552675
}