{
  "minPB": 1.5327,
  "maxPB": 2.9492,
  "medianPB": 2.16,
  "hienTaiPB": 2.1041067318024997,
  "minPE": 6.0624,
  "maxPE": 11.2426,
  "medianPE": 9.12,
  "hienTaiPE": 7.442920809099282,
  "minPS": 5.9787,
  "maxPS": 17.2262,
  "medianPS": 12.85,
  "hienTaiPS": 13.294166798066223
}