{
  "minPB": 1.6598,
  "maxPB": 2.0659,
  "medianPB": 1.72,
  "hienTaiPB": 2.033283909539048,
  "minPE": 7.1924,
  "maxPE": 9.4847,
  "medianPE": 8.06,
  "hienTaiPE": 7.192397083464785,
  "minPS": 5.9805,
  "maxPS": 17.1861,
  "medianPS": 12.91,
  "hienTaiPS": 12.846694054383892
}