{
  "minPB": 1.6598,
  "maxPB": 2.0659,
  "medianPB": 1.72,
  "hienTaiPB": 2.065861386542712,
  "minPE": 7.1973,
  "maxPE": 9.4847,
  "medianPE": 8.06,
  "hienTaiPE": 7.307634384802066,
  "minPS": 5.9805,
  "maxPS": 17.1861,
  "medianPS": 12.91,
  "hienTaiPS": 13.052525064095015
}