{
  "minPB": 1.5327,
  "maxPB": 2.9492,
  "medianPB": 2.16,
  "hienTaiPB": 2.0827118056825387,
  "minPE": 6.0624,
  "maxPE": 11.2426,
  "medianPE": 9.11,
  "hienTaiPE": 7.367239885493763,
  "minPS": 5.9787,
  "maxPS": 17.2262,
  "medianPS": 12.86,
  "hienTaiPS": 13.158989379462836
}