{
  "minPB": 1.5327,
  "maxPB": 2.9492,
  "medianPB": 2.16,
  "hienTaiPB": 2.1139616739054894,
  "minPE": 6.0624,
  "maxPE": 11.2426,
  "medianPE": 9.12,
  "hienTaiPE": 7.477780995867456,
  "minPS": 5.9787,
  "maxPS": 17.2262,
  "medianPS": 12.85,
  "hienTaiPS": 13.356432291599525
}