{
  "minPB": 0.8146,
  "maxPB": 0.9603,
  "medianPB": 0.88,
  "hienTaiPB": 0.8742115755606086,
  "minPE": -4946.4584,
  "maxPE": -4195.9727,
  "medianPE": -4534.99,
  "hienTaiPE": -4478.027,
  "minPS": 0.1674,
  "maxPS": 1.2918,
  "medianPS": 0.69,
  "hienTaiPS": 0.8888633184050463
}