{
  "minPB": 0.4164,
  "maxPB": 1.6987,
  "medianPB": 0.89,
  "hienTaiPB": 0.9065897820628533,
  "minPE": -4317.6432,
  "maxPE": 167.4131,
  "medianPE": 11.81,
  "hienTaiPE": -47.8178,
  "minPS": 0.1674,
  "maxPS": 1.2856,
  "medianPS": 0.67,
  "hienTaiPS": 1.234745285895682
}