{
  "minPB": 0.8146,
  "maxPB": 0.9603,
  "medianPB": 0.88,
  "hienTaiPB": 0.9404789715352029,
  "minPE": -4946.4584,
  "maxPE": -4195.9727,
  "medianPE": -4531.67,
  "hienTaiPE": -4493.5124,
  "minPS": 0.1674,
  "maxPS": 1.2918,
  "medianPS": 0.69,
  "hienTaiPS": 1.280901240630354
}