{
  "minPB": 0.4164,
  "maxPB": 1.6987,
  "medianPB": 0.89,
  "hienTaiPB": 0.9497607240658463,
  "minPE": -4317.6432,
  "maxPE": 167.4131,
  "medianPE": 11.8,
  "hienTaiPE": -50.4191,
  "minPS": 0.1674,
  "maxPS": 1.2918,
  "medianPS": 0.68,
  "hienTaiPS": 1.2935426804621433
}