{
  "minPB": 2.8457,
  "maxPB": 16.7028,
  "medianPB": 7.4,
  "hienTaiPB": 7.953069980057911,
  "minPE": 33.7139,
  "maxPE": 604.6362,
  "medianPE": 154.69,
  "hienTaiPE": 42.96235844868346,
  "minPS": 505.5274,
  "maxPS": 11236.7387,
  "medianPS": 1585.45,
  "hienTaiPS": 6476.103712330687
}