{
  "minPB": 7.5735,
  "maxPB": 10.2209,
  "medianPB": 8.57,
  "hienTaiPB": 7.573511701320408,
  "minPE": 40.912,
  "maxPE": 96.064,
  "medianPE": 80.51,
  "hienTaiPE": 40.911990620388906,
  "minPS": 57.9103,
  "maxPS": 10995.8672,
  "medianPS": 1414.15,
  "hienTaiPS": 6167.033279888712
}