{
  "minPB": 2.8457,
  "maxPB": 16.7028,
  "medianPB": 7.4,
  "hienTaiPB": 7.698765933303784,
  "minPE": 33.7139,
  "maxPE": 604.6362,
  "medianPE": 154.82,
  "hienTaiPE": 41.58861200372611,
  "minPS": 505.5274,
  "maxPS": 11236.7387,
  "medianPS": 1581.34,
  "hienTaiPS": 6269.026522594564
}