{
  "minPB": 2.8457,
  "maxPB": 16.7028,
  "medianPB": 7.41,
  "hienTaiPB": 8.022449702636441,
  "minPE": 33.7139,
  "maxPE": 604.6362,
  "medianPE": 154.12,
  "hienTaiPE": 43.3371466145066,
  "minPS": 505.5274,
  "maxPS": 11236.7387,
  "medianPS": 1591.86,
  "hienTaiPS": 6532.59891230729
}