{
  "minPB": 2.8457,
  "maxPB": 16.7028,
  "medianPB": 7.41,
  "hienTaiPB": 8.02328826162435,
  "minPE": 33.7139,
  "maxPE": 604.6362,
  "medianPE": 153.99,
  "hienTaiPE": 43.34167649691795,
  "minPS": 505.5274,
  "maxPS": 11236.7387,
  "medianPS": 1597.28,
  "hienTaiPS": 6533.281742332452
}