{
  "minPB": 2.8457,
  "maxPB": 16.7028,
  "medianPB": 7.4,
  "hienTaiPB": 7.689938996588959,
  "minPE": 33.7139,
  "maxPE": 604.6362,
  "medianPE": 154.77,
  "hienTaiPE": 41.54092903097507,
  "minPS": 505.5274,
  "maxPS": 11236.7387,
  "medianPS": 1583.18,
  "hienTaiPS": 6261.838838119169
}