{
  "minPB": 2.8457,
  "maxPB": 16.7028,
  "medianPB": 7.4,
  "hienTaiPB": 7.494069270886977,
  "minPE": 33.7139,
  "maxPE": 604.6362,
  "medianPE": 154.84,
  "hienTaiPE": 40.48284386562958,
  "minPS": 505.5274,
  "maxPS": 11236.7387,
  "medianPS": 1581.23,
  "hienTaiPS": 6102.344119610159
}