{
  "minPB": 2.8457,
  "maxPB": 16.7028,
  "medianPB": 7.4,
  "hienTaiPB": 7.759539392585359,
  "minPE": 33.7139,
  "maxPE": 604.6362,
  "medianPE": 154.8,
  "hienTaiPE": 41.91690927111699,
  "minPS": 505.5274,
  "maxPS": 11236.7387,
  "medianPS": 1581.45,
  "hienTaiPS": 6318.513730207656
}