{
  "minPB": 7.5124,
  "maxPB": 10.2209,
  "medianPB": 8.56,
  "hienTaiPB": 7.405314422219406,
  "minPE": 40.582,
  "maxPE": 96.064,
  "medianPE": 80.45,
  "hienTaiPE": 40.003391574617915,
  "minPS": 57.9103,
  "maxPS": 10995.8672,
  "medianPS": 1414.92,
  "hienTaiPS": 6030.071952210064
}