{
  "minPB": 2.8457,
  "maxPB": 16.7028,
  "medianPB": 7.41,
  "hienTaiPB": 8.023685473776517,
  "minPE": 33.7139,
  "maxPE": 604.6362,
  "medianPE": 154.25,
  "hienTaiPE": 43.34382223069174,
  "minPS": 505.5274,
  "maxPS": 11236.7387,
  "medianPS": 1589.78,
  "hienTaiPS": 6533.605188133845
}