{
  "minPB": 2.8457,
  "maxPB": 16.7028,
  "medianPB": 7.41,
  "hienTaiPB": 8.159046548298369,
  "minPE": 33.7139,
  "maxPE": 604.6362,
  "medianPE": 154.63,
  "hienTaiPE": 44.07504061782888,
  "minPS": 505.5274,
  "maxPS": 11236.7387,
  "medianPS": 1586.58,
  "hienTaiPS": 6643.828329564024
}