{
  "minPB": 2.8457,
  "maxPB": 16.7028,
  "medianPB": 7.4,
  "hienTaiPB": 7.670608005183491,
  "minPE": 33.7139,
  "maxPE": 604.6362,
  "medianPE": 154.76,
  "hienTaiPE": 41.4365033206503,
  "minPS": 505.5274,
  "maxPS": 11236.7387,
  "medianPS": 1584.91,
  "hienTaiPS": 6246.097809118054
}