{
  "minPB": 0.1013,
  "maxPB": 2.8959,
  "medianPB": 0.64,
  "hienTaiPB": 3.5818431551691123,
  "minPE": -498.6726,
  "maxPE": 239.4278,
  "medianPE": -2.68,
  "hienTaiPE": 46.54339640046494,
  "minPS": 0.0637,
  "maxPS": 93.8429,
  "medianPS": 24.17,
  "hienTaiPS": 71.67426215277777
}