{
  "minPB": 0.1013,
  "maxPB": 2.87,
  "medianPB": 0.64,
  "hienTaiPB": 2.1491058931014675,
  "minPE": -498.6726,
  "maxPE": 239.4278,
  "medianPE": -2.75,
  "hienTaiPE": 27.926037840278966,
  "minPS": 0.0637,
  "maxPS": 93.8429,
  "medianPS": 23.46,
  "hienTaiPS": 43.004557291666664
}