{
  "minPB": 0.1013,
  "maxPB": 2.87,
  "medianPB": 0.64,
  "hienTaiPB": 2.4096035771137667,
  "minPE": -498.6726,
  "maxPE": 239.4278,
  "medianPE": -2.74,
  "hienTaiPE": 31.311012123949144,
  "minPS": 0.0637,
  "maxPS": 93.8429,
  "medianPS": 23.87,
  "hienTaiPS": 48.21723090277778
}