{
  "minPB": 0.898,
  "maxPB": 4.8056,
  "medianPB": 2.69,
  "hienTaiPB": 0.973291365907465,
  "minPE": 6.616,
  "maxPE": 40.9446,
  "medianPE": 13.58,
  "hienTaiPE": -7.488,
  "minPS": 0.7172,
  "maxPS": 4.6168,
  "medianPS": 1.29,
  "hienTaiPS": 0.7868696060007588
}