{
  "minPB": 0.7949,
  "maxPB": 1.0351,
  "medianPB": 0.89,
  "hienTaiPB": 0.9541549619225381,
  "minPE": -7.5598,
  "maxPE": 17.7613,
  "medianPE": 16.74,
  "hienTaiPE": -7.081,
  "minPS": 0.7145,
  "maxPS": 3.0591,
  "medianPS": 1.28,
  "hienTaiPS": 0.7713985403041559
}