{
  "minPB": 0.3272,
  "maxPB": 5.1099,
  "medianPB": 0.85,
  "hienTaiPB": 5.146469517632054,
  "minPE": -64.6464,
  "maxPE": 189.207,
  "medianPE": 16.57,
  "hienTaiPE": 138.41295010033963,
  "minPS": 0.2225,
  "maxPS": 2.9958,
  "medianPS": 0.54,
  "hienTaiPS": 3.011079130265415
}