{
  "minPB": 4.4445,
  "maxPB": 5.2772,
  "medianPB": 5.28,
  "hienTaiPB": 5.109871120973575,
  "minPE": 119.5322,
  "maxPE": 160.8642,
  "medianPE": 160.86,
  "hienTaiPE": 137.42864580531037,
  "minPS": 0.1957,
  "maxPS": 2.9897,
  "medianPS": 0.45,
  "hienTaiPS": 2.9896662630557738
}