{
  "minPB": 0.3272,
  "maxPB": 5.1099,
  "medianPB": 0.85,
  "hienTaiPB": 4.489138477512257,
  "minPE": -64.6464,
  "maxPE": 189.207,
  "medianPE": 16.61,
  "hienTaiPE": 120.73420389504427,
  "minPS": 0.2225,
  "maxPS": 2.9958,
  "medianPS": 0.54,
  "hienTaiPS": 2.6264900892151792
}