{
  "minPB": 0.8571,
  "maxPB": 2.398,
  "medianPB": 1.39,
  "hienTaiPB": 2.0408073008425753,
  "minPE": 3.5541,
  "maxPE": 11.8109,
  "medianPE": 7.77,
  "hienTaiPE": 6.477020925461664,
  "minPS": 0.3171,
  "maxPS": 0.9842,
  "medianPS": 0.56,
  "hienTaiPS": 0.8694092502864333
}