{
  "minPB": 0.8571,
  "maxPB": 2.398,
  "medianPB": 1.39,
  "hienTaiPB": 2.0016148423901803,
  "minPE": 3.5541,
  "maxPE": 11.8109,
  "medianPE": 7.77,
  "hienTaiPE": 6.352633692325226,
  "minPS": 0.3171,
  "maxPS": 0.9842,
  "medianPS": 0.56,
  "hienTaiPS": 0.8527127763440328
}