{
  "minPB": 0.8571,
  "maxPB": 2.398,
  "medianPB": 1.39,
  "hienTaiPB": 2.0967965272031397,
  "minPE": 3.5541,
  "maxPE": 11.8109,
  "medianPE": 7.77,
  "hienTaiPE": 6.654716972799433,
  "minPS": 0.3171,
  "maxPS": 0.9842,
  "medianPS": 0.56,
  "hienTaiPS": 0.8932613559184343
}