{
  "minPB": 0.8571,
  "maxPB": 2.398,
  "medianPB": 1.39,
  "hienTaiPB": 2.024010532934406,
  "minPE": 3.5541,
  "maxPE": 11.8109,
  "medianPE": 7.77,
  "hienTaiPE": 6.4237121112603335,
  "minPS": 0.3171,
  "maxPS": 0.9842,
  "medianPS": 0.56,
  "hienTaiPS": 0.862253618596833
}