{
  "minPB": 0.8571,
  "maxPB": 2.3995,
  "medianPB": 1.39,
  "hienTaiPB": 2.1751814441079302,
  "minPE": 3.5541,
  "maxPE": 11.8109,
  "medianPE": 7.78,
  "hienTaiPE": 6.884005587281283,
  "minPS": 0.3171,
  "maxPS": 0.9863,
  "medianPS": 0.56,
  "hienTaiPS": 0.8393998017026885
}