{
  "minPB": 0.243,
  "maxPB": 1.6366,
  "medianPB": 0.54,
  "hienTaiPB": 0.5722619235207133,
  "minPE": -46.0788,
  "maxPE": 41.5874,
  "medianPE": 2.89,
  "hienTaiPE": 6.658594464410095,
  "minPS": 0.2476,
  "maxPS": 2.5958,
  "medianPS": 0.53,
  "hienTaiPS": 1.8655453996303433
}