{
  "minPB": 0.5269,
  "maxPB": 0.6359,
  "medianPB": 0.59,
  "hienTaiPB": 0.5621631836938771,
  "minPE": 3.9492,
  "maxPE": 6.9037,
  "medianPE": 4.55,
  "hienTaiPE": 6.541089856214622,
  "minPS": 0.1653,
  "maxPS": 2.4672,
  "medianPS": 0.5,
  "hienTaiPS": 1.832624010225102
}