{
  "minPB": 0.243,
  "maxPB": 1.6249,
  "medianPB": 0.54,
  "hienTaiPB": 0.5914976184289725,
  "minPE": -46.0788,
  "maxPE": 41.5594,
  "medianPE": 2.91,
  "hienTaiPE": 6.882412765734804,
  "minPS": 0.2476,
  "maxPS": 2.5958,
  "medianPS": 0.53,
  "hienTaiPS": 1.9282528080212793
}