{
  "minPB": 0.6077,
  "maxPB": 2.4198,
  "medianPB": 1.39,
  "hienTaiPB": 1.3124761417289053,
  "minPE": 8.4018,
  "maxPE": 30.2685,
  "medianPE": 15.86,
  "hienTaiPE": 16.680984250774962,
  "minPS": 4.181,
  "maxPS": 16.5211,
  "medianPS": 8.69,
  "hienTaiPS": 7.485407461970482
}