{
  "minPB": 0.6077,
  "maxPB": 2.4198,
  "medianPB": 1.39,
  "hienTaiPB": 1.259675377406478,
  "minPE": 8.4018,
  "maxPE": 30.2685,
  "medianPE": 15.9,
  "hienTaiPE": 16.009910171720797,
  "minPS": 4.181,
  "maxPS": 16.5211,
  "medianPS": 8.68,
  "hienTaiPS": 7.184270380167072
}