{
  "minPB": 0.6077,
  "maxPB": 2.4198,
  "medianPB": 1.39,
  "hienTaiPB": 1.2973902090653546,
  "minPE": 8.4018,
  "maxPE": 30.2685,
  "medianPE": 15.85,
  "hienTaiPE": 16.48924879961663,
  "minPS": 4.181,
  "maxPS": 16.5211,
  "medianPS": 8.69,
  "hienTaiPS": 7.399368295740937
}