{
  "minPB": 0.6077,
  "maxPB": 2.4198,
  "medianPB": 1.4,
  "hienTaiPB": 1.259675377406478,
  "minPE": 8.4018,
  "maxPE": 30.2685,
  "medianPE": 15.85,
  "hienTaiPE": 16.009910171720797,
  "minPS": 4.1849,
  "maxPS": 16.4388,
  "medianPS": 8.8,
  "hienTaiPS": 7.184270380167072
}