{
  "minPB": 0.6077,
  "maxPB": 2.4198,
  "medianPB": 1.4,
  "hienTaiPB": 1.2747613100700286,
  "minPE": 8.4018,
  "maxPE": 30.2685,
  "medianPE": 15.85,
  "hienTaiPE": 16.20164562287913,
  "minPS": 4.181,
  "maxPS": 16.5211,
  "medianPS": 8.69,
  "hienTaiPS": 7.270309546396618
}