{
  "minPB": 0.6077,
  "maxPB": 2.4198,
  "medianPB": 1.39,
  "hienTaiPB": 1.282304276401804,
  "minPE": 8.4018,
  "maxPE": 30.2685,
  "medianPE": 15.88,
  "hienTaiPE": 16.297513348458295,
  "minPS": 4.181,
  "maxPS": 16.5211,
  "medianPS": 8.68,
  "hienTaiPS": 7.3133291295113905
}