{
  "minPB": 0.6077,
  "maxPB": 2.4198,
  "medianPB": 1.4,
  "hienTaiPB": 1.2445894447429273,
  "minPE": 8.4018,
  "maxPE": 30.2685,
  "medianPE": 15.85,
  "hienTaiPE": 15.818174720562464,
  "minPS": 4.1849,
  "maxPS": 16.4388,
  "medianPS": 8.8,
  "hienTaiPS": 7.098231213937526
}