{
  "minPB": 0.8205,
  "maxPB": 3.5661,
  "medianPB": 1.7,
  "hienTaiPB": 2.8382314334722922,
  "minPE": 7.3924,
  "maxPE": 31.0857,
  "medianPE": 14.34,
  "hienTaiPE": 21.34408652772971,
  "minPS": 0.2708,
  "maxPS": 2.2416,
  "medianPS": 1.09,
  "hienTaiPS": 1.9796515564079633
}