{
  "minPB": 0.8205,
  "maxPB": 3.5661,
  "medianPB": 1.69,
  "hienTaiPB": 2.8598149424720813,
  "minPE": 7.3924,
  "maxPE": 31.0857,
  "medianPE": 14.33,
  "hienTaiPE": 21.506398972807503,
  "minPS": 0.2708,
  "maxPS": 2.2416,
  "medianPS": 1.09,
  "hienTaiPS": 1.9947059408673395
}