{
  "minPB": 0.8205,
  "maxPB": 3.572,
  "medianPB": 1.69,
  "hienTaiPB": 2.697938624973662,
  "minPE": 7.364,
  "maxPE": 31.2381,
  "medianPE": 14.32,
  "hienTaiPE": 20.28905563472406,
  "minPS": 0.2708,
  "maxPS": 2.2581,
  "medianPS": 1.11,
  "hienTaiPS": 1.8817980574220183
}