{
  "minPB": 0.8205,
  "maxPB": 3.5691,
  "medianPB": 1.69,
  "hienTaiPB": 2.6817509932238197,
  "minPE": 7.3782,
  "maxPE": 31.2,
  "medianPE": 14.32,
  "hienTaiPE": 20.167321300915717,
  "minPS": 0.2708,
  "maxPS": 2.2581,
  "medianPS": 1.11,
  "hienTaiPS": 1.8705072690774862
}