{
  "minPB": 0.8205,
  "maxPB": 3.5661,
  "medianPB": 1.69,
  "hienTaiPB": 2.735709765723293,
  "minPE": 7.3924,
  "maxPE": 31.1619,
  "medianPE": 14.32,
  "hienTaiPE": 20.573102413610197,
  "minPS": 0.2708,
  "maxPS": 2.2581,
  "medianPS": 1.11,
  "hienTaiPS": 1.9081432302259267
}