{
  "minPB": 0.8205,
  "maxPB": 3.5661,
  "medianPB": 1.69,
  "hienTaiPB": 2.7626891519730297,
  "minPE": 7.3924,
  "maxPE": 31.0857,
  "medianPE": 14.32,
  "hienTaiPE": 20.77599296995744,
  "minPS": 0.2708,
  "maxPS": 2.2416,
  "medianPS": 1.09,
  "hienTaiPS": 1.9269612108001468
}