{
  "minPB": 0.8205,
  "maxPB": 3.572,
  "medianPB": 1.68,
  "hienTaiPB": 2.751897397473135,
  "minPE": 7.364,
  "maxPE": 31.2381,
  "medianPE": 14.32,
  "hienTaiPE": 20.69483674741854,
  "minPS": 0.2708,
  "maxPS": 2.2581,
  "medianPS": 1.11,
  "hienTaiPS": 1.9194340185704588
}