{
  "minPB": 0.934,
  "maxPB": 0.9991,
  "medianPB": 0.97,
  "hienTaiPB": 1.0487022084664264,
  "minPE": 5.6968,
  "maxPE": 6.5709,
  "medianPE": 6.34,
  "hienTaiPE": 6.173239584938728,
  "minPS": 0.1717,
  "maxPS": 0.3853,
  "medianPS": 0.26,
  "hienTaiPS": 0.22132094700536598
}