{
  "minPB": 0.8067,
  "maxPB": 2.2742,
  "medianPB": 1.14,
  "hienTaiPB": 1.048895035807759,
  "minPE": 5.1717,
  "maxPE": 21.1162,
  "medianPE": 6.61,
  "hienTaiPE": 6.1743746730189875,
  "minPS": 0.1713,
  "maxPS": 0.3635,
  "medianPS": 0.25,
  "hienTaiPS": 0.22136164180837836
}