{
  "minPB": 0.807,
  "maxPB": 2.274,
  "medianPB": 1.14,
  "hienTaiPB": 1.036982591165445,
  "minPE": 5.1725,
  "maxPE": 21.1162,
  "medianPE": 6.61,
  "hienTaiPE": 6.104251453838528,
  "minPS": 0.1713,
  "maxPS": 0.3635,
  "medianPS": 0.25,
  "hienTaiPS": 0.21884760731116745
}