{
  "minPB": 0.8067,
  "maxPB": 2.2742,
  "medianPB": 1.15,
  "hienTaiPB": 1.0459169246471804,
  "minPE": 5.1717,
  "maxPE": 21.1162,
  "medianPE": 6.61,
  "hienTaiPE": 6.156843868223873,
  "minPS": 0.1713,
  "maxPS": 0.3635,
  "medianPS": 0.25,
  "hienTaiPS": 0.22073313318407564
}