{
  "minPB": 0.934,
  "maxPB": 0.9969,
  "medianPB": 0.97,
  "hienTaiPB": 0.9877044928249383,
  "minPE": 5.6968,
  "maxPE": 6.5709,
  "medianPE": 6.34,
  "hienTaiPE": 5.8141733888833915,
  "minPS": 0.1717,
  "maxPS": 0.3853,
  "medianPS": 0.26,
  "hienTaiPS": 0.20844782431910783
}