{
  "minPB": 1.3373,
  "maxPB": 8.7007,
  "medianPB": 3.04,
  "hienTaiPB": 7.449003518166731,
  "minPE": -278.2971,
  "maxPE": 1672.2694,
  "medianPE": 53.62,
  "hienTaiPE": 45.676411755489895,
  "minPS": 1.9263,
  "maxPS": 9.1158,
  "medianPS": 4.72,
  "hienTaiPS": 7.277170499878568
}