{
  "minPB": 1.3395,
  "maxPB": 8.6845,
  "medianPB": 3.04,
  "hienTaiPB": 7.1629269640194835,
  "minPE": -277.676,
  "maxPE": 1666.8317,
  "medianPE": 53.17,
  "hienTaiPE": 43.922224037769865,
  "minPS": 1.9294,
  "maxPS": 9.0552,
  "medianPS": 4.72,
  "hienTaiPS": 6.9976931368366415
}