{
  "minPB": 1.3373,
  "maxPB": 8.7007,
  "medianPB": 3.03,
  "hienTaiPB": 7.497725518303296,
  "minPE": -278.2971,
  "maxPE": 1672.2694,
  "medianPE": 53.72,
  "hienTaiPE": 45.97516931874804,
  "minPS": 1.9263,
  "maxPS": 9.1158,
  "medianPS": 4.71,
  "hienTaiPS": 7.324768584806866
}