{
  "minPB": 1.3373,
  "maxPB": 8.7007,
  "medianPB": 3.03,
  "hienTaiPB": 7.368475655373203,
  "minPE": -278.2971,
  "maxPE": 1672.2694,
  "medianPE": 53.69,
  "hienTaiPE": 45.18262439053883,
  "minPS": 1.9263,
  "maxPS": 9.1158,
  "medianPS": 4.71,
  "hienTaiPS": 7.198500247393098
}