{
  "minPB": 1.3373,
  "maxPB": 8.7007,
  "medianPB": 3.04,
  "hienTaiPB": 7.443276700790824,
  "minPE": -278.2971,
  "maxPE": 1672.2694,
  "medianPE": 53.67,
  "hienTaiPE": 45.641295586210006,
  "minPS": 1.9263,
  "maxPS": 9.1158,
  "medianPS": 4.72,
  "hienTaiPS": 7.27157578826855
}