{
  "minPB": 1.3395,
  "maxPB": 8.6845,
  "medianPB": 3.04,
  "hienTaiPB": 6.96028573379507,
  "minPE": -277.676,
  "maxPE": 1666.8317,
  "medianPE": 53.29,
  "hienTaiPE": 42.67965189401991,
  "minPS": 1.9294,
  "maxPS": 9.0552,
  "medianPS": 4.72,
  "hienTaiPS": 6.799726418328349
}