{
  "minPB": 6.7736,
  "maxPB": 8.8435,
  "medianPB": 8.25,
  "hienTaiPB": 8.114459697247163,
  "minPE": 48.3171,
  "maxPE": 107.0289,
  "medianPE": 99.81,
  "hienTaiPE": 49.75691062581309,
  "minPS": 1.951,
  "maxPS": 9.1158,
  "medianPS": 4.77,
  "hienTaiPS": 7.927275988962543
}