{
  "minPB": 0.3019,
  "maxPB": 1.0037,
  "medianPB": 0.48,
  "hienTaiPB": 1.5990936842114263,
  "minPE": -75.735,
  "maxPE": 43.7928,
  "medianPE": 6.16,
  "hienTaiPE": 10.432844025455118,
  "minPS": 0.2115,
  "maxPS": 1.1542,
  "medianPS": 0.57,
  "hienTaiPS": 0.5318917449279417
}