{
  "minPB": 0.3019,
  "maxPB": 0.9999,
  "medianPB": 0.48,
  "hienTaiPB": 1.6696419349854599,
  "minPE": -76.2399,
  "maxPE": 44.5456,
  "medianPE": 6.15,
  "hienTaiPE": 10.893116555989902,
  "minPS": 0.2115,
  "maxPS": 1.1542,
  "medianPS": 0.57,
  "hienTaiPS": 0.5553575572041743
}