{
  "minPB": 0.5757,
  "maxPB": 1.5169,
  "medianPB": 1,
  "hienTaiPB": 0.9934305163438877,
  "minPE": 3.3515,
  "maxPE": 31.947,
  "medianPE": 9.71,
  "hienTaiPE": 13.639675039062627,
  "minPS": 0.0085,
  "maxPS": 4.4831,
  "medianPS": 0.24,
  "hienTaiPS": 0.022040537013253873
}