{
  "minPB": 0.5757,
  "maxPB": 1.5169,
  "medianPB": 1,
  "hienTaiPB": 1.0801056620651666,
  "minPE": 3.3377,
  "maxPE": 31.947,
  "medianPE": 9.71,
  "hienTaiPE": 14.829713800860038,
  "minPS": 0.0084,
  "maxPS": 4.4889,
  "medianPS": 0.24,
  "hienTaiPS": 0.023963536886893472
}