{
  "minPB": 0.5757,
  "maxPB": 1.5169,
  "medianPB": 1,
  "hienTaiPB": 1.060103705360256,
  "minPE": 3.3377,
  "maxPE": 31.947,
  "medianPE": 9.69,
  "hienTaiPE": 14.555089471214481,
  "minPS": 0.008,
  "maxPS": 4.5495,
  "medianPS": 0.22,
  "hienTaiPS": 0.023519767685284333
}