{
  "minPB": 1.0661,
  "maxPB": 4.0455,
  "medianPB": 2,
  "hienTaiPB": 4.06450386404031,
  "minPE": 7.1552,
  "maxPE": 15.438,
  "medianPE": 9.83,
  "hienTaiPE": 11.917660348321313,
  "minPS": 1.3346,
  "maxPS": 3.9085,
  "medianPS": 2.72,
  "hienTaiPS": 3.71502806097494
}