{
  "minPB": 3.9252,
  "maxPB": 4.155,
  "medianPB": 4.06,
  "hienTaiPB": 3.9252218001635386,
  "minPE": 10.3179,
  "maxPE": 11.8434,
  "medianPE": 10.63,
  "hienTaiPE": 11.509267003051734,
  "minPS": 1.3346,
  "maxPS": 3.8818,
  "medianPS": 2.76,
  "hienTaiPS": 3.587721803433743
}