{
  "minPB": 1.0661,
  "maxPB": 4.0561,
  "medianPB": 2,
  "hienTaiPB": 4.35572999760083,
  "minPE": 7.1552,
  "maxPE": 15.438,
  "medianPE": 9.84,
  "hienTaiPE": 12.771573706612248,
  "minPS": 1.3346,
  "maxPS": 3.9111,
  "medianPS": 2.73,
  "hienTaiPS": 3.9812138721974435
}