{
  "minPB": 1.0661,
  "maxPB": 4.0518,
  "medianPB": 2,
  "hienTaiPB": 4.05184185823333,
  "minPE": 7.1552,
  "maxPE": 15.438,
  "medianPE": 9.84,
  "hienTaiPE": 11.880533680569533,
  "minPS": 1.3346,
  "maxPS": 3.9085,
  "medianPS": 2.73,
  "hienTaiPS": 3.7034547648348313
}