{
  "minPB": 1.0661,
  "maxPB": 4.0324,
  "medianPB": 2,
  "hienTaiPB": 4.026517846619372,
  "minPE": 7.1552,
  "maxPE": 15.438,
  "medianPE": 9.83,
  "hienTaiPE": 11.806280345065973,
  "minPS": 1.3346,
  "maxPS": 3.9085,
  "medianPS": 2.72,
  "hienTaiPS": 3.680308172554614
}