{
  "minPB": 3.9252,
  "maxPB": 4.155,
  "medianPB": 4.05,
  "hienTaiPB": 4.005435606950751,
  "minPE": 10.3179,
  "maxPE": 11.8527,
  "medianPE": 10.64,
  "hienTaiPE": 11.74446444325926,
  "minPS": 1.3346,
  "maxPS": 3.8818,
  "medianPS": 2.76,
  "hienTaiPS": 3.6610386344813324
}