{
  "minPB": 0.2831,
  "maxPB": 2.3126,
  "medianPB": 0.62,
  "hienTaiPB": 1.511210042016697,
  "minPE": -65.8505,
  "maxPE": 35.2345,
  "medianPE": 8.74,
  "hienTaiPE": 14.918002834263081,
  "minPS": 0.0419,
  "maxPS": 0.3971,
  "medianPS": 0.09,
  "hienTaiPS": 0.22382427238517374
}