{
  "minPB": 0.2831,
  "maxPB": 2.3126,
  "medianPB": 0.63,
  "hienTaiPB": 1.5731026034644797,
  "minPE": -65.8505,
  "maxPE": 35.2345,
  "medianPE": 8.78,
  "hienTaiPE": 15.528979059557132,
  "minPS": 0.0419,
  "maxPS": 0.3971,
  "medianPS": 0.09,
  "hienTaiPS": 0.23299113678320132
}