{
  "minPB": 0.2831,
  "maxPB": 2.3126,
  "medianPB": 0.62,
  "hienTaiPB": 1.5008946151087332,
  "minPE": -65.8505,
  "maxPE": 35.2345,
  "medianPE": 8.75,
  "hienTaiPE": 14.81617346338074,
  "minPS": 0.0419,
  "maxPS": 0.3971,
  "medianPS": 0.09,
  "hienTaiPS": 0.22229646165216915
}