{
  "minPB": 0.3333,
  "maxPB": 2.3489,
  "medianPB": 0.64,
  "hienTaiPB": 1.4338443402069685,
  "minPE": -67.0617,
  "maxPE": 35.3833,
  "medianPE": 8.98,
  "hienTaiPE": 14.154282552645517,
  "minPS": 0.0442,
  "maxPS": 0.399,
  "medianPS": 0.09,
  "hienTaiPS": 0.21236569188763926
}