{
  "minPB": 0.3333,
  "maxPB": 2.3489,
  "medianPB": 0.64,
  "hienTaiPB": 1.4390020536609502,
  "minPE": -67.0617,
  "maxPE": 35.3833,
  "medianPE": 8.96,
  "hienTaiPE": 14.205197238086688,
  "minPS": 0.0442,
  "maxPS": 0.3583,
  "medianPS": 0.09,
  "hienTaiPS": 0.21312959725414155
}