{
  "minPB": 0.3333,
  "maxPB": 2.3489,
  "medianPB": 0.64,
  "hienTaiPB": 1.4957369016547513,
  "minPE": -67.0617,
  "maxPE": 35.3833,
  "medianPE": 8.95,
  "hienTaiPE": 14.765258777939568,
  "minPS": 0.0442,
  "maxPS": 0.3583,
  "medianPS": 0.09,
  "hienTaiPS": 0.22153255628566684
}