{
  "minPB": 0.2831,
  "maxPB": 2.3126,
  "medianPB": 0.62,
  "hienTaiPB": 1.4802637612928056,
  "minPE": -65.8505,
  "maxPE": 35.2345,
  "medianPE": 8.76,
  "hienTaiPE": 14.612514721616055,
  "minPS": 0.0419,
  "maxPS": 0.3971,
  "medianPS": 0.09,
  "hienTaiPS": 0.21924084018615994
}