{
  "minPB": 0.2831,
  "maxPB": 2.3126,
  "medianPB": 0.63,
  "hienTaiPB": 1.6401528783662445,
  "minPE": -65.8505,
  "maxPE": 35.2345,
  "medianPE": 8.78,
  "hienTaiPE": 16.190869970292354,
  "minPS": 0.0419,
  "maxPS": 0.3971,
  "medianPS": 0.09,
  "hienTaiPS": 0.24292190654773124
}