{
  "minPB": 0.5718,
  "maxPB": 1.8596,
  "medianPB": 0.97,
  "hienTaiPB": 1.021398323990731,
  "minPE": 6.0131,
  "maxPE": 181.1369,
  "medianPE": 14.76,
  "hienTaiPE": 18.456245767176803,
  "minPS": 0.217,
  "maxPS": 0.8481,
  "medianPS": 0.36,
  "hienTaiPS": 0.3957295454953792
}