{
  "minPB": 1.0141,
  "maxPB": 1.1354,
  "medianPB": 1.05,
  "hienTaiPB": 1.0425086597751256,
  "minPE": 18.5274,
  "maxPE": 38.206,
  "medianPE": 35.2,
  "hienTaiPE": 18.837700813962204,
  "minPS": 0.2174,
  "maxPS": 0.8452,
  "medianPS": 0.36,
  "hienTaiPS": 0.4039085128864488
}