{
  "minPB": 1.0141,
  "maxPB": 1.1354,
  "medianPB": 1.05,
  "hienTaiPB": 1.0332171387432618,
  "minPE": 18.5274,
  "maxPE": 38.206,
  "medianPE": 35.22,
  "hienTaiPE": 18.669806867313703,
  "minPS": 0.2174,
  "maxPS": 0.8452,
  "medianPS": 0.36,
  "hienTaiPS": 0.40030861526714
}