{
  "minPB": 0.5718,
  "maxPB": 1.8596,
  "medianPB": 0.97,
  "hienTaiPB": 1.0109174882667886,
  "minPE": 6.0131,
  "maxPE": 181.1369,
  "medianPE": 14.78,
  "hienTaiPE": 18.26686139535729,
  "minPS": 0.217,
  "maxPS": 0.8481,
  "medianPS": 0.36,
  "hienTaiPS": 0.39166886098079884
}