{
  "minPB": 0.6555,
  "maxPB": 2.7209,
  "medianPB": 0.99,
  "hienTaiPB": 2.52637604995215,
  "minPE": 9.5378,
  "maxPE": 47.1261,
  "medianPE": 18.01,
  "hienTaiPE": 23.783582358762526,
  "minPS": 0.3376,
  "maxPS": 1.7236,
  "medianPS": 0.51,
  "hienTaiPS": 1.4171037303624652
}