{
  "minPB": 0.6555,
  "maxPB": 2.7209,
  "medianPB": 0.99,
  "hienTaiPB": 2.59559183214262,
  "minPE": 9.5378,
  "maxPE": 47.1261,
  "medianPE": 18.04,
  "hienTaiPE": 24.435187354893007,
  "minPS": 0.3376,
  "maxPS": 1.7236,
  "medianPS": 0.51,
  "hienTaiPS": 1.455928490098423
}