{
  "minPB": 2.4933,
  "maxPB": 2.9767,
  "medianPB": 2.65,
  "hienTaiPB": 2.5108024989592943,
  "minPE": 23.4578,
  "maxPE": 28.5309,
  "medianPE": 25.45,
  "hienTaiPE": 23.63697123463317,
  "minPS": 0.3376,
  "maxPS": 1.7236,
  "medianPS": 0.53,
  "hienTaiPS": 1.4083681594218747
}