{
  "minPB": 2.4933,
  "maxPB": 2.9767,
  "medianPB": 2.65,
  "hienTaiPB": 2.52637604995215,
  "minPE": 23.4578,
  "maxPE": 28.5309,
  "medianPE": 25.45,
  "hienTaiPE": 23.783582358762526,
  "minPS": 0.3376,
  "maxPS": 1.7236,
  "medianPS": 0.53,
  "hienTaiPS": 1.4171037303624652
}