{
  "minPB": 2.4933,
  "maxPB": 2.9767,
  "medianPB": 2.65,
  "hienTaiPB": 2.5090721044045323,
  "minPE": 23.4578,
  "maxPE": 28.5309,
  "medianPE": 25.45,
  "hienTaiPE": 23.620681109729908,
  "minPS": 0.3376,
  "maxPS": 1.7236,
  "medianPS": 0.53,
  "hienTaiPS": 1.4073975404284755
}