{
  "minPB": 0.6555,
  "maxPB": 2.7209,
  "medianPB": 0.99,
  "hienTaiPB": 2.7340233965235594,
  "minPE": 9.5378,
  "maxPE": 47.1261,
  "medianPE": 18.12,
  "hienTaiPE": 25.738397347153967,
  "minPS": 0.3376,
  "maxPS": 1.7236,
  "medianPS": 0.51,
  "hienTaiPS": 1.533578009570339
}