{
  "minPB": 0.9216,
  "maxPB": 3.0747,
  "medianPB": 1.71,
  "hienTaiPB": 1.858606272416098,
  "minPE": 4.2639,
  "maxPE": 19.444,
  "medianPE": 8.34,
  "hienTaiPE": 13.081187430135579,
  "minPS": 0.2894,
  "maxPS": 1.6257,
  "medianPS": 0.65,
  "hienTaiPS": 1.2874344046984554
}