{
  "minPB": 0.9216,
  "maxPB": 3.0747,
  "medianPB": 1.71,
  "hienTaiPB": 1.8353413816626283,
  "minPE": 4.2639,
  "maxPE": 19.444,
  "medianPE": 8.32,
  "hienTaiPE": 12.917445167449598,
  "minPS": 0.2893,
  "maxPS": 1.6277,
  "medianPS": 0.65,
  "hienTaiPS": 1.2713190922613398
}