{
  "minPB": 0.9215,
  "maxPB": 3.0748,
  "medianPB": 1.71,
  "hienTaiPB": 1.8094915030476617,
  "minPE": 4.2582,
  "maxPE": 19.4442,
  "medianPE": 8.31,
  "hienTaiPE": 12.73550932002073,
  "minPS": 0.2903,
  "maxPS": 1.6302,
  "medianPS": 0.67,
  "hienTaiPS": 1.2534131895534337
}