{
  "minPB": 0.9216,
  "maxPB": 3.0747,
  "medianPB": 1.71,
  "hienTaiPB": 1.8198314544936482,
  "minPE": 4.2639,
  "maxPE": 19.444,
  "medianPE": 8.32,
  "hienTaiPE": 12.808283658992277,
  "minPS": 0.2893,
  "maxPS": 1.6277,
  "medianPS": 0.65,
  "hienTaiPS": 1.260575550636596
}