{
  "minPB": 0.9216,
  "maxPB": 3.0747,
  "medianPB": 1.71,
  "hienTaiPB": 1.814661478770655,
  "minPE": 4.2639,
  "maxPE": 19.444,
  "medianPE": 8.32,
  "hienTaiPE": 12.771896489506505,
  "minPS": 0.2894,
  "maxPS": 1.6257,
  "medianPS": 0.65,
  "hienTaiPS": 1.2569943700950148
}