{
  "minPB": 0.9215,
  "maxPB": 3.0747,
  "medianPB": 1.71,
  "hienTaiPB": 1.822416442355145,
  "minPE": 4.2582,
  "maxPE": 19.4442,
  "medianPE": 8.32,
  "hienTaiPE": 12.826477243735164,
  "minPS": 0.2893,
  "maxPS": 1.6277,
  "medianPS": 0.65,
  "hienTaiPS": 1.2623661409073867
}