{
  "minPB": 0.9216,
  "maxPB": 3.0747,
  "medianPB": 1.71,
  "hienTaiPB": 1.791396588017185,
  "minPE": 4.2611,
  "maxPE": 19.4441,
  "medianPE": 8.32,
  "hienTaiPE": 12.608154226820522,
  "minPS": 0.2893,
  "maxPS": 1.6277,
  "medianPS": 0.65,
  "hienTaiPS": 1.2408790576578992
}