{
  "minPB": 0.4405,
  "maxPB": 5.7229,
  "medianPB": 0.86,
  "hienTaiPB": 4.711361352728768,
  "minPE": -15.4082,
  "maxPE": 593.5434,
  "medianPE": 7.78,
  "hienTaiPE": -2.0695,
  "minPS": 0.091,
  "maxPS": 155.1423,
  "medianPS": 1.24,
  "hienTaiPS": 1.637655718321076
}