{
  "minPB": 0.4405,
  "maxPB": 5.7229,
  "medianPB": 0.86,
  "hienTaiPB": 5.272237704244098,
  "minPE": -15.4082,
  "maxPE": 593.5434,
  "medianPE": 7.78,
  "hienTaiPE": -2.0055,
  "minPS": 0.091,
  "maxPS": 155.1423,
  "medianPS": 1.24,
  "hienTaiPS": 1.8326147324069184
}