{
  "minPB": 0.4405,
  "maxPB": 5.7229,
  "medianPB": 0.86,
  "hienTaiPB": 5.0478871636379665,
  "minPE": -15.4082,
  "maxPE": 593.5434,
  "medianPE": 7.78,
  "hienTaiPE": -1.8135,
  "minPS": 0.091,
  "maxPS": 155.1423,
  "medianPS": 1.24,
  "hienTaiPS": 1.7546311267725814
}