{
  "minPB": 3.1093,
  "maxPB": 5.8892,
  "medianPB": 4.73,
  "hienTaiPB": 6.337902772123225,
  "minPE": -2.0481,
  "maxPE": -1.0926,
  "medianPE": -1.66,
  "hienTaiPE": -2.2402,
  "minPS": 0.091,
  "maxPS": 152.7102,
  "medianPS": 1.26,
  "hienTaiPS": 2.203036859170019
}