{
  "minPB": 0.2861,
  "maxPB": 2.5012,
  "medianPB": 0.42,
  "hienTaiPB": 0.3255711575259069,
  "minPE": 4.52,
  "maxPE": 347.8282,
  "medianPE": 53.57,
  "hienTaiPE": 58.92798009747294,
  "minPS": 0.2123,
  "maxPS": 1.5992,
  "medianPS": 0.39,
  "hienTaiPS": 0.2507716532294577
}