{
  "minPB": 0.2861,
  "maxPB": 2.5012,
  "medianPB": 0.42,
  "hienTaiPB": 0.3157053648736067,
  "minPE": 4.52,
  "maxPE": 347.8282,
  "medianPE": 53.3,
  "hienTaiPE": 57.14228373088285,
  "minPS": 0.2123,
  "maxPS": 1.5992,
  "medianPS": 0.39,
  "hienTaiPS": 0.24317251222250444
}