{
  "minPB": 0.2861,
  "maxPB": 2.5012,
  "medianPB": 0.42,
  "hienTaiPB": 0.34530274283050727,
  "minPE": 4.52,
  "maxPE": 347.8282,
  "medianPE": 53.3,
  "hienTaiPE": 62.49937283065312,
  "minPS": 0.2123,
  "maxPS": 1.5992,
  "medianPS": 0.39,
  "hienTaiPS": 0.26596993524336426
}