{
  "minPB": 0.2861,
  "maxPB": 2.5092,
  "medianPB": 0.42,
  "hienTaiPB": 0.2959737795690062,
  "minPE": 4.4803,
  "maxPE": 350.8528,
  "medianPE": 52.81,
  "hienTaiPE": 53.570890997702676,
  "minPS": 0.2123,
  "maxPS": 1.413,
  "medianPS": 0.39,
  "hienTaiPS": 0.22797423020859792
}