{
  "minPB": 0.2861,
  "maxPB": 2.5012,
  "medianPB": 0.42,
  "hienTaiPB": 0.33543695017820707,
  "minPE": 4.52,
  "maxPE": 347.8282,
  "medianPE": 53.3,
  "hienTaiPE": 60.713676464063035,
  "minPS": 0.2123,
  "maxPS": 1.5992,
  "medianPS": 0.39,
  "hienTaiPS": 0.25837079423641096
}