{
  "minPB": 0.2861,
  "maxPB": 2.5092,
  "medianPB": 0.42,
  "hienTaiPB": 0.3058395722213065,
  "minPE": 4.4803,
  "maxPE": 350.8528,
  "medianPE": 52.81,
  "hienTaiPE": 55.356587364292764,
  "minPS": 0.2123,
  "maxPS": 1.413,
  "medianPS": 0.39,
  "hienTaiPS": 0.2355733712155512
}