{
  "minPB": 0,
  "maxPB": 2.7241,
  "medianPB": 1.23,
  "hienTaiPB": 1.8326974681407318,
  "minPE": -58.1623,
  "maxPE": 276.1705,
  "medianPE": 37.71,
  "hienTaiPE": 84.15614887684616,
  "minPS": 0.2939,
  "maxPS": 0.8809,
  "medianPS": 0.6,
  "hienTaiPS": 0.7370340319486216
}