{
  "minPB": 1.7033,
  "maxPB": 1.8327,
  "medianPB": 1.7,
  "hienTaiPB": 1.8326974681407318,
  "minPE": 51.1519,
  "maxPE": 84.1561,
  "medianPE": 51.15,
  "hienTaiPE": 84.15614887684616,
  "minPS": 0.1348,
  "maxPS": 0.8688,
  "medianPS": 0.43,
  "hienTaiPS": 0.7370340319486216
}