{
  "minPB": 0.5108,
  "maxPB": 2.3802,
  "medianPB": 1.08,
  "hienTaiPB": 0.5564863768706095,
  "minPE": -9.1945,
  "maxPE": 396.6224,
  "medianPE": 5.23,
  "hienTaiPE": -3.9829,
  "minPS": 0.0953,
  "maxPS": 0.6161,
  "medianPS": 0.34,
  "hienTaiPS": 0.228600452829079
}