{
  "minPB": 0.5026,
  "maxPB": 2.3704,
  "medianPB": 1.07,
  "hienTaiPB": 0.5670861173824306,
  "minPE": -9.136,
  "maxPE": 396.6224,
  "medianPE": 5.17,
  "hienTaiPE": -4.0204,
  "minPS": 0.0856,
  "maxPS": 0.6156,
  "medianPS": 0.34,
  "hienTaiPS": 0.23295474716868053
}