{
  "minPB": 0.5026,
  "maxPB": 2.3729,
  "medianPB": 1.07,
  "hienTaiPB": 0.5564863768706095,
  "minPE": -9.136,
  "maxPE": 396.6224,
  "medianPE": 5.18,
  "hienTaiPE": -3.8326,
  "minPS": 0.0856,
  "maxPS": 0.6156,
  "medianPS": 0.34,
  "hienTaiPS": 0.228600452829079
}