{
  "minPB": 0.8779,
  "maxPB": 9.1671,
  "medianPB": 3.21,
  "hienTaiPB": 0.7672910430143741,
  "minPE": 3.0228,
  "maxPE": 8372.1205,
  "medianPE": 11.53,
  "hienTaiPE": 4.918134802612706,
  "minPS": 0.5349,
  "maxPS": 4080,
  "medianPS": 3.99,
  "hienTaiPS": 1.5194691588135345
}