{
  "minPB": 0.8703,
  "maxPB": 9.1671,
  "medianPB": 3.21,
  "hienTaiPB": 0.7947305902480007,
  "minPE": 3.0228,
  "maxPE": 8372.1205,
  "medianPE": 11.52,
  "hienTaiPE": 5.094015120057135,
  "minPS": 0.5349,
  "maxPS": 4080,
  "medianPS": 4.05,
  "hienTaiPS": 1.573807790983025
}