{
  "minPB": 0.8562,
  "maxPB": 9.1671,
  "medianPB": 3.21,
  "hienTaiPB": 0.8374143303891978,
  "minPE": 3.0228,
  "maxPE": 8372.1205,
  "medianPE": 11.49,
  "hienTaiPE": 5.367606724970689,
  "minPS": 0.5349,
  "maxPS": 4080,
  "medianPS": 4.04,
  "hienTaiPS": 1.6583345521355661
}