{
  "minPB": 0.8702,
  "maxPB": 9.1671,
  "medianPB": 3.21,
  "hienTaiPB": 0.8242026965359701,
  "minPE": 3.0228,
  "maxPE": 8372.1205,
  "medianPE": 11.52,
  "hienTaiPE": 5.282923609164112,
  "minPS": 0.5349,
  "maxPS": 4080,
  "medianPS": 4.05,
  "hienTaiPS": 1.6321715070169225
}