{
  "minPB": 1.011,
  "maxPB": 3.3754,
  "medianPB": 1.45,
  "hienTaiPB": 1.4660149394653446,
  "minPE": 4.2696,
  "maxPE": 21.4934,
  "medianPE": 7.28,
  "hienTaiPE": 8.518330778529487,
  "minPS": 1.2321,
  "maxPS": 5.3978,
  "medianPS": 2.49,
  "hienTaiPS": 3.663792448149932
}