{
  "minPB": 1.011,
  "maxPB": 3.3754,
  "medianPB": 1.45,
  "hienTaiPB": 1.476689699703374,
  "minPE": 4.2696,
  "maxPE": 21.4934,
  "medianPE": 7.28,
  "hienTaiPE": 8.580353886024927,
  "minPS": 1.2321,
  "maxPS": 5.3978,
  "medianPS": 2.47,
  "hienTaiPS": 3.6904705485005382
}