{
  "minPB": 1.011,
  "maxPB": 3.3754,
  "medianPB": 1.45,
  "hienTaiPB": 1.462456650777322,
  "minPE": 4.2696,
  "maxPE": 21.4934,
  "medianPE": 7.28,
  "hienTaiPE": 8.497655218387425,
  "minPS": 1.2321,
  "maxPS": 5.3978,
  "medianPS": 2.49,
  "hienTaiPS": 3.6548997480330634
}