{
  "minPB": 1.011,
  "maxPB": 3.3754,
  "medianPB": 1.45,
  "hienTaiPB": 1.4588983620892992,
  "minPE": 4.2696,
  "maxPE": 21.4934,
  "medianPE": 7.26,
  "hienTaiPE": 8.476979658245364,
  "minPS": 1.2291,
  "maxPS": 5.3869,
  "medianPS": 2.79,
  "hienTaiPS": 3.6460070479161946
}