{
  "minPB": 1.011,
  "maxPB": 3.3754,
  "medianPB": 1.45,
  "hienTaiPB": 1.4553400734012765,
  "minPE": 4.2696,
  "maxPE": 21.4934,
  "medianPE": 7.27,
  "hienTaiPE": 8.4563040981033,
  "minPS": 1.2321,
  "maxPS": 5.3978,
  "medianPS": 2.5,
  "hienTaiPS": 3.6371143477993257
}