{
  "minPB": 1.2135,
  "maxPB": 9.4944,
  "medianPB": 4.28,
  "hienTaiPB": 1.128204276056838,
  "minPE": -124.1642,
  "maxPE": 113.4697,
  "medianPE": 42.73,
  "hienTaiPE": 13.261110078085816,
  "minPS": 1.0134,
  "maxPS": 41.4898,
  "medianPS": 2.92,
  "hienTaiPS": 0.8098639529048027
}