{
  "minPB": 1.2163,
  "maxPB": 9.4944,
  "medianPB": 4.29,
  "hienTaiPB": 1.135134277752519,
  "minPE": -124.1642,
  "maxPE": 113.4697,
  "medianPE": 42.76,
  "hienTaiPE": 13.342566528196908,
  "minPS": 1.0134,
  "maxPS": 41.5999,
  "medianPS": 2.92,
  "hienTaiPS": 0.8148385472101148
}