{
  "minPB": 1.2171,
  "maxPB": 9.5067,
  "medianPB": 4.29,
  "hienTaiPB": 1.1143442726654764,
  "minPE": -124.3067,
  "maxPE": 113.5848,
  "medianPE": 42.79,
  "hienTaiPE": 13.09819717786363,
  "minPS": 1.0138,
  "maxPS": 41.5999,
  "medianPS": 2.92,
  "hienTaiPS": 0.7999147642941786
}