{
  "minPB": 1.2207,
  "maxPB": 9.5189,
  "medianPB": 4.29,
  "hienTaiPB": 1.1212742743611572,
  "minPE": -124.4493,
  "maxPE": 113.6998,
  "medianPE": 42.83,
  "hienTaiPE": 13.179653627974723,
  "minPS": 1.0009,
  "maxPS": 15.5241,
  "medianPS": 2.83,
  "hienTaiPS": 0.8048893585994907
}