{
  "minPB": 0.2772,
  "maxPB": 1.1169,
  "medianPB": 0.47,
  "hienTaiPB": 0.41220179241474036,
  "minPE": -18.9349,
  "maxPE": 64.959,
  "medianPE": 9.26,
  "hienTaiPE": 14.03084266686159,
  "minPS": 0.0963,
  "maxPS": 2.5573,
  "medianPS": 0.26,
  "hienTaiPS": 0.17517691240153604
}