{
  "minPB": 0.2772,
  "maxPB": 1.1169,
  "medianPB": 0.47,
  "hienTaiPB": 0.4202841805013039,
  "minPE": -18.9349,
  "maxPE": 64.959,
  "medianPE": 9.27,
  "hienTaiPE": 14.305957228956915,
  "minPS": 0.0963,
  "maxPS": 2.5573,
  "medianPS": 0.26,
  "hienTaiPS": 0.178611753821174
}