{
  "minPB": 0.2778,
  "maxPB": 1.1109,
  "medianPB": 0.47,
  "hienTaiPB": 0.4227088969272729,
  "minPE": -18.9349,
  "maxPE": 64.9589,
  "medianPE": 9.31,
  "hienTaiPE": 14.388491597585512,
  "minPS": 0.0965,
  "maxPS": 2.4541,
  "medianPS": 0.27,
  "hienTaiPS": 0.1796422062470654
}