{
  "minPB": 0.2772,
  "maxPB": 1.1169,
  "medianPB": 0.47,
  "hienTaiPB": 0.42432537454458563,
  "minPE": -18.9349,
  "maxPE": 64.959,
  "medianPE": 9.27,
  "hienTaiPE": 14.443514510004578,
  "minPS": 0.0963,
  "maxPS": 2.5573,
  "medianPS": 0.26,
  "hienTaiPS": 0.18032917453099298
}