{
  "minPB": 0.2778,
  "maxPB": 1.1109,
  "medianPB": 0.47,
  "hienTaiPB": 0.43402424024846187,
  "minPE": -18.9349,
  "maxPE": 64.9589,
  "medianPE": 9.27,
  "hienTaiPE": 14.773651984518967,
  "minPS": 0.0965,
  "maxPS": 2.4541,
  "medianPS": 0.27,
  "hienTaiPS": 0.18445098423455855
}