{
  "minPB": 0.8051,
  "maxPB": 1.5741,
  "medianPB": 1.21,
  "hienTaiPB": 1.2722316091603705,
  "minPE": 4.6807,
  "maxPE": 24.2989,
  "medianPE": 12.46,
  "hienTaiPE": 17.424435665513265,
  "minPS": 2.1769,
  "maxPS": 4.4255,
  "medianPS": 3.22,
  "hienTaiPS": 3.915138249690784
}