{
  "minPB": 0.8051,
  "maxPB": 1.5741,
  "medianPB": 1.21,
  "hienTaiPB": 1.208264656744486,
  "minPE": 4.6807,
  "maxPE": 24.2989,
  "medianPE": 12.39,
  "hienTaiPE": 16.548346721437177,
  "minPS": 2.1769,
  "maxPS": 4.4069,
  "medianPS": 3.23,
  "hienTaiPS": 3.718287723170018
}