{
  "minPB": 0.8051,
  "maxPB": 1.5741,
  "medianPB": 1.21,
  "hienTaiPB": 1.2295869742164476,
  "minPE": 4.6807,
  "maxPE": 24.2989,
  "medianPE": 12.46,
  "hienTaiPE": 16.84037636946254,
  "minPS": 2.1769,
  "maxPS": 4.4255,
  "medianPS": 3.22,
  "hienTaiPS": 3.7839045653436068
}