{
  "minPB": 0.8051,
  "maxPB": 1.5741,
  "medianPB": 1.21,
  "hienTaiPB": 1.2011572175871654,
  "minPE": 4.6807,
  "maxPE": 24.2989,
  "medianPE": 12.42,
  "hienTaiPE": 16.451003505428723,
  "minPS": 2.1769,
  "maxPS": 4.4069,
  "medianPS": 3.23,
  "hienTaiPS": 3.6964154424454887
}