{
  "minPB": 0.8051,
  "maxPB": 1.5741,
  "medianPB": 1.21,
  "hienTaiPB": 1.194049778429845,
  "minPE": 4.6807,
  "maxPE": 24.2989,
  "medianPE": 12.4,
  "hienTaiPE": 16.35366028942027,
  "minPS": 2.1769,
  "maxPS": 4.4069,
  "medianPS": 3.23,
  "hienTaiPS": 3.674543161720959
}