{
  "minPB": 0.8051,
  "maxPB": 1.5741,
  "medianPB": 1.21,
  "hienTaiPB": 1.5280994188239088,
  "minPE": 4.6807,
  "maxPE": 24.2989,
  "medianPE": 12.46,
  "hienTaiPE": 20.92879144181761,
  "minPS": 2.1769,
  "maxPS": 4.4258,
  "medianPS": 3.22,
  "hienTaiPS": 4.702540355773847
}