{
  "minPB": 0.8051,
  "maxPB": 1.5741,
  "medianPB": 1.21,
  "hienTaiPB": 1.3930580748348191,
  "minPE": 4.6807,
  "maxPE": 24.2989,
  "medianPE": 12.46,
  "hienTaiPE": 19.079270337656983,
  "minPS": 2.1769,
  "maxPS": 4.4255,
  "medianPS": 3.22,
  "hienTaiPS": 4.286967022007786
}