{
  "minPB": 0.1411,
  "maxPB": 2.5865,
  "medianPB": 0.5,
  "hienTaiPB": 0.7344184484870325,
  "minPE": -110.7145,
  "maxPE": 590.1206,
  "medianPE": 8.46,
  "hienTaiPE": 7.783326672867925,
  "minPS": 1.419,
  "maxPS": 40.8823,
  "medianPS": 6.54,
  "hienTaiPS": 5.333917673696799
}