{
  "minPB": 0.1411,
  "maxPB": 2.5865,
  "medianPB": 0.5,
  "hienTaiPB": 0.7217560614441526,
  "minPE": -110.7145,
  "maxPE": 590.1206,
  "medianPE": 8.46,
  "hienTaiPE": 7.649131385404685,
  "minPS": 1.419,
  "maxPS": 40.8823,
  "medianPS": 6.55,
  "hienTaiPS": 5.24195357587444
}