{
  "minPB": 0.7425,
  "maxPB": 0.7768,
  "medianPB": 0.78,
  "hienTaiPB": 0.742519556434617,
  "minPE": 11.0684,
  "maxPE": 31.7811,
  "medianPE": 31.78,
  "hienTaiPE": 11.06844008890702,
  "minPS": 0.0798,
  "maxPS": 0.2135,
  "medianPS": 0.13,
  "hienTaiPS": 0.10472490875573429
}