{
  "minPB": 0.6141,
  "maxPB": 1.9642,
  "medianPB": 0.97,
  "hienTaiPB": 0.7778776305505511,
  "minPE": 1.5461,
  "maxPE": 707.6077,
  "medianPE": 10.42,
  "hienTaiPE": 11.595508664569259,
  "minPS": 0.0798,
  "maxPS": 0.2135,
  "medianPS": 0.13,
  "hienTaiPS": 0.10971180917267401
}