{
  "minPB": 0.3523,
  "maxPB": 1.677,
  "medianPB": 1.14,
  "hienTaiPB": 1.0531151832397325,
  "minPE": 0.9058,
  "maxPE": 28.6708,
  "medianPE": 6.86,
  "hienTaiPE": 24.638698824401796,
  "minPS": 0.0664,
  "maxPS": 0.4363,
  "medianPS": 0.3,
  "hienTaiPS": 0.371816609856844
}