{
  "minPB": 1.0342,
  "maxPB": 1.2358,
  "medianPB": 1.05,
  "hienTaiPB": 1.235798429311931,
  "minPE": 8.4132,
  "maxPE": 28.9128,
  "medianPE": 8.56,
  "hienTaiPE": 28.912758824553126,
  "minPS": 0.0664,
  "maxPS": 0.4363,
  "medianPS": 0.29,
  "hienTaiPS": 0.4363154095258884
}