{
  "minPB": 0.3523,
  "maxPB": 1.677,
  "medianPB": 1.14,
  "hienTaiPB": 1.235798429311931,
  "minPE": 0.9058,
  "maxPE": 28.6708,
  "medianPE": 6.86,
  "hienTaiPE": 28.912758824553126,
  "minPS": 0.0664,
  "maxPS": 0.4363,
  "medianPS": 0.29,
  "hienTaiPS": 0.4363154095258884
}