{
  "minPB": 0.6331,
  "maxPB": 0.9383,
  "medianPB": 0.73,
  "hienTaiPB": 0.6869150726813231,
  "minPE": 12.4747,
  "maxPE": 30.9376,
  "medianPE": 24.03,
  "hienTaiPE": 12.474658950568141,
  "minPS": 0.2287,
  "maxPS": 4.0651,
  "medianPS": 1.65,
  "hienTaiPS": 2.3702755617300473
}