{
  "minPB": 0.6361,
  "maxPB": 1.3671,
  "medianPB": 0.8,
  "hienTaiPB": 0.713677997590985,
  "minPE": 3.6843,
  "maxPE": 35.6994,
  "medianPE": 7.44,
  "hienTaiPE": 12.9606846239669,
  "minPS": 1.1845,
  "maxPS": 4.0283,
  "medianPS": 1.89,
  "hienTaiPS": 2.4626239602390103
}