{
  "minPB": 0.6361,
  "maxPB": 1.3671,
  "medianPB": 0.8,
  "hienTaiPB": 0.6467706853168302,
  "minPE": 3.6843,
  "maxPE": 35.6994,
  "medianPE": 7.42,
  "hienTaiPE": 11.745620440470004,
  "minPS": 1.1845,
  "maxPS": 4.0283,
  "medianPS": 1.89,
  "hienTaiPS": 2.2317529639666027
}