{
  "minPB": 0.3078,
  "maxPB": 1.5675,
  "medianPB": 0.54,
  "hienTaiPB": 0.8000132145055506,
  "minPE": -93.3427,
  "maxPE": 69.9447,
  "medianPE": 6.76,
  "hienTaiPE": 10.409929847259855,
  "minPS": 0.1975,
  "maxPS": 1.7413,
  "medianPS": 0.79,
  "hienTaiPS": 1.8084736787680562
}