{
  "minPB": 0.3072,
  "maxPB": 1.571,
  "medianPB": 0.54,
  "hienTaiPB": 0.7867239584506411,
  "minPE": -93.7539,
  "maxPE": 70.0555,
  "medianPE": 6.74,
  "hienTaiPE": 10.237007424547897,
  "minPS": 0.1975,
  "maxPS": 1.7589,
  "medianPS": 0.79,
  "hienTaiPS": 1.77843258775862
}