{
  "minPB": 0.3075,
  "maxPB": 1.5692,
  "medianPB": 0.54,
  "hienTaiPB": 0.7840661072396593,
  "minPE": -93.5483,
  "maxPE": 70.0001,
  "medianPE": 6.76,
  "hienTaiPE": 10.202422940005507,
  "minPS": 0.1975,
  "maxPS": 1.7413,
  "medianPS": 0.79,
  "hienTaiPS": 1.7724243695567328
}