{
  "minPB": 0.3078,
  "maxPB": 1.5675,
  "medianPB": 0.54,
  "hienTaiPB": 0.8638016435691162,
  "minPE": -93.3427,
  "maxPE": 69.9447,
  "medianPE": 6.77,
  "hienTaiPE": 11.239957476277253,
  "minPS": 0.1975,
  "maxPS": 1.7424,
  "medianPS": 0.79,
  "hienTaiPS": 1.9526709156133497
}