{
  "minPB": 0.3078,
  "maxPB": 1.5675,
  "medianPB": 0.54,
  "hienTaiPB": 0.8505123875142067,
  "minPE": -93.3427,
  "maxPE": 69.9447,
  "medianPE": 6.77,
  "hienTaiPE": 11.067035053565295,
  "minPS": 0.1975,
  "maxPS": 1.7457,
  "medianPS": 0.79,
  "hienTaiPS": 1.9226298246039135
}