{
  "minPB": 0.3072,
  "maxPB": 1.571,
  "medianPB": 0.54,
  "hienTaiPB": 0.7734347023957318,
  "minPE": -93.7539,
  "maxPE": 70.0555,
  "medianPE": 6.74,
  "hienTaiPE": 10.06408500183594,
  "minPS": 0.1975,
  "maxPS": 1.7538,
  "medianPS": 0.79,
  "hienTaiPS": 1.7483914967491838
}