{
  "minPB": 0.3078,
  "maxPB": 1.5675,
  "medianPB": 0.54,
  "hienTaiPB": 0.8133024705604601,
  "minPE": -93.3427,
  "maxPE": 69.9447,
  "medianPE": 6.76,
  "hienTaiPE": 10.582852269971813,
  "minPS": 0.1975,
  "maxPS": 1.7413,
  "medianPS": 0.79,
  "hienTaiPS": 1.8385147697774922
}