{
  "minPB": 0.3072,
  "maxPB": 1.571,
  "medianPB": 0.54,
  "hienTaiPB": 0.7495140414968946,
  "minPE": -93.7539,
  "maxPE": 70.0555,
  "medianPE": 6.76,
  "hienTaiPE": 9.752824640954415,
  "minPS": 0.1975,
  "maxPS": 1.7377,
  "medianPS": 0.79,
  "hienTaiPS": 1.6943175329321987
}