{
  "minPB": 0.4007,
  "maxPB": 2.3858,
  "medianPB": 1.14,
  "hienTaiPB": 1.5381600213081879,
  "minPE": -5.0062,
  "maxPE": 9818.2059,
  "medianPE": 6.59,
  "hienTaiPE": 17.49100342063044,
  "minPS": 0.081,
  "maxPS": 0.7595,
  "medianPS": 0.28,
  "hienTaiPS": 0.45493598648226385
}