{
  "minPB": 0.4007,
  "maxPB": 2.3858,
  "medianPB": 1.14,
  "hienTaiPB": 1.60173370582875,
  "minPE": -5.0062,
  "maxPE": 9818.2059,
  "medianPE": 6.6,
  "hienTaiPE": 19.26177758327559,
  "minPS": 0.0801,
  "maxPS": 0.7709,
  "medianPS": 0.28,
  "hienTaiPS": 0.4712668792553258
}