{
  "minPB": 0.4007,
  "maxPB": 2.3858,
  "medianPB": 1.14,
  "hienTaiPB": 1.498720020761824,
  "minPE": -5.0062,
  "maxPE": 9818.2059,
  "medianPE": 6.59,
  "hienTaiPE": 17.04251615343479,
  "minPS": 0.0801,
  "maxPS": 0.7709,
  "medianPS": 0.28,
  "hienTaiPS": 0.4432709611878468
}