{
  "minPB": 0.4007,
  "maxPB": 2.3858,
  "medianPB": 1.14,
  "hienTaiPB": 1.6170400224009154,
  "minPE": -5.0062,
  "maxPE": 9818.2059,
  "medianPE": 6.59,
  "hienTaiPE": 18.387977955021746,
  "minPS": 0.081,
  "maxPS": 0.7595,
  "medianPS": 0.28,
  "hienTaiPS": 0.4782660370710979
}