{
  "minPB": 0.4007,
  "maxPB": 2.3858,
  "medianPB": 1.14,
  "hienTaiPB": 1.593376022073097,
  "minPE": -5.0062,
  "maxPE": 9818.2059,
  "medianPE": 6.6,
  "hienTaiPE": 18.118885594704352,
  "minPS": 0.0801,
  "maxPS": 0.7709,
  "medianPS": 0.28,
  "hienTaiPS": 0.4712670218944477
}