{
  "minPB": 0.8647,
  "maxPB": 1.8855,
  "medianPB": 1.73,
  "hienTaiPB": 0.8071631570095622,
  "minPE": 9.0717,
  "maxPE": 12.2559,
  "medianPE": 9.69,
  "hienTaiPE": -222.8102,
  "minPS": 0.1978,
  "maxPS": 1.2285,
  "medianPS": 0.51,
  "hienTaiPS": 0.5480236262944469
}