{
  "minPB": 0.8739,
  "maxPB": 1.8855,
  "medianPB": 1.73,
  "hienTaiPB": 0.8738684485848742,
  "minPE": 9.0892,
  "maxPE": 12.2559,
  "medianPE": 9.7,
  "hienTaiPE": 12.2559,
  "minPS": 0.1978,
  "maxPS": 1.2285,
  "medianPS": 0.51,
  "hienTaiPS": 0.5933132006074849
}