{
  "minPB": 0.5047,
  "maxPB": 1.8919,
  "medianPB": 0.98,
  "hienTaiPB": 0.9224166957284784,
  "minPE": -977.9742,
  "maxPE": 8308.0603,
  "medianPE": 14.71,
  "hienTaiPE": -235.1886,
  "minPS": 0.1948,
  "maxPS": 1.2285,
  "medianPS": 0.51,
  "hienTaiPS": 0.6262750450856786
}