{
  "minPB": 0.4086,
  "maxPB": 2.5652,
  "medianPB": 0.84,
  "hienTaiPB": 0.9035746373522185,
  "minPE": -15.8542,
  "maxPE": 114.6497,
  "medianPE": 7.71,
  "hienTaiPE": 21.85615063860803,
  "minPS": 1.3285,
  "maxPS": 10.5851,
  "medianPS": 3.54,
  "hienTaiPS": 7.8885453968545844
}