{
  "minPB": 0.4086,
  "maxPB": 2.5652,
  "medianPB": 0.84,
  "hienTaiPB": 1.040837987694457,
  "minPE": -15.8542,
  "maxPE": 114.6497,
  "medianPE": 7.71,
  "hienTaiPE": 25.176350584714484,
  "minPS": 1.3285,
  "maxPS": 10.5851,
  "medianPS": 3.5,
  "hienTaiPS": 9.086905914887826
}