{
  "minPB": 0.4086,
  "maxPB": 2.5652,
  "medianPB": 0.84,
  "hienTaiPB": 0.9953865471837821,
  "minPE": -15.8542,
  "maxPE": 114.6497,
  "medianPE": 7.71,
  "hienTaiPE": 24.0769466290501,
  "minPS": 1.3285,
  "maxPS": 10.5851,
  "medianPS": 3.5,
  "hienTaiPS": 8.690097796333774
}