{
  "minPB": 0.4086,
  "maxPB": 2.5652,
  "medianPB": 0.84,
  "hienTaiPB": 0.9135739542645671,
  "minPE": -15.8542,
  "maxPE": 114.6497,
  "medianPE": 7.71,
  "hienTaiPE": 22.0980195088542,
  "minPS": 1.3285,
  "maxPS": 10.5851,
  "medianPS": 3.53,
  "hienTaiPS": 7.975843182936477
}