{
  "minPB": 0.4086,
  "maxPB": 2.5652,
  "medianPB": 0.84,
  "hienTaiPB": 0.9053926949726455,
  "minPE": -15.8542,
  "maxPE": 114.6497,
  "medianPE": 7.71,
  "hienTaiPE": 21.90012679683461,
  "minPS": 1.3285,
  "maxPS": 10.5851,
  "medianPS": 3.54,
  "hienTaiPS": 7.904417721596747
}