{
  "minPB": 3.2465,
  "maxPB": 8.859,
  "medianPB": 4.21,
  "hienTaiPB": 3.1392086364493417,
  "minPE": -158.6502,
  "maxPE": 974.9206,
  "medianPE": 17.17,
  "hienTaiPE": 37.22735690221896,
  "minPS": 0.7683,
  "maxPS": 5.2127,
  "medianPS": 1.42,
  "hienTaiPS": 0.7386431829806738
}