{
  "minPB": 3.2433,
  "maxPB": 8.859,
  "medianPB": 4.21,
  "hienTaiPB": 3.142411910568167,
  "minPE": -158.6502,
  "maxPE": 974.9206,
  "medianPE": 17.18,
  "hienTaiPE": 37.265344001098775,
  "minPS": 0.7675,
  "maxPS": 5.2127,
  "medianPS": 1.42,
  "hienTaiPS": 0.7393969005143275
}