{
  "minPB": 3.2433,
  "maxPB": 8.859,
  "medianPB": 4.21,
  "hienTaiPB": 3.1007693470234314,
  "minPE": -158.6502,
  "maxPE": 974.9206,
  "medianPE": 17.2,
  "hienTaiPE": 36.77151171566118,
  "minPS": 0.7637,
  "maxPS": 5.2127,
  "medianPS": 1.42,
  "hienTaiPS": 0.7295985725768288
}