{
  "minPB": 3.2401,
  "maxPB": 8.859,
  "medianPB": 4.21,
  "hienTaiPB": 3.0911595246669537,
  "minPE": -158.6502,
  "maxPE": 974.9206,
  "medianPE": 17.21,
  "hienTaiPE": 36.65755041902173,
  "minPS": 0.7629,
  "maxPS": 5.2127,
  "medianPS": 1.41,
  "hienTaiPS": 0.7273374199758675
}