{
  "minPB": 0.5389,
  "maxPB": 5.6007,
  "medianPB": 0.87,
  "hienTaiPB": 1.0156874968648346,
  "minPE": -56.6655,
  "maxPE": 305.1777,
  "medianPE": 6.36,
  "hienTaiPE": 87.65727196085805,
  "minPS": 0,
  "maxPS": 8.4726,
  "medianPS": 1.44,
  "hienTaiPS": 3.031764945342558
}