{
  "minPB": 0.5389,
  "maxPB": 5.6007,
  "medianPB": 0.87,
  "hienTaiPB": 0.9975502201351054,
  "minPE": -56.6655,
  "maxPE": 305.1777,
  "medianPE": 6.36,
  "hienTaiPE": 86.09196353298559,
  "minPS": 0,
  "maxPS": 8.4726,
  "medianPS": 1.44,
  "hienTaiPS": 2.977626285604298
}