{
  "minPB": 0.5389,
  "maxPB": 5.6007,
  "medianPB": 0.87,
  "hienTaiPB": 1.1335797956080742,
  "minPE": -56.6655,
  "maxPE": 305.1777,
  "medianPE": 6.35,
  "hienTaiPE": 97.83177674202908,
  "minPS": 0.9946,
  "maxPS": 9.1081,
  "medianPS": 1.45,
  "hienTaiPS": 3.383666233641248
}