{
  "minPB": 0.5389,
  "maxPB": 5.6007,
  "medianPB": 0.87,
  "hienTaiPB": 1.115442518878345,
  "minPE": -56.6655,
  "maxPE": 305.1777,
  "medianPE": 6.35,
  "hienTaiPE": 96.26646831415661,
  "minPS": 0.9946,
  "maxPS": 9.1081,
  "medianPS": 1.45,
  "hienTaiPS": 3.329527573902988
}