{
  "minPB": 1.9493,
  "maxPB": 4.016,
  "medianPB": 2.62,
  "hienTaiPB": 3.7135611797323143,
  "minPE": -42.3537,
  "maxPE": 17.4671,
  "medianPE": 10.6,
  "hienTaiPE": 9.603841773307868,
  "minPS": 1.0839,
  "maxPS": 2.5365,
  "medianPS": 1.55,
  "hienTaiPS": 1.6057093623883143
}