{
  "minPB": 2.5031,
  "maxPB": 3.7164,
  "medianPB": 2.64,
  "hienTaiPB": 3.716379067118457,
  "minPE": 8.5232,
  "maxPE": 9.6925,
  "medianPE": 8.9,
  "hienTaiPE": 9.611129264554604,
  "minPS": 1.0863,
  "maxPS": 2.5333,
  "medianPS": 1.56,
  "hienTaiPS": 1.6069277907214141
}