{
  "minPB": 1.9493,
  "maxPB": 4.016,
  "medianPB": 2.63,
  "hienTaiPB": 3.6881173142162607,
  "minPE": -42.3537,
  "maxPE": 17.4671,
  "medianPE": 10.6,
  "hienTaiPE": 9.538040014109406,
  "minPS": 1.0839,
  "maxPS": 2.5365,
  "medianPS": 1.55,
  "hienTaiPS": 1.594707671262972
}