{
  "minPB": 2.5031,
  "maxPB": 3.6346,
  "medianPB": 2.64,
  "hienTaiPB": 3.7216833257276667,
  "minPE": 8.5232,
  "maxPE": 9.6925,
  "medianPE": 8.88,
  "hienTaiPE": 9.624846895136693,
  "minPS": 1.0863,
  "maxPS": 2.5333,
  "medianPS": 1.56,
  "hienTaiPS": 1.6092213028778373
}