{
  "minPB": 2.5031,
  "maxPB": 3.4643,
  "medianPB": 2.64,
  "hienTaiPB": 3.634577453879548,
  "minPE": 8.5232,
  "maxPE": 9.6925,
  "medianPE": 8.87,
  "hienTaiPE": 9.399577680421435,
  "minPS": 1.0863,
  "maxPS": 2.5333,
  "medianPS": 1.56,
  "hienTaiPS": 1.5715575329340759
}