{
  "minPB": 2.5031,
  "maxPB": 3.4561,
  "medianPB": 2.63,
  "hienTaiPB": 3.4560560000633274,
  "minPE": 8.5232,
  "maxPE": 9.6925,
  "medianPE": 8.86,
  "hienTaiPE": 8.937893676142972,
  "minPS": 1.0863,
  "maxPS": 2.5333,
  "medianPS": 1.56,
  "hienTaiPS": 1.4943665144194591
}