{
  "minPB": 0.9319,
  "maxPB": 1.0646,
  "medianPB": 0.98,
  "hienTaiPB": 1.0838800189229645,
  "minPE": 53.421,
  "maxPE": 68.4745,
  "medianPE": 56.34,
  "hienTaiPE": 70.66086565470633,
  "minPS": 0.172,
  "maxPS": 1.4923,
  "medianPS": 0.62,
  "hienTaiPS": 1.293487721493037
}