{
  "minPB": 0.5729,
  "maxPB": 2.3621,
  "medianPB": 1.2,
  "hienTaiPB": 1.131926694575699,
  "minPE": 6.9494,
  "maxPE": 55.5538,
  "medianPE": 12.67,
  "hienTaiPE": 73.7931493338784,
  "minPS": 0.172,
  "maxPS": 1.4923,
  "medianPS": 0.6,
  "hienTaiPS": 1.350825972895739
}