{
  "minPB": 0.5729,
  "maxPB": 2.3621,
  "medianPB": 1.2,
  "hienTaiPB": 1.107843147882599,
  "minPE": 6.9494,
  "maxPE": 55.7257,
  "medianPE": 12.68,
  "hienTaiPE": 72.2230823267746,
  "minPS": 0.172,
  "maxPS": 1.4923,
  "medianPS": 0.61,
  "hienTaiPS": 1.3220849947490212
}