{
  "minPB": 0.9319,
  "maxPB": 1.0554,
  "medianPB": 0.98,
  "hienTaiPB": 1.0235507344567492,
  "minPE": 53.421,
  "maxPE": 66.7278,
  "medianPE": 56.3,
  "hienTaiPE": 66.72784780191132,
  "minPS": 0.172,
  "maxPS": 1.4923,
  "medianPS": 0.62,
  "hienTaiPS": 1.2214915712355088
}