{
  "minPB": 0.5729,
  "maxPB": 2.3621,
  "medianPB": 1.2,
  "hienTaiPB": 1.0717178278429491,
  "minPE": 6.9494,
  "maxPE": 55.3421,
  "medianPE": 12.65,
  "hienTaiPE": 69.86798181611891,
  "minPS": 0.172,
  "maxPS": 1.4923,
  "medianPS": 0.6,
  "hienTaiPS": 1.2789735275289444
}