{
  "minPB": 0.9319,
  "maxPB": 1.0554,
  "medianPB": 0.98,
  "hienTaiPB": 1.0417940210767722,
  "minPE": 53.421,
  "maxPE": 67.9172,
  "medianPE": 56.3,
  "hienTaiPE": 67.91717355979245,
  "minPS": 0.172,
  "maxPS": 1.4923,
  "medianPS": 0.62,
  "hienTaiPS": 1.2432628621816475
}