{
  "minPB": 0.5729,
  "maxPB": 2.3621,
  "medianPB": 1.2,
  "hienTaiPB": 1.113864034555874,
  "minPE": 6.9494,
  "maxPE": 55.4182,
  "medianPE": 12.67,
  "hienTaiPE": 72.61559907855056,
  "minPS": 0.172,
  "maxPS": 1.4923,
  "medianPS": 0.6,
  "hienTaiPS": 1.3292702392857008
}