{
  "minPB": 0.5729,
  "maxPB": 2.3621,
  "medianPB": 1.2,
  "hienTaiPB": 1.0850239873908867,
  "minPE": 6.9494,
  "maxPE": 55.3983,
  "medianPE": 12.67,
  "hienTaiPE": 70.73544383754376,
  "minPS": 0.172,
  "maxPS": 1.4923,
  "medianPS": 0.6,
  "hienTaiPS": 1.2948529179550061
}