{
  "minPB": 0.5729,
  "maxPB": 2.3621,
  "medianPB": 1.2,
  "hienTaiPB": 1.0930317666663425,
  "minPE": 6.9494,
  "maxPE": 55.3521,
  "medianPE": 12.65,
  "hienTaiPE": 71.25749111740576,
  "minPS": 0.172,
  "maxPS": 1.4923,
  "medianPS": 0.6,
  "hienTaiPS": 1.3044092931887898
}