{
  "minPB": 0.5729,
  "maxPB": 2.3621,
  "medianPB": 1.2,
  "hienTaiPB": 1.0908642474639636,
  "minPE": 6.9494,
  "maxPE": 55.3521,
  "medianPE": 12.66,
  "hienTaiPE": 71.11618508676642,
  "minPS": 0.172,
  "maxPS": 1.4923,
  "medianPS": 0.6,
  "hienTaiPS": 1.3018226051555852
}