{
  "minPB": 0.9319,
  "maxPB": 1.0554,
  "medianPB": 0.98,
  "hienTaiPB": 1.0503436801528228,
  "minPE": 53.421,
  "maxPE": 67.9839,
  "medianPE": 56.3,
  "hienTaiPE": 68.47454734731429,
  "minPS": 0.172,
  "maxPS": 1.4923,
  "medianPS": 0.62,
  "hienTaiPS": 1.2534659094237324
}