{
  "minPB": 0.6674,
  "maxPB": 1.0761,
  "medianPB": 0.79,
  "hienTaiPB": 0.9982946922195445,
  "minPE": 2.6846,
  "maxPE": 6.0714,
  "medianPE": 3.19,
  "hienTaiPE": 6.205993047312124,
  "minPS": 0.0171,
  "maxPS": 0.9607,
  "medianPS": 0.11,
  "hienTaiPS": 0.989923091546183
}