{
  "minPB": 0.3019,
  "maxPB": 0.9824,
  "medianPB": 0.48,
  "hienTaiPB": 0.9515745006236698,
  "minPE": -76.7448,
  "maxPE": 45.2985,
  "medianPE": 6.14,
  "hienTaiPE": 5.915552572697917,
  "minPS": 0.0178,
  "maxPS": 0.9456,
  "medianPS": 0.15,
  "hienTaiPS": 0.9435946908618217
}