{
  "minPB": 0.6674,
  "maxPB": 1.0761,
  "medianPB": 0.79,
  "hienTaiPB": 0.9824817042947869,
  "minPE": 2.6846,
  "maxPE": 6.1077,
  "medianPE": 3.19,
  "hienTaiPE": 6.1076901174427,
  "minPS": 0.0171,
  "maxPS": 0.9612,
  "medianPS": 0.11,
  "hienTaiPS": 0.9742427097760915
}