{
  "minPB": 0.3019,
  "maxPB": 0.9824,
  "medianPB": 0.48,
  "hienTaiPB": 0.9743356196062755,
  "minPE": -76.7448,
  "maxPE": 45.2985,
  "medianPE": 6.14,
  "hienTaiPE": 6.057049214176633,
  "minPS": 0.0178,
  "maxPS": 0.9481,
  "medianPS": 0.15,
  "hienTaiPS": 0.9661649373490746
}