{
  "minPB": 0.3019,
  "maxPB": 0.9825,
  "medianPB": 0.48,
  "hienTaiPB": 0.9743356196062755,
  "minPE": -76.2399,
  "maxPE": 44.5456,
  "medianPE": 6.14,
  "hienTaiPE": 6.057049214176633,
  "minPS": 0.0178,
  "maxPS": 0.9568,
  "medianPS": 0.15,
  "hienTaiPS": 0.9661649373490746
}