{
  "minPB": 0.3019,
  "maxPB": 0.9824,
  "medianPB": 0.48,
  "hienTaiPB": 0.966349262068519,
  "minPE": -76.7448,
  "maxPE": 45.2985,
  "medianPE": 6.14,
  "hienTaiPE": 6.0074012697981365,
  "minPS": 0.0178,
  "maxPS": 0.9498,
  "medianPS": 0.15,
  "hienTaiPS": 0.9582455526167052
}