{
  "minPB": 0.7905,
  "maxPB": 2.056,
  "medianPB": 1.22,
  "hienTaiPB": 2.062194160225331,
  "minPE": 5.5399,
  "maxPE": 14.4766,
  "medianPE": 8.48,
  "hienTaiPE": 13.44190792737148,
  "minPS": 1.7831,
  "maxPS": 4.6098,
  "medianPS": 2.88,
  "hienTaiPS": 5.033919091445086
}