{
  "minPB": 1.4375,
  "maxPB": 2.0015,
  "medianPB": 1.75,
  "hienTaiPB": 2.001541390806939,
  "minPE": 9.0892,
  "maxPE": 13.0466,
  "medianPE": 9.75,
  "hienTaiPE": 13.046557694213494,
  "minPS": 1.8182,
  "maxPS": 4.6098,
  "medianPS": 2.88,
  "hienTaiPS": 4.885862647579055
}