{
  "minPB": 0.7905,
  "maxPB": 2.056,
  "medianPB": 1.22,
  "hienTaiPB": 2.001541390806939,
  "minPE": 5.5399,
  "maxPE": 14.4766,
  "medianPE": 8.41,
  "hienTaiPE": 13.046557694213494,
  "minPS": 1.7831,
  "maxPS": 4.6098,
  "medianPS": 2.88,
  "hienTaiPS": 4.885862647579055
}