{
  "minPB": 0,
  "maxPB": 2.2699,
  "medianPB": 0.63,
  "hienTaiPB": 0.527318689131304,
  "minPE": 0,
  "maxPE": 118.4915,
  "medianPE": 9.03,
  "hienTaiPE": 53.97362510883219,
  "minPS": 0,
  "maxPS": 0.4683,
  "medianPS": 0.19,
  "hienTaiPS": 0.16829251158058103
}