{
  "minPB": 0,
  "maxPB": 2.2699,
  "medianPB": 0.63,
  "hienTaiPB": 0.5346425598136832,
  "minPE": 0,
  "maxPE": 118.4915,
  "medianPE": 9.03,
  "hienTaiPE": 54.7232587908993,
  "minPS": 0,
  "maxPS": 0.4683,
  "medianPS": 0.19,
  "hienTaiPS": 0.17062990757475577
}