{
  "minPB": 0.3891,
  "maxPB": 2.3295,
  "medianPB": 0.7,
  "hienTaiPB": 0.5419664304960624,
  "minPE": 1.01,
  "maxPE": 126.1747,
  "medianPE": 10.59,
  "hienTaiPE": 55.472892472966414,
  "minPS": 0.0801,
  "maxPS": 0.492,
  "medianPS": 0.2,
  "hienTaiPS": 0.1729673035689305
}