{
  "minPB": 0.3891,
  "maxPB": 2.3295,
  "medianPB": 0.7,
  "hienTaiPB": 0.527318689131304,
  "minPE": 1.01,
  "maxPE": 126.1747,
  "medianPE": 10.58,
  "hienTaiPE": 53.97362510883219,
  "minPS": 0.0788,
  "maxPS": 0.4929,
  "medianPS": 0.2,
  "hienTaiPS": 0.16829251158058103
}