{
  "minPB": 0,
  "maxPB": 2.2699,
  "medianPB": 0.63,
  "hienTaiPB": 0.5419664304960624,
  "minPE": 0,
  "maxPE": 118.4915,
  "medianPE": 9.03,
  "hienTaiPE": 55.472892472966414,
  "minPS": 0,
  "maxPS": 0.4683,
  "medianPS": 0.19,
  "hienTaiPS": 0.1729673035689305
}