{
  "minPB": 0,
  "maxPB": 2.2699,
  "medianPB": 0.63,
  "hienTaiPB": 0.5492903011784417,
  "minPE": 0,
  "maxPE": 118.4915,
  "medianPE": 9.03,
  "hienTaiPE": 56.222526155033535,
  "minPS": 0,
  "maxPS": 0.4683,
  "medianPS": 0.19,
  "hienTaiPS": 0.17530469956310524
}