{
  "minPB": 0.5857,
  "maxPB": 1.9891,
  "medianPB": 0.97,
  "hienTaiPB": 0.7649986870477516,
  "minPE": 4.5752,
  "maxPE": 34.429,
  "medianPE": 9.67,
  "hienTaiPE": 14.088460623188642,
  "minPS": 0.011,
  "maxPS": 0.1804,
  "medianPS": 0.02,
  "hienTaiPS": 0.1792800766604409
}