{
  "minPB": 0.5857,
  "maxPB": 1.9891,
  "medianPB": 0.97,
  "hienTaiPB": 0.7695658433883352,
  "minPE": 4.5752,
  "maxPE": 34.429,
  "medianPE": 9.68,
  "hienTaiPE": 10.54930522433121,
  "minPS": 0.0109,
  "maxPS": 0.1454,
  "medianPS": 0.02,
  "hienTaiPS": 0.20821877872616268
}