{
  "minPB": 0.5857,
  "maxPB": 1.9891,
  "medianPB": 0.97,
  "hienTaiPB": 0.771849421558627,
  "minPE": 4.5752,
  "maxPE": 34.429,
  "medianPE": 9.68,
  "hienTaiPE": 10.580608800664537,
  "minPS": 0.0109,
  "maxPS": 0.145,
  "medianPS": 0.02,
  "hienTaiPS": 0.2088366386036884
}