{
  "minPB": 0.5857,
  "maxPB": 1.9891,
  "medianPB": 0.97,
  "hienTaiPB": 0.7672822652180434,
  "minPE": 4.5752,
  "maxPE": 34.429,
  "medianPE": 9.67,
  "hienTaiPE": 14.130515729526518,
  "minPS": 0.011,
  "maxPS": 0.1804,
  "medianPS": 0.02,
  "hienTaiPS": 0.1798152410683825
}