{
  "minPB": 0.5857,
  "maxPB": 1.9891,
  "medianPB": 0.97,
  "hienTaiPB": 0.783267312410086,
  "minPE": 4.5752,
  "maxPE": 34.429,
  "medianPE": 9.69,
  "hienTaiPE": 10.737126682331173,
  "minPS": 0.0109,
  "maxPS": 0.1458,
  "medianPS": 0.02,
  "hienTaiPS": 0.21192593799131693
}