{
  "minPB": 0.305,
  "maxPB": 2.0433,
  "medianPB": 0.71,
  "hienTaiPB": 1.163228859462241,
  "minPE": -208.8874,
  "maxPE": 428.0086,
  "medianPE": 11.57,
  "hienTaiPE": 11.43392664468291,
  "minPS": 0.1949,
  "maxPS": 1.8779,
  "medianPS": 0.46,
  "hienTaiPS": 0.8524231400550025
}