{
  "minPB": 0.305,
  "maxPB": 2.0433,
  "medianPB": 0.71,
  "hienTaiPB": 1.0979456071454827,
  "minPE": -208.8874,
  "maxPE": 428.0086,
  "medianPE": 11.65,
  "hienTaiPE": 10.792226679930296,
  "minPS": 0.1949,
  "maxPS": 1.8779,
  "medianPS": 0.46,
  "hienTaiPS": 0.8045830658682421
}