{
  "minPB": 0.305,
  "maxPB": 2.0433,
  "medianPB": 0.71,
  "hienTaiPB": 1.3294044108139897,
  "minPE": -208.8874,
  "maxPE": 428.0086,
  "medianPE": 11.63,
  "hienTaiPE": 13.067344736780468,
  "minPS": 0.1949,
  "maxPS": 1.8779,
  "medianPS": 0.46,
  "hienTaiPS": 0.9741978743485743
}