{
  "minPB": 0,
  "maxPB": 6.2501,
  "medianPB": 0.8,
  "hienTaiPB": 1.3136669690567981,
  "minPE": -8.9399,
  "maxPE": 83.6668,
  "medianPE": 1.78,
  "hienTaiPE": 11.536592914223492,
  "minPS": 0.028,
  "maxPS": 1.3529,
  "medianPS": 0.18,
  "hienTaiPS": 1.2217176103325578
}