{
  "minPB": 1.1849,
  "maxPB": 1.5544,
  "medianPB": 1.4,
  "hienTaiPB": 1.4770800709475407,
  "minPE": 10.4057,
  "maxPE": 14.8287,
  "medianPE": 13.41,
  "hienTaiPE": 12.971682992432282,
  "minPS": 0.0308,
  "maxPS": 1.2757,
  "medianPS": 0.1,
  "hienTaiPS": 1.3736927067927605
}