{
  "minPB": 1.1849,
  "maxPB": 1.5544,
  "medianPB": 1.4,
  "hienTaiPB": 1.3807641294942732,
  "minPE": 10.4057,
  "maxPE": 14.8287,
  "medianPE": 13.41,
  "hienTaiPE": 12.125838624057598,
  "minPS": 0.0308,
  "maxPS": 1.2769,
  "medianPS": 0.1,
  "hienTaiPS": 1.2841183438827275
}