{
  "minPB": 0,
  "maxPB": 6.2385,
  "medianPB": 0.8,
  "hienTaiPB": 1.2959943192488592,
  "minPE": -8.9399,
  "maxPE": 83.6524,
  "medianPE": 1.79,
  "hienTaiPE": 11.381392112686854,
  "minPS": 0.028,
  "maxPS": 1.3529,
  "medianPS": 0.18,
  "hienTaiPS": 1.2052819474132859
}