{
  "minPB": 1.1849,
  "maxPB": 1.5496,
  "medianPB": 1.4,
  "hienTaiPB": 1.3607940352113022,
  "minPE": 10.4057,
  "maxPE": 14.8287,
  "medianPE": 13.41,
  "hienTaiPE": 11.950461718321197,
  "minPS": 0.0308,
  "maxPS": 1.2752,
  "medianPS": 0.1,
  "hienTaiPS": 1.2655460447839502
}