{
  "minPB": 0,
  "maxPB": 6.2501,
  "medianPB": 0.8,
  "hienTaiPB": 1.302297564347024,
  "minPE": -8.9399,
  "maxPE": 83.6668,
  "medianPE": 1.77,
  "hienTaiPE": 11.436747065234922,
  "minPS": 0.028,
  "maxPS": 1.3529,
  "medianPS": 0.18,
  "hienTaiPS": 1.2111440005211596
}