{
  "minPB": 0,
  "maxPB": 6.2501,
  "medianPB": 0.8,
  "hienTaiPB": 1.3070102709624745,
  "minPE": -8.9399,
  "maxPE": 83.6668,
  "medianPE": 1.77,
  "hienTaiPE": 11.478133945644693,
  "minPS": 0.028,
  "maxPS": 1.3529,
  "medianPS": 0.18,
  "hienTaiPS": 1.2155268439662987
}