{
  "minPB": 0.6454,
  "maxPB": 0.7147,
  "medianPB": 0.68,
  "hienTaiPB": 0.7059178358956794,
  "minPE": 9.556,
  "maxPE": 10.5677,
  "medianPE": 9.95,
  "hienTaiPE": 10.360825346576233,
  "minPS": 15.5856,
  "maxPS": 59.091,
  "medianPS": 30.57,
  "hienTaiPS": 24.519598394773833
}