{
  "minPB": 0.5365,
  "maxPB": 1.8931,
  "medianPB": 1.28,
  "hienTaiPB": 0.7337578901514029,
  "minPE": 9.5249,
  "maxPE": 307.8408,
  "medianPE": 26.84,
  "hienTaiPE": 10.769436554730186,
  "minPS": 15.4009,
  "maxPS": 59.091,
  "medianPS": 30.04,
  "hienTaiPS": 25.486604631091584
}