{
  "minPB": 0.5365,
  "maxPB": 1.8931,
  "medianPB": 1.28,
  "hienTaiPB": 0.7452757887041026,
  "minPE": 9.5249,
  "maxPE": 307.8408,
  "medianPE": 26.74,
  "hienTaiPE": 10.93848588199742,
  "minPS": 15.4009,
  "maxPS": 59.091,
  "medianPS": 30.03,
  "hienTaiPS": 25.886671370453133
}