{
  "minPB": 0.5365,
  "maxPB": 1.8931,
  "medianPB": 1.28,
  "hienTaiPB": 0.7583951063069104,
  "minPE": 9.5249,
  "maxPE": 307.8408,
  "medianPE": 26.85,
  "hienTaiPE": 11.13103939380448,
  "minPS": 15.4009,
  "maxPS": 59.091,
  "medianPS": 30.05,
  "hienTaiPS": 26.342362362346233
}