{
  "minPB": 0.5365,
  "maxPB": 1.8931,
  "medianPB": 1.28,
  "hienTaiPB": 0.738254182099783,
  "minPE": 9.5249,
  "maxPE": 307.8408,
  "medianPE": 26.83,
  "hienTaiPE": 10.835429072861245,
  "minPS": 15.4009,
  "maxPS": 59.091,
  "medianPS": 30.03,
  "hienTaiPS": 25.642780417045557
}