{
  "minPB": 0.5365,
  "maxPB": 1.8931,
  "medianPB": 1.28,
  "hienTaiPB": 0.776072308898487,
  "minPE": 9.5249,
  "maxPE": 307.8408,
  "medianPE": 26.6,
  "hienTaiPE": 11.390489430840287,
  "minPS": 15.4009,
  "maxPS": 59.091,
  "medianPS": 30.03,
  "hienTaiPS": 26.956368534521445
}