{
  "minPB": 0.5365,
  "maxPB": 1.8931,
  "medianPB": 1.28,
  "hienTaiPB": 0.6898420523542107,
  "minPE": 9.5249,
  "maxPE": 307.8408,
  "medianPE": 26.85,
  "hienTaiPE": 10.124879494080256,
  "minPS": 15.4009,
  "maxPS": 59.091,
  "medianPS": 30.05,
  "hienTaiPS": 23.961216475130172
}