{
  "minPB": 0.6454,
  "maxPB": 0.7137,
  "medianPB": 0.68,
  "hienTaiPB": 0.7021606604319645,
  "minPE": 9.556,
  "maxPE": 10.5677,
  "medianPE": 9.94,
  "hienTaiPE": 10.305680913617403,
  "minPS": 15.5856,
  "maxPS": 59.091,
  "medianPS": 30.62,
  "hienTaiPS": 24.389095340757496
}