{
  "minPB": 0,
  "maxPB": 2.3486,
  "medianPB": 1.39,
  "hienTaiPB": 1.6284253684965266,
  "minPE": 0,
  "maxPE": 14.4146,
  "medianPE": 10.18,
  "hienTaiPE": 12.969989164627275,
  "minPS": 0,
  "maxPS": 1.3087,
  "medianPS": 0.62,
  "hienTaiPS": 0.5502625181317723
}