{
  "minPB": 0.6583,
  "maxPB": 2.3543,
  "medianPB": 1.48,
  "hienTaiPB": 1.5716198323861827,
  "minPE": 3.3148,
  "maxPE": 14.5735,
  "medianPE": 10.53,
  "hienTaiPE": 12.517547682140277,
  "minPS": 0.4291,
  "maxPS": 1.2215,
  "medianPS": 0.63,
  "hienTaiPS": 0.5310673140108965
}