{
  "minPB": 0,
  "maxPB": 2.3486,
  "medianPB": 1.4,
  "hienTaiPB": 1.7041660833103187,
  "minPE": 0,
  "maxPE": 14.4146,
  "medianPE": 10.18,
  "hienTaiPE": 13.57324447460994,
  "minPS": 0,
  "maxPS": 1.3087,
  "medianPS": 0.62,
  "hienTaiPS": 0.5758561236262733
}