{
  "minPB": 0.6583,
  "maxPB": 2.3543,
  "medianPB": 1.48,
  "hienTaiPB": 1.5943420468303204,
  "minPE": 3.3148,
  "maxPE": 14.5735,
  "medianPE": 10.53,
  "hienTaiPE": 12.698524275135076,
  "minPS": 0.4305,
  "maxPS": 1.339,
  "medianPS": 0.64,
  "hienTaiPS": 0.5387453956592467
}