{
  "minPB": 0.7124,
  "maxPB": 4.4195,
  "medianPB": 1.16,
  "hienTaiPB": 1.0501246062576133,
  "minPE": -407.8207,
  "maxPE": 37.4428,
  "medianPE": 9.02,
  "hienTaiPE": 12.04782192112615,
  "minPS": 1.6123,
  "maxPS": 7.0145,
  "medianPS": 3.45,
  "hienTaiPS": 3.8883695715498554
}