{
  "minPB": 0.7124,
  "maxPB": 4.4195,
  "medianPB": 1.16,
  "hienTaiPB": 1.0578461107153898,
  "minPE": -407.8207,
  "maxPE": 37.4428,
  "medianPE": 9.02,
  "hienTaiPE": 12.136408847016783,
  "minPS": 1.6123,
  "maxPS": 7.0145,
  "medianPS": 3.45,
  "hienTaiPS": 3.9169605242818397
}