{
  "minPB": 0.7124,
  "maxPB": 4.4195,
  "medianPB": 1.16,
  "hienTaiPB": 0.9883525705954007,
  "minPE": -407.8207,
  "maxPE": 37.4428,
  "medianPE": 9.01,
  "hienTaiPE": 11.339126514001082,
  "minPS": 1.5936,
  "maxPS": 6.9773,
  "medianPS": 3.45,
  "hienTaiPS": 3.659641949693982
}