{
  "minPB": 0.7124,
  "maxPB": 4.4195,
  "medianPB": 1.16,
  "hienTaiPB": 0.9767703139087359,
  "minPE": -407.8207,
  "maxPE": 37.4428,
  "medianPE": 9.01,
  "hienTaiPE": 11.206246125165132,
  "minPS": 1.5936,
  "maxPS": 6.9773,
  "medianPS": 3.45,
  "hienTaiPS": 3.6167555205960054
}