{
  "minPB": 0.7124,
  "maxPB": 4.4195,
  "medianPB": 1.16,
  "hienTaiPB": 1.0269600928842837,
  "minPE": -407.8207,
  "maxPE": 37.4428,
  "medianPE": 9.02,
  "hienTaiPE": 11.78206114345425,
  "minPS": 1.6123,
  "maxPS": 7.0145,
  "medianPS": 3.45,
  "hienTaiPS": 3.802596713353903
}