{
  "minPB": 0.3025,
  "maxPB": 1.9516,
  "medianPB": 0.67,
  "hienTaiPB": 0.3838399471943601,
  "minPE": -23.7904,
  "maxPE": 248.6533,
  "medianPE": 11.04,
  "hienTaiPE": -1.3104,
  "minPS": 0.2809,
  "maxPS": 1.5774,
  "medianPS": 0.55,
  "hienTaiPS": 0.3231693485965896
}