{
  "minPB": 0.3025,
  "maxPB": 1.9516,
  "medianPB": 0.67,
  "hienTaiPB": 0.34974528139772637,
  "minPE": -23.7904,
  "maxPE": 248.6472,
  "medianPE": 10.94,
  "hienTaiPE": -1.2168,
  "minPS": 0.2815,
  "maxPS": 1.6667,
  "medianPS": 0.57,
  "hienTaiPS": 0.3722096489367602
}