{
  "minPB": 0.3025,
  "maxPB": 1.9516,
  "medianPB": 0.67,
  "hienTaiPB": 0.3629432165448104,
  "minPE": -23.7904,
  "maxPE": 248.6533,
  "medianPE": 10.94,
  "hienTaiPE": -1.2467,
  "minPS": 0.2815,
  "maxPS": 1.6667,
  "medianPS": 0.57,
  "hienTaiPS": 0.3862552960664492
}