{
  "minPB": 0.3025,
  "maxPB": 1.9516,
  "medianPB": 0.67,
  "hienTaiPB": 0.331048206606024,
  "minPE": -23.7904,
  "maxPE": 248.6411,
  "medianPE": 10.94,
  "hienTaiPE": -1.1644,
  "minPS": 0.2815,
  "maxPS": 1.6667,
  "medianPS": 0.57,
  "hienTaiPS": 0.35231164883636734
}