{
  "minPB": 0.3025,
  "maxPB": 1.9516,
  "medianPB": 0.67,
  "hienTaiPB": 0.3387470021084897,
  "minPE": -23.7904,
  "maxPE": 248.6411,
  "medianPE": 10.94,
  "hienTaiPE": -1.1906,
  "minPS": 0.2815,
  "maxPS": 1.6667,
  "medianPS": 0.57,
  "hienTaiPS": 0.36050494299535263
}