{
  "minPB": 0.4698,
  "maxPB": 1.9442,
  "medianPB": 0.92,
  "hienTaiPB": 0.8892215861011432,
  "minPE": -74.3956,
  "maxPE": 22.864,
  "medianPE": 7.22,
  "hienTaiPE": 7.319684770069377,
  "minPS": 0.0683,
  "maxPS": 0.3272,
  "medianPS": 0.16,
  "hienTaiPS": 0.3098113763688604
}