{
  "minPB": 0.4698,
  "maxPB": 1.9442,
  "medianPB": 0.92,
  "hienTaiPB": 0.8840815769329285,
  "minPE": -74.3956,
  "maxPE": 22.864,
  "medianPE": 7.22,
  "hienTaiPE": 7.27737445347938,
  "minPS": 0.0683,
  "maxPS": 0.3272,
  "medianPS": 0.16,
  "hienTaiPS": 0.3080205591644161
}