{
  "minPB": 0.4698,
  "maxPB": 1.9442,
  "medianPB": 0.92,
  "hienTaiPB": 0.9714617327925784,
  "minPE": -74.3956,
  "maxPE": 22.864,
  "medianPE": 7.22,
  "hienTaiPE": 7.996649835509319,
  "minPS": 0.0683,
  "maxPS": 0.3301,
  "medianPS": 0.16,
  "hienTaiPS": 0.33846445163996886
}