{
  "minPB": 0.4698,
  "maxPB": 1.9442,
  "medianPB": 0.92,
  "hienTaiPB": 0.9149216319422167,
  "minPE": -74.3956,
  "maxPE": 22.864,
  "medianPE": 7.22,
  "hienTaiPE": 7.5312363530193585,
  "minPS": 0.0683,
  "maxPS": 0.3301,
  "medianPS": 0.16,
  "hienTaiPS": 0.3187654623910818
}