{
  "minPB": 0.4698,
  "maxPB": 1.9442,
  "medianPB": 0.92,
  "hienTaiPB": 0.8326814852507815,
  "minPE": -74.3956,
  "maxPE": 22.864,
  "medianPE": 7.22,
  "hienTaiPE": 6.854271287579416,
  "minPS": 0.0683,
  "maxPS": 0.3272,
  "medianPS": 0.16,
  "hienTaiPS": 0.29011238711997334
}