{
  "minPB": 0.4748,
  "maxPB": 2.0071,
  "medianPB": 1.09,
  "hienTaiPB": 0.6884855293523381,
  "minPE": -268.9417,
  "maxPE": 842.3052,
  "medianPE": 31.46,
  "hienTaiPE": 322.54993153832635,
  "minPS": 0.825,
  "maxPS": 5.6035,
  "medianPS": 1.98,
  "hienTaiPS": 1.0856830820781327
}