{
  "minPB": 0.4748,
  "maxPB": 2.0071,
  "medianPB": 1.09,
  "hienTaiPB": 0.726734725427468,
  "minPE": -268.9417,
  "maxPE": 842.3052,
  "medianPE": 31.44,
  "hienTaiPE": 340.46937217934453,
  "minPS": 0.825,
  "maxPS": 5.6035,
  "medianPS": 1.98,
  "hienTaiPS": 1.1459988088602513
}