{
  "minPB": 0.4748,
  "maxPB": 2.0071,
  "medianPB": 1.09,
  "hienTaiPB": 0.6867469295307412,
  "minPE": -268.9417,
  "maxPE": 842.3052,
  "medianPE": 31.45,
  "hienTaiPE": 321.7354115091892,
  "minPS": 0.825,
  "maxPS": 5.6035,
  "medianPS": 1.98,
  "hienTaiPS": 1.082941458133491
}