{
  "minPB": 0.4748,
  "maxPB": 2.0071,
  "medianPB": 1.09,
  "hienTaiPB": 0.6963092285495237,
  "minPE": -268.9417,
  "maxPE": 842.3052,
  "medianPE": 31.44,
  "hienTaiPE": 326.2152716694437,
  "minPS": 0.825,
  "maxPS": 5.6035,
  "medianPS": 1.98,
  "hienTaiPS": 1.0980203898290206
}