{
  "minPB": 0.4748,
  "maxPB": 2.0071,
  "medianPB": 1.09,
  "hienTaiPB": 0.7128259268546935,
  "minPE": -268.9417,
  "maxPE": 842.3052,
  "medianPE": 31.44,
  "hienTaiPE": 333.953211946247,
  "minPS": 0.8318,
  "maxPS": 5.579,
  "medianPS": 1.96,
  "hienTaiPS": 1.1240658173031173
}