{
  "minPB": 0.4748,
  "maxPB": 2.0071,
  "medianPB": 1.09,
  "hienTaiPB": 0.703263627835911,
  "minPE": -268.9417,
  "maxPE": 842.3052,
  "medianPE": 31.46,
  "hienTaiPE": 329.47335178599246,
  "minPS": 0.825,
  "maxPS": 5.6035,
  "medianPS": 1.98,
  "hienTaiPS": 1.1089868856075877
}