{
  "minPB": 0.4748,
  "maxPB": 2.0071,
  "medianPB": 1.09,
  "hienTaiPB": 0.7067408274791046,
  "minPE": -268.9417,
  "maxPE": 842.3052,
  "medianPE": 31.5,
  "hienTaiPE": 331.10239184426683,
  "minPS": 0.825,
  "maxPS": 5.6035,
  "medianPS": 1.98,
  "hienTaiPS": 1.1144701334968712
}