{
  "minPB": 1.2214691742,
  "maxPB": 3.3808069548,
  "medianPB": 1.9,
  "hienTaiPB": 1.5013017980101189,
  "minPE": 7.6745857294,
  "maxPE": 22.6076202122,
  "medianPE": 14.11,
  "hienTaiPE": 11.594665265971612
}