{
  "minPB": 1.2214691742,
  "maxPB": 3.3808069548,
  "medianPB": 1.91,
  "hienTaiPB": 1.6274331703330407,
  "minPE": 7.6745857294,
  "maxPE": 22.6076202122,
  "medianPE": 14.19,
  "hienTaiPE": 12.605478982417676
}