{
  "minPB": 1.2214691742,
  "maxPB": 3.3808069548,
  "medianPB": 1.89,
  "hienTaiPB": 2.0154746980653497,
  "minPE": 7.6745857294,
  "maxPE": 22.6076202122,
  "medianPE": 14.06,
  "hienTaiPE": 14.699143137009445
}