{
  "minPB": 1.2214691742,
  "maxPB": 3.3808069548,
  "medianPB": 1.89,
  "hienTaiPB": 1.9960381674721883,
  "minPE": 7.6745857294,
  "maxPE": 22.6076202122,
  "medianPE": 14.05,
  "hienTaiPE": 14.547382352553722
}