{
  "minPB": 1.2214691742,
  "maxPB": 3.3808069548,
  "medianPB": 1.9,
  "hienTaiPB": 1.55752811183596,
  "minPE": 7.6745857294,
  "maxPE": 22.6076202122,
  "medianPE": 14.09,
  "hienTaiPE": 12.004537252773613
}