{
  "minPB": 1.2214691742,
  "maxPB": 3.3808069548,
  "medianPB": 1.88,
  "hienTaiPB": 1.8819750149765773,
  "minPE": 7.6745857294,
  "maxPE": 22.6076202122,
  "medianPE": 14.02,
  "hienTaiPE": 14.186659406849104
}