{
  "minPB": 1.2214691742,
  "maxPB": 3.3808069548,
  "medianPB": 1.89,
  "hienTaiPB": 2.0859926110583085,
  "minPE": 7.6745857294,
  "maxPE": 22.6076202122,
  "medianPE": 14.09,
  "hienTaiPE": 15.23924135002226
}