{
  "minPB": 1.2214691742,
  "maxPB": 3.3808069548,
  "medianPB": 1.9,
  "hienTaiPB": 1.671086249455137,
  "minPE": 7.6745857294,
  "maxPE": 22.6076202122,
  "medianPE": 14.17,
  "hienTaiPE": 12.929634433901802
}