{
  "minPB": 1.2214691742,
  "maxPB": 3.3808069548,
  "medianPB": 1.89,
  "hienTaiPB": 2.0555323117648228,
  "minPE": 7.6745857294,
  "maxPE": 22.6076202122,
  "medianPE": 14.07,
  "hienTaiPE": 15.003614277404552
}