{
  "minPB": 1.2214691742,
  "maxPB": 3.3808069548,
  "medianPB": 1.9,
  "hienTaiPB": 1.6968555609218834,
  "minPE": 7.6745857294,
  "maxPE": 22.6076202122,
  "medianPE": 14.13,
  "hienTaiPE": 13.120328774391886
}