{
  "minPB": 1.2214691742,
  "maxPB": 3.3808069548,
  "medianPB": 1.9,
  "hienTaiPB": 1.699461964206306,
  "minPE": 7.6745857294,
  "maxPE": 22.6076202122,
  "medianPE": 14.14,
  "hienTaiPE": 13.141229761217625
}