{
  "minPB": 1.2214691742,
  "maxPB": 3.3808069548,
  "medianPB": 1.9,
  "hienTaiPB": 1.992458301912911,
  "minPE": 7.6745857294,
  "maxPE": 22.6076202122,
  "medianPE": 14.12,
  "hienTaiPE": 14.365377332555534
}