{
  "minPB": 1.2214691742,
  "maxPB": 3.3808069548,
  "medianPB": 1.88,
  "hienTaiPB": 1.8631268814807345,
  "minPE": 7.6745857294,
  "maxPE": 22.6076202122,
  "medianPE": 14.02,
  "hienTaiPE": 14.042106246997829
}