{
  "minPB": 1.2214691742,
  "maxPB": 3.3808069548,
  "medianPB": 1.88,
  "hienTaiPB": 1.7439429413115626,
  "minPE": 7.6745857294,
  "maxPE": 22.6076202122,
  "medianPE": 14.03,
  "hienTaiPE": 13.497217581778846
}