{
  "minPB": 1.2214691742,
  "maxPB": 3.3808069548,
  "medianPB": 1.9,
  "hienTaiPB": 1.7078318546571036,
  "minPE": 7.6745857294,
  "maxPE": 22.6076202122,
  "medianPE": 14.13,
  "hienTaiPE": 13.204490663320447
}