{
  "minPB": 1.2214691742,
  "maxPB": 3.3808069548,
  "medianPB": 1.9,
  "hienTaiPB": 2.003856591290496,
  "minPE": 7.6745857294,
  "maxPE": 22.6076202122,
  "medianPE": 14.12,
  "hienTaiPE": 14.451327321883086
}