{
  "minPB": 1.2214691742,
  "maxPB": 3.3808069548,
  "medianPB": 1.89,
  "hienTaiPB": 1.7376139846393932,
  "minPE": 7.6745857294,
  "maxPE": 22.6076202122,
  "medianPE": 14.03,
  "hienTaiPE": 13.45892504831195
}