{
  "minPB": 1.2214691742,
  "maxPB": 3.3808069548,
  "medianPB": 1.9,
  "hienTaiPB": 2.0336953986294244,
  "minPE": 7.6745857294,
  "maxPE": 22.6076202122,
  "medianPE": 14.1,
  "hienTaiPE": 14.645743062294573
}