{
  "minPB": 1.2214691742,
  "maxPB": 3.3808069548,
  "medianPB": 1.89,
  "hienTaiPB": 1.6581617416738892,
  "minPE": 7.6745857294,
  "maxPE": 22.6076202122,
  "medianPE": 14.07,
  "hienTaiPE": 12.923894362777292
}