{
  "minPB": 1.2214691742,
  "maxPB": 3.3808069548,
  "medianPB": 1.9,
  "hienTaiPB": 2.1507737804644274,
  "minPE": 7.6745857294,
  "maxPE": 22.6076202122,
  "medianPE": 14.1,
  "hienTaiPE": 15.516746875737999
}