{
  "minPB": 0.5965,
  "maxPB": 1.6536,
  "medianPB": 0.88,
  "hienTaiPB": 1.0364806361611334,
  "minPE": 3.8092,
  "maxPE": 9.7577,
  "medianPE": 6.05,
  "hienTaiPE": 6.784864683611134,
  "minPS": 0.1303,
  "maxPS": 0.7972,
  "medianPS": 0.26,
  "hienTaiPS": 0.2674175951314792
}