{
  "minPB": 0.5966,
  "maxPB": 1.6536,
  "medianPB": 0.88,
  "hienTaiPB": 0.9604086628649035,
  "minPE": 3.8093,
  "maxPE": 9.7577,
  "medianPE": 6.05,
  "hienTaiPE": 6.286892963713069,
  "minPS": 0.13,
  "maxPS": 0.6667,
  "medianPS": 0.26,
  "hienTaiPS": 0.2477906156722881
}