{
  "minPB": 0.5965,
  "maxPB": 1.6536,
  "medianPB": 0.88,
  "hienTaiPB": 1.0150853936715687,
  "minPE": 3.8092,
  "maxPE": 9.7577,
  "medianPE": 6.05,
  "hienTaiPE": 6.644810137389803,
  "minPS": 0.1303,
  "maxPS": 0.7972,
  "medianPS": 0.26,
  "hienTaiPS": 0.26189750715858173
}