{
  "minPB": 3.5499,
  "maxPB": 11.3042,
  "medianPB": 5.55,
  "hienTaiPB": 3.9236657897637826,
  "minPE": 9.2322,
  "maxPE": 26.3014,
  "medianPE": 17.53,
  "hienTaiPE": 13.4845735674313,
  "minPS": 2.0835,
  "maxPS": 5.3312,
  "medianPS": 3.17,
  "hienTaiPS": 2.0499506403770327
}