{
  "minPB": 3.5499,
  "maxPB": 11.3042,
  "medianPB": 5.55,
  "hienTaiPB": 3.904241701695645,
  "minPE": 9.2322,
  "maxPE": 26.3014,
  "medianPE": 17.53,
  "hienTaiPE": 13.417818252741045,
  "minPS": 2.0723,
  "maxPS": 5.3168,
  "medianPS": 3.14,
  "hienTaiPS": 2.0398023698801167
}