{
  "minPB": 3.5499,
  "maxPB": 11.2861,
  "medianPB": 5.55,
  "hienTaiPB": 3.930140485786495,
  "minPE": 9.2332,
  "maxPE": 26.2199,
  "medianPE": 17.52,
  "hienTaiPE": 13.506825338994718,
  "minPS": 2.0713,
  "maxPS": 5.3168,
  "medianPS": 3.14,
  "hienTaiPS": 2.053333397209338
}