{
  "minPB": 3.5499,
  "maxPB": 11.3042,
  "medianPB": 5.56,
  "hienTaiPB": 3.930140485786495,
  "minPE": 9.2322,
  "maxPE": 26.3014,
  "medianPE": 17.53,
  "hienTaiPE": 13.506825338994718,
  "minPS": 2.0858,
  "maxPS": 5.3312,
  "medianPS": 3.17,
  "hienTaiPS": 2.053333397209338
}