{
  "minPB": 3.5499,
  "maxPB": 11.3042,
  "medianPB": 5.56,
  "hienTaiPB": 3.9366151818092074,
  "minPE": 9.2322,
  "maxPE": 26.3014,
  "medianPE": 17.53,
  "hienTaiPE": 13.529077110558136,
  "minPS": 2.0858,
  "maxPS": 5.3312,
  "medianPS": 3.17,
  "hienTaiPS": 2.0567161540416437
}