{
  "minPB": 3.5499,
  "maxPB": 11.2861,
  "medianPB": 5.55,
  "hienTaiPB": 4.07258379828617,
  "minPE": 9.2332,
  "maxPE": 26.2199,
  "medianPE": 17.52,
  "hienTaiPE": 13.996364313389913,
  "minPS": 2.0713,
  "maxPS": 5.3168,
  "medianPS": 3.14,
  "hienTaiPS": 2.1277540475200554
}