{
  "minPB": 3.5499,
  "maxPB": 11.3042,
  "medianPB": 5.55,
  "hienTaiPB": 3.9107163977183577,
  "minPE": 9.2322,
  "maxPE": 26.3014,
  "medianPE": 17.53,
  "hienTaiPE": 13.440070024304463,
  "minPS": 2.0835,
  "maxPS": 5.3312,
  "medianPS": 3.17,
  "hienTaiPS": 2.043185126712422
}