{
  "minPB": 3.5499,
  "maxPB": 11.2861,
  "medianPB": 5.55,
  "hienTaiPB": 3.9754633579454826,
  "minPE": 9.2332,
  "maxPE": 26.2199,
  "medianPE": 17.52,
  "hienTaiPE": 13.662587739938644,
  "minPS": 2.0713,
  "maxPS": 5.3168,
  "medianPS": 3.14,
  "hienTaiPS": 2.0770126950354757
}