{
  "minPB": 0.6187,
  "maxPB": 0.6982,
  "medianPB": 0.66,
  "hienTaiPB": 0.6746286150162557,
  "minPE": 31.1028,
  "maxPE": 35.2403,
  "medianPE": 33.17,
  "hienTaiPE": 13.274451340267476,
  "minPS": 0.1004,
  "maxPS": 3.0413,
  "medianPS": 0.73,
  "hienTaiPS": 2.5450292731063304
}