{
  "minPB": 0.5025,
  "maxPB": 3.0572,
  "medianPB": 0.84,
  "hienTaiPB": 0.7728755006982347,
  "minPE": -44.5774,
  "maxPE": 156.9014,
  "medianPE": 3.93,
  "hienTaiPE": 15.207623865549147,
  "minPS": 0.3872,
  "maxPS": 3.0615,
  "medianPS": 0.87,
  "hienTaiPS": 2.9156646041412326
}