{
  "minPB": 0.5025,
  "maxPB": 3.0572,
  "medianPB": 0.84,
  "hienTaiPB": 0.6811784073950543,
  "minPE": -44.5774,
  "maxPE": 156.9014,
  "medianPE": 3.92,
  "hienTaiPE": 13.403329508619587,
  "minPS": 0.3872,
  "maxPS": 3.0615,
  "medianPS": 0.87,
  "hienTaiPS": 2.569738295175324
}