{
  "minPB": 0.6187,
  "maxPB": 0.6982,
  "medianPB": 0.66,
  "hienTaiPB": 0.6639379893476482,
  "minPE": 31.2288,
  "maxPE": 35.2403,
  "medianPE": 33.17,
  "hienTaiPE": 33.51161051538824,
  "minPS": 0.0905,
  "maxPS": 3.0445,
  "medianPS": 0.73,
  "hienTaiPS": 2.5052073306346965
}