{
  "minPB": 0.5025,
  "maxPB": 3.0572,
  "medianPB": 0.84,
  "hienTaiPB": 0.715630315307535,
  "minPE": -44.5774,
  "maxPE": 156.9014,
  "medianPE": 3.93,
  "hienTaiPE": 14.081228674151692,
  "minPS": 0.3872,
  "maxPS": 3.0615,
  "medianPS": 0.87,
  "hienTaiPS": 2.6997077512582295
}