{
  "minPB": 0.6187,
  "maxPB": 0.6982,
  "medianPB": 0.66,
  "hienTaiPB": 0.66441093890533,
  "minPE": 31.2288,
  "maxPE": 35.2403,
  "medianPE": 33.17,
  "hienTaiPE": 33.65760168991073,
  "minPS": 0.0955,
  "maxPS": 3.0429,
  "medianPS": 0.73,
  "hienTaiPS": 2.516121105144392
}