{
  "minPB": 0.5025,
  "maxPB": 3.0572,
  "medianPB": 0.84,
  "hienTaiPB": 0.7558460405133584,
  "minPE": -44.5774,
  "maxPE": 156.9014,
  "medianPE": 3.93,
  "hienTaiPE": 14.872540627833656,
  "minPS": 0.3872,
  "maxPS": 3.0615,
  "medianPS": 0.87,
  "hienTaiPS": 2.8514211467618495
}