{
  "minPB": 0,
  "maxPB": 1.423,
  "medianPB": 0.95,
  "hienTaiPB": 1.1750892617109996,
  "minPE": 0,
  "maxPE": 13.645,
  "medianPE": 8.89,
  "hienTaiPE": 11.337841108071993,
  "minPS": 0,
  "maxPS": 4.7925,
  "medianPS": 1.95,
  "hienTaiPS": 2.9671340661826204
}