{
  "minPB": 0,
  "maxPB": 1.423,
  "medianPB": 0.96,
  "hienTaiPB": 1.1611001038334876,
  "minPE": 0,
  "maxPE": 13.645,
  "medianPE": 8.89,
  "hienTaiPE": 11.202866809166375,
  "minPS": 0,
  "maxPS": 4.7925,
  "medianPS": 1.95,
  "hienTaiPS": 2.9318110415852083
}