{
  "minPB": 0,
  "maxPB": 1.423,
  "medianPB": 0.95,
  "hienTaiPB": 1.212393682717698,
  "minPE": 0,
  "maxPE": 13.645,
  "medianPE": 8.88,
  "hienTaiPE": 11.69777257182031,
  "minPS": 0,
  "maxPS": 4.7925,
  "medianPS": 1.95,
  "hienTaiPS": 3.061328798442386
}