{
  "minPB": 0.48,
  "maxPB": 1.4688,
  "medianPB": 1.02,
  "hienTaiPB": 1.1004804196976028,
  "minPE": 3.5322,
  "maxPE": 13.8305,
  "medianPE": 9.3,
  "hienTaiPE": 10.61797818057536,
  "minPS": 1.7012,
  "maxPS": 3.9343,
  "medianPS": 2.48,
  "hienTaiPS": 2.778744601663089
}