{
  "minPB": 0.48,
  "maxPB": 1.4688,
  "medianPB": 1.02,
  "hienTaiPB": 1.165763156459325,
  "minPE": 3.5322,
  "maxPE": 13.8305,
  "medianPE": 9.3,
  "hienTaiPE": 11.247858242134914,
  "minPS": 1.7018,
  "maxPS": 4.9847,
  "medianPS": 2.48,
  "hienTaiPS": 2.943585383117679
}