{
  "minPB": 0.416,
  "maxPB": 1.9815,
  "medianPB": 0.82,
  "hienTaiPB": 0.6260532457926092,
  "minPE": -9.339,
  "maxPE": 12.8974,
  "medianPE": 6.23,
  "hienTaiPE": 8.557847653386402,
  "minPS": 0.276,
  "maxPS": 1.989,
  "medianPS": 0.57,
  "hienTaiPS": 0.7177727081611713
}