{
  "minPB": 0.4151,
  "maxPB": 1.9815,
  "medianPB": 0.82,
  "hienTaiPB": 0.6319594084887659,
  "minPE": -9.3606,
  "maxPE": 12.9146,
  "medianPE": 6.23,
  "hienTaiPE": 8.638582065210802,
  "minPS": 0.276,
  "maxPS": 1.9731,
  "medianPS": 0.57,
  "hienTaiPS": 0.7245441488042013
}