{
  "minPB": 0.4169,
  "maxPB": 1.9815,
  "medianPB": 0.81,
  "hienTaiPB": 0.6171940017483741,
  "minPE": -9.3175,
  "maxPE": 12.8803,
  "medianPE": 6.24,
  "hienTaiPE": 8.4367460356498,
  "minPS": 0.276,
  "maxPS": 1.989,
  "medianPS": 0.58,
  "hienTaiPS": 0.7076155471966264
}