{
  "minPB": 0.8037,
  "maxPB": 5.1083,
  "medianPB": 1.95,
  "hienTaiPB": 2.3492235034794895,
  "minPE": -73.3328,
  "maxPE": 136.7775,
  "medianPE": 6.99,
  "hienTaiPE": 2153.7663188935803,
  "minPS": 0.1401,
  "maxPS": 0.8608,
  "medianPS": 0.37,
  "hienTaiPS": 0.35752116957457103
}