{
  "minPB": 0.8037,
  "maxPB": 5.1083,
  "medianPB": 1.95,
  "hienTaiPB": 2.1419390767018873,
  "minPE": -73.3328,
  "maxPE": 136.5503,
  "medianPE": 6.97,
  "hienTaiPE": 1963.7281142853233,
  "minPS": 0.1401,
  "maxPS": 0.8608,
  "medianPS": 0.37,
  "hienTaiPS": 0.3259751840238736
}