{
  "minPB": 0,
  "maxPB": 1.2375,
  "medianPB": 0,
  "hienTaiPB": 1.0614702288656763,
  "minPE": -54.8541,
  "maxPE": 34.3903,
  "medianPE": -0.99,
  "hienTaiPE": 31.34359207505724,
  "minPS": 0.1825,
  "maxPS": 1.1192,
  "medianPS": 0.48,
  "hienTaiPS": 0.9731967359253628
}