{
  "minPB": 0,
  "maxPB": 1.2375,
  "medianPB": 0,
  "hienTaiPB": 1.109718875632298,
  "minPE": -54.8541,
  "maxPE": 34.3903,
  "medianPE": -0.99,
  "hienTaiPE": 32.76830080574166,
  "minPS": 0.1825,
  "maxPS": 1.1192,
  "medianPS": 0.48,
  "hienTaiPS": 1.0174329511946976
}