{
  "minPB": 0.8327,
  "maxPB": 1.1266,
  "medianPB": 0.91,
  "hienTaiPB": 1.1258017578878385,
  "minPE": 23.7814,
  "maxPE": 33.2432,
  "medianPE": 26.11,
  "hienTaiPE": 33.2432037159698,
  "minPS": 0.1825,
  "maxPS": 1.1318,
  "medianPS": 0.49,
  "hienTaiPS": 1.0321783562844757
}