{
  "minPB": 0,
  "maxPB": 1.2384,
  "medianPB": 0,
  "hienTaiPB": 1.2383819336766224,
  "minPE": -54.8541,
  "maxPE": 34.3903,
  "medianPE": -0.99,
  "hienTaiPE": 36.56752408756678,
  "minPS": 0.1825,
  "maxPS": 1.1229,
  "medianPS": 0.48,
  "hienTaiPS": 1.1353961919129232
}