{
  "minPB": 0.8327,
  "maxPB": 1.1266,
  "medianPB": 0.91,
  "hienTaiPB": 0.9810558175879736,
  "minPE": 23.7814,
  "maxPE": 32.1748,
  "medianPE": 26.11,
  "hienTaiPE": 28.96907752391654,
  "minPS": 0.1825,
  "maxPS": 1.1318,
  "medianPS": 0.49,
  "hienTaiPS": 0.8994697104764716
}