{
  "minPB": 0.8327,
  "maxPB": 1.1266,
  "medianPB": 0.91,
  "hienTaiPB": 1.1044115244879695,
  "minPE": 23.7814,
  "maxPE": 33.2432,
  "medianPE": 26.11,
  "hienTaiPE": 32.61158284536637,
  "minPS": 0.1825,
  "maxPS": 1.1255,
  "medianPS": 0.49,
  "hienTaiPS": 1.0125669675150706
}