{
  "minPB": 0,
  "maxPB": 1.2375,
  "medianPB": 0,
  "hienTaiPB": 1.0936359933767574,
  "minPE": -54.8541,
  "maxPE": 34.3903,
  "medianPE": -0.99,
  "hienTaiPE": 32.29339789551352,
  "minPS": 0.1825,
  "maxPS": 1.1192,
  "medianPS": 0.48,
  "hienTaiPS": 1.0026875461049192
}