{
  "minPB": 1.2687,
  "maxPB": 11.1438,
  "medianPB": 4.86,
  "hienTaiPB": 11.126141554403908,
  "minPE": -65.2293,
  "maxPE": -13.3627,
  "medianPE": -27.05,
  "hienTaiPE": -11.2229,
  "minPS": 0.9521,
  "maxPS": 4.1227,
  "medianPS": 2.14,
  "hienTaiPS": 1.079318018347389
}