{
  "minPB": 7.4075,
  "maxPB": 11.3062,
  "medianPB": 7.56,
  "hienTaiPB": 11.15833568388766,
  "minPE": -15.5274,
  "maxPE": -11.3568,
  "medianPE": -14.3,
  "hienTaiPE": -11.3324,
  "minPS": 0.9521,
  "maxPS": 4.0937,
  "medianPS": 2.09,
  "hienTaiPS": 1.0824410870111225
}