{
  "minPB": 1.2687,
  "maxPB": 11.1583,
  "medianPB": 4.88,
  "hienTaiPB": 11.207639762148352,
  "minPE": -65.2293,
  "maxPE": -13.3627,
  "medianPE": -27.02,
  "hienTaiPE": -11.1759,
  "minPS": 0.9521,
  "maxPS": 4.1227,
  "medianPS": 2.14,
  "hienTaiPS": 1.0872239472492893
}