{
  "minPB": 1.2687,
  "maxPB": 11.1855,
  "medianPB": 4.9,
  "hienTaiPB": 11.200939144685616,
  "minPE": -65.2293,
  "maxPE": -11.2768,
  "medianPE": -26.99,
  "hienTaiPE": -11.2496,
  "minPS": 0.9521,
  "maxPS": 4.1227,
  "medianPS": 2.13,
  "hienTaiPS": 1.0865739377984638
}