{
  "minPB": 0.5984,
  "maxPB": 2.7489,
  "medianPB": 1.15,
  "hienTaiPB": 1.0176837187238117,
  "minPE": -57.0214,
  "maxPE": 43.1882,
  "medianPE": 9.32,
  "hienTaiPE": 40.94098861305491,
  "minPS": 0.4128,
  "maxPS": 7.6218,
  "medianPS": 1.11,
  "hienTaiPS": 5.261894425310124
}