{
  "minPB": 0.5984,
  "maxPB": 2.7489,
  "medianPB": 1.15,
  "hienTaiPB": 1.0120611567419122,
  "minPE": -57.0214,
  "maxPE": 43.1882,
  "medianPE": 9.32,
  "hienTaiPE": 40.714795305800465,
  "minPS": 0.4128,
  "maxPS": 7.6218,
  "medianPS": 1.11,
  "hienTaiPS": 5.232823185391283
}