{
  "minPB": 0.9398,
  "maxPB": 1.011,
  "medianPB": 0.97,
  "hienTaiPB": 0.9479077245284387,
  "minPE": 15.1615,
  "maxPE": 38.1339,
  "medianPE": 15.74,
  "hienTaiPE": 38.13392967002723,
  "minPS": 0.4137,
  "maxPS": 7.6715,
  "medianPS": 1.07,
  "hienTaiPS": 4.901120337917313
}