{
  "minPB": 0.5984,
  "maxPB": 2.7489,
  "medianPB": 1.15,
  "hienTaiPB": 0.9951934707962137,
  "minPE": -57.0214,
  "maxPE": 43.1882,
  "medianPE": 9.31,
  "hienTaiPE": 40.03621538403713,
  "minPS": 0.4128,
  "maxPS": 7.6218,
  "medianPS": 1.1,
  "hienTaiPS": 5.145609465634762
}