{
  "minPB": 0.5984,
  "maxPB": 2.7489,
  "medianPB": 1.15,
  "hienTaiPB": 0.933345288995319,
  "minPE": -57.0214,
  "maxPE": 43.1882,
  "medianPE": 9.31,
  "hienTaiPE": 37.54808900423821,
  "minPS": 0.4128,
  "maxPS": 7.6218,
  "medianPS": 1.1,
  "hienTaiPS": 4.825825826527517
}