{
  "minPB": 0.9398,
  "maxPB": 1.011,
  "medianPB": 0.97,
  "hienTaiPB": 0.944590412959118,
  "minPE": 15.1615,
  "maxPE": 38.0661,
  "medianPE": 15.74,
  "hienTaiPE": 38.0004756187471,
  "minPS": 0.4137,
  "maxPS": 7.6715,
  "medianPS": 1.07,
  "hienTaiPS": 4.8839683063651975
}