{
  "minPB": 0.5984,
  "maxPB": 2.7489,
  "medianPB": 1.15,
  "hienTaiPB": 1.0224066707886073,
  "minPE": -57.0214,
  "maxPE": 43.1882,
  "medianPE": 9.31,
  "hienTaiPE": 41.13099099114865,
  "minPS": 0.4128,
  "maxPS": 7.6218,
  "medianPS": 1.1,
  "hienTaiPS": 5.286314266841949
}