{
  "minPB": 0.2405,
  "maxPB": 2.9116,
  "medianPB": 0.47,
  "hienTaiPB": 1.1438342990995016,
  "minPE": -23.6699,
  "maxPE": 145.3919,
  "medianPE": 2.66,
  "hienTaiPE": 6.785873984545077,
  "minPS": 0.121,
  "maxPS": 2.0796,
  "medianPS": 0.24,
  "hienTaiPS": 0.407989568620429
}