{
  "minPB": 0.2405,
  "maxPB": 2.9126,
  "medianPB": 0.47,
  "hienTaiPB": 1.1262368483441245,
  "minPE": -23.6698,
  "maxPE": 145.3919,
  "medianPE": 2.65,
  "hienTaiPE": 6.681475923244384,
  "minPS": 0.1213,
  "maxPS": 2.0814,
  "medianPS": 0.24,
  "hienTaiPS": 0.4017128060262686
}