{
  "minPB": 0.2405,
  "maxPB": 2.9116,
  "medianPB": 0.47,
  "hienTaiPB": 1.1016004172865967,
  "minPE": -23.6698,
  "maxPE": 145.3919,
  "medianPE": 2.66,
  "hienTaiPE": 6.535318637423413,
  "minPS": 0.1213,
  "maxPS": 2.0814,
  "medianPS": 0.24,
  "hienTaiPS": 0.39292533839444393
}