{
  "minPB": 0.2405,
  "maxPB": 2.9116,
  "medianPB": 0.47,
  "hienTaiPB": 1.1966266513656323,
  "minPE": -23.6699,
  "maxPE": 145.3919,
  "medianPE": 2.67,
  "hienTaiPE": 7.099068168447158,
  "minPS": 0.121,
  "maxPS": 2.0796,
  "medianPS": 0.24,
  "hienTaiPS": 0.42681985640291037
}