{
  "minPB": 0.2405,
  "maxPB": 2.9135,
  "medianPB": 0.47,
  "hienTaiPB": 1.1367953187973507,
  "minPE": -23.6698,
  "maxPE": 145.3919,
  "medianPE": 2.65,
  "hienTaiPE": 6.7441147600248,
  "minPS": 0.1213,
  "maxPS": 2.0814,
  "medianPS": 0.24,
  "hienTaiPS": 0.40547886358276486
}