{
  "minPB": 1.0623,
  "maxPB": 3.1125,
  "medianPB": 1.42,
  "hienTaiPB": 1.0594966965671921,
  "minPE": 5.5504,
  "maxPE": 14.6846,
  "medianPE": 9.41,
  "hienTaiPE": 9.528474908188489,
  "minPS": 1.3395,
  "maxPS": 4.0323,
  "medianPS": 1.76,
  "hienTaiPS": 3.0632967701133773
}