{
  "minPB": 1.0623,
  "maxPB": 3.1125,
  "medianPB": 1.42,
  "hienTaiPB": 1.0874517545241102,
  "minPE": 5.5504,
  "maxPE": 14.6846,
  "medianPE": 9.42,
  "hienTaiPE": 9.779885855634097,
  "minPS": 1.3395,
  "maxPS": 4.0323,
  "medianPS": 1.76,
  "hienTaiPS": 3.1441225424118833
}