{
  "minPB": 1.0628,
  "maxPB": 3.1081,
  "medianPB": 1.42,
  "hienTaiPB": 1.0790652371370348,
  "minPE": 5.5504,
  "maxPE": 14.6645,
  "medianPE": 9.42,
  "hienTaiPE": 9.704462571400414,
  "minPS": 1.3403,
  "maxPS": 4.0201,
  "medianPS": 1.75,
  "hienTaiPS": 3.1198748107223317
}