{
  "minPB": 1.0623,
  "maxPB": 3.1125,
  "medianPB": 1.42,
  "hienTaiPB": 1.0734742255456513,
  "minPE": 5.5504,
  "maxPE": 14.6846,
  "medianPE": 9.41,
  "hienTaiPE": 9.654180381911292,
  "minPS": 1.3395,
  "maxPS": 4.0323,
  "medianPS": 1.76,
  "hienTaiPS": 3.1037096562626303
}