{
  "minPB": 1.0623,
  "maxPB": 3.1125,
  "medianPB": 1.42,
  "hienTaiPB": 1.065087708158576,
  "minPE": 5.5504,
  "maxPE": 14.6846,
  "medianPE": 9.41,
  "hienTaiPE": 9.578757097677611,
  "minPS": 1.3395,
  "maxPS": 4.0323,
  "medianPS": 1.76,
  "hienTaiPS": 3.0794619245730788
}