{
  "minPB": 1.0628,
  "maxPB": 3.1125,
  "medianPB": 1.42,
  "hienTaiPB": 1.062292202362884,
  "minPE": 5.5504,
  "maxPE": 14.6846,
  "medianPE": 9.41,
  "hienTaiPE": 9.553616002933051,
  "minPS": 1.3395,
  "maxPS": 4.0323,
  "medianPS": 1.76,
  "hienTaiPS": 3.071379347343228
}