{
  "minPB": 1.0106,
  "maxPB": 1.954,
  "medianPB": 1.31,
  "hienTaiPB": 2.0131960432105718,
  "minPE": 8.5852,
  "maxPE": 50.4929,
  "medianPE": 12.8,
  "hienTaiPE": 13.326904492487753,
  "minPS": 2.4188,
  "maxPS": 5.7375,
  "medianPS": 3.23,
  "hienTaiPS": 4.818299476673757
}