{
  "minPB": 1.0106,
  "maxPB": 1.9504,
  "medianPB": 1.31,
  "hienTaiPB": 1.9600172798050093,
  "minPE": 8.5852,
  "maxPE": 50.4929,
  "medianPE": 12.79,
  "hienTaiPE": 12.974873053063549,
  "minPS": 2.4188,
  "maxPS": 5.7375,
  "medianPS": 3.23,
  "hienTaiPS": 4.691023641440865
}