{
  "minPB": 1.0106,
  "maxPB": 1.9423,
  "medianPB": 1.31,
  "hienTaiPB": 2.1081581207205042,
  "minPE": 8.5852,
  "maxPE": 50.4929,
  "medianPE": 12.75,
  "hienTaiPE": 13.95553206288812,
  "minPS": 2.419,
  "maxPS": 5.7375,
  "medianPS": 3.25,
  "hienTaiPS": 5.045577753875349
}