{
  "minPB": 1.0106,
  "maxPB": 1.9432,
  "medianPB": 1.31,
  "hienTaiPB": 2.0777702559173257,
  "minPE": 8.5852,
  "maxPE": 50.4929,
  "medianPE": 12.75,
  "hienTaiPE": 13.754371240360001,
  "minPS": 2.419,
  "maxPS": 5.7375,
  "medianPS": 3.25,
  "hienTaiPS": 4.972848705170839
}