{
  "minPB": 1.0106,
  "maxPB": 1.9401,
  "medianPB": 1.31,
  "hienTaiPB": 2.0853672221181205,
  "minPE": 8.5852,
  "maxPE": 50.4929,
  "medianPE": 12.74,
  "hienTaiPE": 13.80466144599203,
  "minPS": 2.419,
  "maxPS": 5.7375,
  "medianPS": 3.24,
  "hienTaiPS": 4.991030967346966
}