{
  "minPB": 1.0106,
  "maxPB": 1.947,
  "medianPB": 1.31,
  "hienTaiPB": 2.066374806616134,
  "minPE": 8.5852,
  "maxPE": 50.4929,
  "medianPE": 12.75,
  "hienTaiPE": 13.678935931911958,
  "minPS": 2.4188,
  "maxPS": 5.7375,
  "medianPS": 3.22,
  "hienTaiPS": 4.945575311906648
}