{
  "minPB": 1.0106,
  "maxPB": 1.9504,
  "medianPB": 1.31,
  "hienTaiPB": 2.0625763235157364,
  "minPE": 8.5852,
  "maxPE": 50.4929,
  "medianPE": 12.78,
  "hienTaiPE": 13.653790829095943,
  "minPS": 2.4188,
  "maxPS": 5.7375,
  "medianPS": 3.23,
  "hienTaiPS": 4.936484180818584
}