{
  "minPB": 0.6716,
  "maxPB": 3.4916,
  "medianPB": 1.45,
  "hienTaiPB": 0.6609149239804506,
  "minPE": -170.0856,
  "maxPE": 68.7987,
  "medianPE": 8.27,
  "hienTaiPE": 10.129199188731235,
  "minPS": 0.0985,
  "maxPS": 1.136,
  "medianPS": 0.23,
  "hienTaiPS": 0.06363113991037042
}