{
  "minPB": 0.6717,
  "maxPB": 3.4865,
  "medianPB": 1.45,
  "hienTaiPB": 0.7315254927817808,
  "minPE": -170.0856,
  "maxPE": 68.7287,
  "medianPE": 8.28,
  "hienTaiPE": 11.211378589236709,
  "minPS": 0.1001,
  "maxPS": 1.1382,
  "medianPS": 0.23,
  "hienTaiPS": 0.07042933861874333
}