{
  "minPB": 0.6717,
  "maxPB": 3.4865,
  "medianPB": 1.45,
  "hienTaiPB": 0.7258766472776743,
  "minPE": -170.0856,
  "maxPE": 68.7287,
  "medianPE": 8.28,
  "hienTaiPE": 11.12480423719627,
  "minPS": 0.0997,
  "maxPS": 1.1382,
  "medianPS": 0.23,
  "hienTaiPS": 0.0698854827220735
}