{
  "minPB": 0.6717,
  "maxPB": 3.4865,
  "medianPB": 1.44,
  "hienTaiPB": 0.7230522245256211,
  "minPE": -170.0856,
  "maxPE": 68.7287,
  "medianPE": 8.28,
  "hienTaiPE": 11.081517061176053,
  "minPS": 0.0993,
  "maxPS": 1.1382,
  "medianPS": 0.23,
  "hienTaiPS": 0.06961355477373858
}