{
  "minPB": 0.6717,
  "maxPB": 3.4865,
  "medianPB": 1.44,
  "hienTaiPB": 0.7061056880133019,
  "minPE": -170.0856,
  "maxPE": 68.7287,
  "medianPE": 8.29,
  "hienTaiPE": 10.821794005054738,
  "minPS": 0.0993,
  "maxPS": 1.1382,
  "medianPS": 0.23,
  "hienTaiPS": 0.06798198708372909
}