{
  "minPB": 0.6717,
  "maxPB": 3.4865,
  "medianPB": 1.44,
  "hienTaiPB": 0.7174033790215147,
  "minPE": -170.0856,
  "maxPE": 68.7287,
  "medianPE": 8.3,
  "hienTaiPE": 10.994942709135614,
  "minPS": 0.0989,
  "maxPS": 1.1382,
  "medianPS": 0.23,
  "hienTaiPS": 0.06906969887706875
}