{
  "minPB": 0.6717,
  "maxPB": 3.4865,
  "medianPB": 1.45,
  "hienTaiPB": 0.6778614604927699,
  "minPE": -170.0856,
  "maxPE": 68.7987,
  "medianPE": 8.28,
  "hienTaiPE": 10.388922244852548,
  "minPS": 0.098,
  "maxPS": 1.136,
  "medianPS": 0.23,
  "hienTaiPS": 0.06526270760037993
}