{
  "minPB": 0.2205,
  "maxPB": 4.8425,
  "medianPB": 0.59,
  "hienTaiPB": 0.5784633380756663,
  "minPE": -167.6776,
  "maxPE": 181.8264,
  "medianPE": 10.85,
  "hienTaiPE": 4.725147429251556,
  "minPS": 0.4731,
  "maxPS": 11.8913,
  "medianPS": 1.52,
  "hienTaiPS": 13.721818501945965
}