{
  "minPB": 0.2205,
  "maxPB": 4.8425,
  "medianPB": 0.59,
  "hienTaiPB": 0.5897716439327846,
  "minPE": -167.6776,
  "maxPE": 181.8264,
  "medianPE": 10.81,
  "hienTaiPE": 4.817518732379782,
  "minPS": 0.4731,
  "maxPS": 12.1949,
  "medianPS": 1.52,
  "hienTaiPS": 13.990064577923855
}