{
  "minPB": 0.2205,
  "maxPB": 4.8425,
  "medianPB": 0.59,
  "hienTaiPB": 0.5741139896690823,
  "minPE": -167.6776,
  "maxPE": 181.8264,
  "medianPE": 10.85,
  "hienTaiPE": 4.689620004971469,
  "minPS": 0.4731,
  "maxPS": 11.7618,
  "medianPS": 1.52,
  "hienTaiPS": 13.618646934262161
}