{
  "minPB": 0.2205,
  "maxPB": 4.8425,
  "medianPB": 0.59,
  "hienTaiPB": 0.5915113832954182,
  "minPE": -167.6776,
  "maxPE": 181.8264,
  "medianPE": 10.85,
  "hienTaiPE": 4.831729702091817,
  "minPS": 0.4731,
  "maxPS": 12.048,
  "medianPS": 1.52,
  "hienTaiPS": 14.031333204997377
}