{
  "minPB": 0.2205,
  "maxPB": 4.8425,
  "medianPB": 0.59,
  "hienTaiPB": 0.6271760402294067,
  "minPE": -167.6776,
  "maxPE": 181.8264,
  "medianPE": 10.85,
  "hienTaiPE": 5.123054581188529,
  "minPS": 0.4731,
  "maxPS": 11.9227,
  "medianPS": 1.52,
  "hienTaiPS": 14.877340060004572
}