{
  "minPB": 2.5315,
  "maxPB": 4.6899,
  "medianPB": 3.52,
  "hienTaiPB": 3.884934131298175,
  "minPE": 9.4936,
  "maxPE": 84.2439,
  "medianPE": 22.58,
  "hienTaiPE": 57.16905886728394,
  "minPS": 2.0488,
  "maxPS": 26.9587,
  "medianPS": 5.82,
  "hienTaiPS": 9.948646911927115
}