{
  "minPB": 2.5315,
  "maxPB": 4.6899,
  "medianPB": 3.52,
  "hienTaiPB": 3.9178573019023966,
  "minPE": 9.4936,
  "maxPE": 84.2439,
  "medianPE": 22.58,
  "hienTaiPE": 57.65354241700668,
  "minPS": 2.0488,
  "maxPS": 26.9587,
  "medianPS": 5.86,
  "hienTaiPS": 10.032957478977345
}