{
  "minPB": 2.5279,
  "maxPB": 4.698,
  "medianPB": 3.51,
  "hienTaiPB": 3.8520109606939528,
  "minPE": 9.471,
  "maxPE": 84.2439,
  "medianPE": 22.55,
  "hienTaiPE": 56.6845753175612,
  "minPS": 2.0488,
  "maxPS": 26.9912,
  "medianPS": 5.81,
  "hienTaiPS": 9.864336344876886
}