{
  "minPB": 2.5279,
  "maxPB": 4.698,
  "medianPB": 3.51,
  "hienTaiPB": 3.7532414488812873,
  "minPE": 9.471,
  "maxPE": 84.2439,
  "medianPE": 22.54,
  "hienTaiPE": 55.23112466839296,
  "minPS": 2.0519,
  "maxPS": 26.9261,
  "medianPS": 6.09,
  "hienTaiPS": 9.611404643726196
}