{
  "minPB": 2.5279,
  "maxPB": 4.698,
  "medianPB": 3.51,
  "hienTaiPB": 3.858595594814797,
  "minPE": 9.471,
  "maxPE": 84.2439,
  "medianPE": 22.54,
  "hienTaiPE": 56.78147202750574,
  "minPS": 2.0519,
  "maxPS": 26.9261,
  "medianPS": 6.05,
  "hienTaiPS": 9.881198458286931
}