{
  "minPB": 2.5279,
  "maxPB": 4.698,
  "medianPB": 3.51,
  "hienTaiPB": 3.819087790089731,
  "minPE": 9.471,
  "maxPE": 84.2439,
  "medianPE": 22.55,
  "hienTaiPE": 56.20009176783845,
  "minPS": 2.0488,
  "maxPS": 26.9912,
  "medianPS": 5.8,
  "hienTaiPS": 9.780025777826657
}