{
  "minPB": 2.5279,
  "maxPB": 4.698,
  "medianPB": 3.51,
  "hienTaiPB": 3.838841692452264,
  "minPE": 9.471,
  "maxPE": 84.2439,
  "medianPE": 22.56,
  "hienTaiPE": 56.4907818976721,
  "minPS": 2.0488,
  "maxPS": 26.9912,
  "medianPS": 5.81,
  "hienTaiPS": 9.830612118056793
}