{
  "minPB": 0.6473,
  "maxPB": 1.4838,
  "medianPB": 0.94,
  "hienTaiPB": 0.6359987717802317,
  "minPE": 5.5289,
  "maxPE": 29.2042,
  "medianPE": 14.03,
  "hienTaiPE": 8.994162358930655,
  "minPS": 0.3604,
  "maxPS": 0.7327,
  "medianPS": 0.46,
  "hienTaiPS": 0.3735997641046624
}