{
  "minPB": 0.6468,
  "maxPB": 1.4838,
  "medianPB": 0.94,
  "hienTaiPB": 0.6367256275194091,
  "minPE": 5.5289,
  "maxPE": 29.2042,
  "medianPE": 14.03,
  "hienTaiPE": 9.004441401626575,
  "minPS": 0.3604,
  "maxPS": 0.7327,
  "medianPS": 0.46,
  "hienTaiPS": 0.3740267352636391
}