{
  "minPB": 0.6468,
  "maxPB": 1.4838,
  "medianPB": 0.94,
  "hienTaiPB": 0.6759758374349891,
  "minPE": 5.5289,
  "maxPE": 29.2042,
  "medianPE": 13.99,
  "hienTaiPE": 9.559509707206296,
  "minPS": 0.3626,
  "maxPS": 0.7344,
  "medianPS": 0.47,
  "hienTaiPS": 0.39708317784838404
}