{
  "minPB": 0.6479,
  "maxPB": 1.4838,
  "medianPB": 0.94,
  "hienTaiPB": 0.6294570701276351,
  "minPE": 5.5289,
  "maxPE": 29.2042,
  "medianPE": 14.03,
  "hienTaiPE": 8.901650974667369,
  "minPS": 0.3604,
  "maxPS": 0.7327,
  "medianPS": 0.46,
  "hienTaiPS": 0.3697570236738716
}