{
  "minPB": 0.6468,
  "maxPB": 1.4838,
  "medianPB": 0.94,
  "hienTaiPB": 0.6250959356925706,
  "minPE": 5.5289,
  "maxPE": 29.2042,
  "medianPE": 14.03,
  "hienTaiPE": 8.839976718491844,
  "minPS": 0.3604,
  "maxPS": 0.7327,
  "medianPS": 0.46,
  "hienTaiPS": 0.367195196720011
}