{
  "minPB": 0.6468,
  "maxPB": 1.4838,
  "medianPB": 0.94,
  "hienTaiPB": 0.6941472309144243,
  "minPE": 5.5289,
  "maxPE": 29.2042,
  "medianPE": 14.01,
  "hienTaiPE": 9.816485774604315,
  "minPS": 0.3626,
  "maxPS": 0.7344,
  "medianPS": 0.47,
  "hienTaiPS": 0.40775745682280296
}