{
  "minPB": 0.3202,
  "maxPB": 2.5059,
  "medianPB": 0.57,
  "hienTaiPB": 0.784569819295216,
  "minPE": -171.1901,
  "maxPE": 2410.1943,
  "medianPE": 24.73,
  "hienTaiPE": 1022.9905940126968,
  "minPS": 0.4243,
  "maxPS": 295.7575,
  "medianPS": 12.53,
  "hienTaiPS": 50.47395588035493
}