{
  "minPB": 0.3204,
  "maxPB": 2.4977,
  "medianPB": 0.57,
  "hienTaiPB": 0.781997459231953,
  "minPE": -171.1901,
  "maxPE": 2347.0057,
  "medianPE": 24.79,
  "hienTaiPE": 1019.6365264913436,
  "minPS": 0.4243,
  "maxPS": 282.9658,
  "medianPS": 17.39,
  "hienTaiPS": 50.30846750041934
}