{
  "minPB": 0.3202,
  "maxPB": 2.5059,
  "medianPB": 0.57,
  "hienTaiPB": 0.80514869980132,
  "minPE": -171.1901,
  "maxPE": 2410.1943,
  "medianPE": 24.73,
  "hienTaiPE": 1049.8231341835215,
  "minPS": 0.4243,
  "maxPS": 295.7575,
  "medianPS": 12.53,
  "hienTaiPS": 51.79786291983965
}