{
  "minPB": 0.3202,
  "maxPB": 2.5059,
  "medianPB": 0.57,
  "hienTaiPB": 0.763990938789112,
  "minPE": -171.1901,
  "maxPE": 2410.1943,
  "medianPE": 24.72,
  "hienTaiPE": 996.158053841872,
  "minPS": 0.4243,
  "maxPS": 295.7575,
  "medianPS": 12.53,
  "hienTaiPS": 49.15004884087021
}