{
  "minPB": 0.3202,
  "maxPB": 2.5059,
  "medianPB": 0.57,
  "hienTaiPB": 0.7048266573340628,
  "minPE": -171.1901,
  "maxPE": 2410.1943,
  "medianPE": 24.67,
  "hienTaiPE": 919.0145008507506,
  "minPS": 0.4243,
  "maxPS": 280.0711,
  "medianPS": 18.11,
  "hienTaiPS": 45.34381610235164
}