{
  "minPB": 0.3202,
  "maxPB": 2.5059,
  "medianPB": 0.57,
  "hienTaiPB": 0.7305502579666928,
  "minPE": -171.1901,
  "maxPE": 2410.1943,
  "medianPE": 24.67,
  "hienTaiPE": 952.5551760642816,
  "minPS": 0.4243,
  "maxPS": 280.0711,
  "medianPS": 18.11,
  "hienTaiPS": 46.99869990170754
}