{
  "minPB": 0.3202,
  "maxPB": 2.5059,
  "medianPB": 0.57,
  "hienTaiPB": 0.7151160975871148,
  "minPE": -171.1901,
  "maxPE": 2410.1943,
  "medianPE": 24.71,
  "hienTaiPE": 932.430770936163,
  "minPS": 0.4243,
  "maxPS": 295.7575,
  "medianPS": 12.51,
  "hienTaiPS": 46.005769622094
}