{
  "minPB": 0.3204,
  "maxPB": 2.4977,
  "medianPB": 0.57,
  "hienTaiPB": 0.776852739105427,
  "minPE": -171.1901,
  "maxPE": 2347.0057,
  "medianPE": 24.75,
  "hienTaiPE": 1012.9283914486374,
  "minPS": 0.4243,
  "maxPS": 282.9658,
  "medianPS": 17.16,
  "hienTaiPS": 49.97749074054816
}