{
  "minPB": 0.9674,
  "maxPB": 4.0211,
  "medianPB": 2.24,
  "hienTaiPB": 0.8997718279104053,
  "minPE": 9.4169,
  "maxPE": 68.1243,
  "medianPE": 28.29,
  "hienTaiPE": 9.209597587272754,
  "minPS": 4.148,
  "maxPS": 17.191,
  "medianPS": 8.27,
  "hienTaiPS": 4.219710470955912
}