{
  "minPB": 0.9654,
  "maxPB": 4.0211,
  "medianPB": 2.24,
  "hienTaiPB": 0.9133226084512247,
  "minPE": 9.4169,
  "maxPE": 68.1243,
  "medianPE": 28.26,
  "hienTaiPE": 9.348296346117223,
  "minPS": 4.148,
  "maxPS": 17.191,
  "medianPS": 8.27,
  "hienTaiPS": 4.283260327446212
}