{
  "minPB": 0.9849,
  "maxPB": 4.0211,
  "medianPB": 2.24,
  "hienTaiPB": 0.8889312034777499,
  "minPE": 9.4449,
  "maxPE": 68.1244,
  "medianPE": 28.33,
  "hienTaiPE": 9.098638580197179,
  "minPS": 4.1261,
  "maxPS": 17.191,
  "medianPS": 8.19,
  "hienTaiPS": 4.168870585763672
}