{
  "minPB": 0.9626,
  "maxPB": 4.0211,
  "medianPB": 2.24,
  "hienTaiPB": 0.9350038573165357,
  "minPE": 9.4169,
  "maxPE": 68.1243,
  "medianPE": 28.21,
  "hienTaiPE": 9.570214360268373,
  "minPS": 4.148,
  "maxPS": 17.191,
  "medianPS": 8.26,
  "hienTaiPS": 4.384940097830691
}