{
  "minPB": 0.9849,
  "maxPB": 4.0211,
  "medianPB": 2.24,
  "hienTaiPB": 0.9133226084512247,
  "minPE": 9.4675,
  "maxPE": 68.1244,
  "medianPE": 28.34,
  "hienTaiPE": 9.348296346117223,
  "minPS": 4.1261,
  "maxPS": 17.191,
  "medianPS": 8.2,
  "hienTaiPS": 4.283260327446212
}