{
  "minPB": 0.9877,
  "maxPB": 4.0211,
  "medianPB": 2.24,
  "hienTaiPB": 0.9051921401267331,
  "minPE": 9.4728,
  "maxPE": 68.1244,
  "medianPE": 28.34,
  "hienTaiPE": 9.265077090810541,
  "minPS": 4.1261,
  "maxPS": 17.191,
  "medianPS": 8.2,
  "hienTaiPS": 4.245130413552032
}