{
  "minPB": 0.9849,
  "maxPB": 4.0211,
  "medianPB": 2.24,
  "hienTaiPB": 0.8997718279104053,
  "minPE": 9.4449,
  "maxPE": 68.1244,
  "medianPE": 28.34,
  "hienTaiPE": 9.209597587272754,
  "minPS": 4.1261,
  "maxPS": 17.191,
  "medianPS": 8.2,
  "hienTaiPS": 4.219710470955912
}