{
  "minPB": 0.2448,
  "maxPB": 3.1128,
  "medianPB": 1.07,
  "hienTaiPB": 1.5568621752660508,
  "minPE": -49.9028,
  "maxPE": 329.1896,
  "medianPE": 23.82,
  "hienTaiPE": 10.848292335912173,
  "minPS": 1.1343,
  "maxPS": 47.7848,
  "medianPS": 7.27,
  "hienTaiPS": 5.578938372323403
}