{
  "minPB": 1.4314,
  "maxPB": 1.737,
  "medianPB": 1.65,
  "hienTaiPB": 1.4314072794821078,
  "minPE": 2.6747,
  "maxPE": 10.5393,
  "medianPE": 2.78,
  "hienTaiPE": 9.974116441566848,
  "minPS": 1.1228,
  "maxPS": 47.1127,
  "medianPS": 11.74,
  "hienTaiPS": 5.129376976841965
}