{
  "minPB": 0.2448,
  "maxPB": 3.1128,
  "medianPB": 1.06,
  "hienTaiPB": 1.5713671023648028,
  "minPE": -49.9028,
  "maxPE": 329.1896,
  "medianPE": 23.82,
  "hienTaiPE": 10.949363382520051,
  "minPS": 1.1343,
  "maxPS": 47.7848,
  "medianPS": 7.28,
  "hienTaiPS": 5.630916059022068
}