{
  "minPB": 1.4302,
  "maxPB": 1.737,
  "medianPB": 1.64,
  "hienTaiPB": 1.464870400771334,
  "minPE": 2.6747,
  "maxPE": 10.5393,
  "medianPE": 2.79,
  "hienTaiPE": 10.207289119267477,
  "minPS": 1.1228,
  "maxPS": 47.1127,
  "medianPS": 11.41,
  "hienTaiPS": 5.249290411945026
}