{
  "minPB": 0.2448,
  "maxPB": 3.1128,
  "medianPB": 1.07,
  "hienTaiPB": 1.6031761530199606,
  "minPE": -49.9028,
  "maxPE": 329.1896,
  "medianPE": 23.82,
  "hienTaiPE": 11.17101041455487,
  "minPS": 1.1343,
  "maxPS": 47.7848,
  "medianPS": 7.2,
  "hienTaiPS": 5.744902214063001
}