{
  "minPB": 0.2448,
  "maxPB": 3.1128,
  "medianPB": 1.07,
  "hienTaiPB": 1.615899773282024,
  "minPE": -49.9028,
  "maxPE": 329.1896,
  "medianPE": 23.82,
  "hienTaiPE": 11.259669227368796,
  "minPS": 1.1343,
  "maxPS": 47.7848,
  "medianPS": 7.26,
  "hienTaiPS": 5.790496676079374
}