{
  "minPB": 1.4302,
  "maxPB": 1.737,
  "medianPB": 1.64,
  "hienTaiPB": 1.4495384383555479,
  "minPE": 2.6747,
  "maxPE": 10.5393,
  "medianPE": 2.79,
  "hienTaiPE": 10.100455249826695,
  "minPS": 1.1228,
  "maxPS": 47.1127,
  "medianPS": 11.55,
  "hienTaiPS": 5.194349085215297
}