{
  "minPB": 0.5699,
  "maxPB": 1.1705,
  "medianPB": 0.85,
  "hienTaiPB": 0.9750287804617015,
  "minPE": 4.2925,
  "maxPE": 14.3921,
  "medianPE": 7.18,
  "hienTaiPE": 15.200638947538009,
  "minPS": 0.1698,
  "maxPS": 0.3693,
  "medianPS": 0.29,
  "hienTaiPS": 0.303381730945732
}