{
  "minPB": 0.5699,
  "maxPB": 1.1705,
  "medianPB": 0.85,
  "hienTaiPB": 0.9668006894873412,
  "minPE": 4.2925,
  "maxPE": 14.455,
  "medianPE": 7.18,
  "hienTaiPE": 15.072363513381571,
  "minPS": 0.1698,
  "maxPS": 0.3693,
  "medianPS": 0.29,
  "hienTaiPS": 0.30082154756222373
}