{
  "minPB": 0.8477,
  "maxPB": 2.6499,
  "medianPB": 1.54,
  "hienTaiPB": 1.1322845757501252,
  "minPE": 3.5139,
  "maxPE": 25.1132,
  "medianPE": 7.67,
  "hienTaiPE": 11.36585896806585,
  "minPS": 0.7921,
  "maxPS": 3.1747,
  "medianPS": 1.76,
  "hienTaiPS": 1.8876924040929755
}