{
  "minPB": 0.8477,
  "maxPB": 2.6499,
  "medianPB": 1.54,
  "hienTaiPB": 1.1106878672208311,
  "minPE": 3.5139,
  "maxPE": 25.1132,
  "medianPE": 7.67,
  "hienTaiPE": 11.149071467312552,
  "minPS": 0.7921,
  "maxPS": 3.1916,
  "medianPS": 1.76,
  "hienTaiPS": 1.8516873718623192
}