{
  "minPB": 0.8461,
  "maxPB": 2.6499,
  "medianPB": 1.54,
  "hienTaiPB": 1.079835426464697,
  "minPE": 3.5139,
  "maxPE": 25.1614,
  "medianPE": 7.65,
  "hienTaiPE": 10.839375037664981,
  "minPS": 0.7845,
  "maxPS": 3.1975,
  "medianPS": 1.75,
  "hienTaiPS": 1.8002516115328104
}