{
  "minPB": 0.8461,
  "maxPB": 2.6499,
  "medianPB": 1.54,
  "hienTaiPB": 1.0921764027671506,
  "minPE": 3.5139,
  "maxPE": 25.1614,
  "medianPE": 7.65,
  "hienTaiPE": 10.96325360952401,
  "minPS": 0.7845,
  "maxPS": 3.1975,
  "medianPS": 1.75,
  "hienTaiPS": 1.820825915664614
}