{
  "minPB": 0.8461,
  "maxPB": 2.6499,
  "medianPB": 1.54,
  "hienTaiPB": 1.1137731112964446,
  "minPE": 3.5139,
  "maxPE": 25.1614,
  "medianPE": 7.65,
  "hienTaiPE": 11.180041110277308,
  "minPS": 0.7845,
  "maxPS": 3.1975,
  "medianPS": 1.75,
  "hienTaiPS": 1.8568309478952703
}