{
  "minPB": 0.8469,
  "maxPB": 2.6499,
  "medianPB": 1.54,
  "hienTaiPB": 1.1014321349939908,
  "minPE": 3.5139,
  "maxPE": 25.1373,
  "medianPE": 7.66,
  "hienTaiPE": 11.056162538418281,
  "minPS": 0.7921,
  "maxPS": 3.1916,
  "medianPS": 1.76,
  "hienTaiPS": 1.8362566437634666
}