{
  "minPB": 0.8461,
  "maxPB": 2.6499,
  "medianPB": 1.54,
  "hienTaiPB": 1.1415403079769653,
  "minPE": 3.5139,
  "maxPE": 25.1614,
  "medianPE": 7.66,
  "hienTaiPE": 11.458767896960122,
  "minPS": 0.7921,
  "maxPS": 3.1916,
  "medianPS": 1.76,
  "hienTaiPS": 1.9031231321918283
}