{
  "minPB": 0.8477,
  "maxPB": 2.6499,
  "medianPB": 1.54,
  "hienTaiPB": 1.123028843523285,
  "minPE": 3.5139,
  "maxPE": 25.1132,
  "medianPE": 7.67,
  "hienTaiPE": 11.27295003917158,
  "minPS": 0.7921,
  "maxPS": 3.1916,
  "medianPS": 1.76,
  "hienTaiPS": 1.8722616759941229
}