{
  "minPB": 6.586,
  "maxPB": 7.7623,
  "medianPB": 7.53,
  "hienTaiPB": 7.725503057195956,
  "minPE": 673.5652,
  "maxPE": 12228.3799,
  "medianPE": 770.05,
  "hienTaiPE": 12192.532730017047,
  "minPS": 0.1416,
  "maxPS": 0.8775,
  "medianPS": 0.23,
  "hienTaiPS": 3.5694468747712955
}