{
  "minPB": 0.7292,
  "maxPB": 8.4146,
  "medianPB": 1.28,
  "hienTaiPB": 7.64403943691116,
  "minPE": -2162.5621,
  "maxPE": 2950.8009,
  "medianPE": -16.64,
  "hienTaiPE": 4153.652939714307,
  "minPS": 0.1416,
  "maxPS": 0.8764,
  "medianPS": 0.22,
  "hienTaiPS": 0.8154681002546439
}