{
  "minPB": 0.7292,
  "maxPB": 8.4146,
  "medianPB": 1.28,
  "hienTaiPB": 7.717859017759045,
  "minPE": -2162.5621,
  "maxPE": 2937.2577,
  "medianPE": -16.78,
  "hienTaiPE": 4193.765359532119,
  "minPS": 0.1416,
  "maxPS": 0.8764,
  "medianPS": 0.22,
  "hienTaiPS": 0.8233431921942459
}