{
  "minPB": 6.586,
  "maxPB": 7.7623,
  "medianPB": 7.52,
  "hienTaiPB": 7.709559774941827,
  "minPE": 673.5652,
  "maxPE": 12220.1075,
  "medianPE": 769.29,
  "hienTaiPE": 12167.370745189884,
  "minPS": 0.1416,
  "maxPS": 0.8612,
  "medianPS": 0.23,
  "hienTaiPS": 3.562080532593411
}