{
  "minPB": 0.7292,
  "maxPB": 8.4146,
  "medianPB": 1.28,
  "hienTaiPB": 7.689466871279089,
  "minPE": -2162.5621,
  "maxPE": 2935.6417,
  "medianPE": -16.83,
  "hienTaiPE": 4178.337505756037,
  "minPS": 0.1416,
  "maxPS": 0.8764,
  "medianPS": 0.22,
  "hienTaiPS": 0.8203143106790143
}