{
  "minPB": 0.7292,
  "maxPB": 8.4146,
  "medianPB": 1.28,
  "hienTaiPB": 7.709559774941827,
  "minPE": -2162.5621,
  "maxPE": 2928.4084,
  "medianPE": -16.88,
  "hienTaiPE": 4189.255679197572,
  "minPS": 0.1416,
  "maxPS": 0.8764,
  "medianPS": 0.22,
  "hienTaiPS": 0.8224578268282551
}