{
  "minPB": 6.586,
  "maxPB": 7.7623,
  "medianPB": 7.52,
  "hienTaiPB": 7.74821677437992,
  "minPE": 673.5652,
  "maxPE": 12228.3799,
  "medianPE": 769.3,
  "hienTaiPE": 12228.379941277663,
  "minPS": 0.1416,
  "maxPS": 0.8632,
  "medianPS": 0.23,
  "hienTaiPS": 3.579941389654857
}