{
  "minPB": 0.7292,
  "maxPB": 8.4146,
  "medianPB": 1.28,
  "hienTaiPB": 7.731399887618716,
  "minPE": -2162.5621,
  "maxPE": 2937.8733,
  "medianPE": -16.75,
  "hienTaiPE": 4201.123259025328,
  "minPS": 0.1416,
  "maxPS": 0.8764,
  "medianPS": 0.22,
  "hienTaiPS": 0.8247877356861255
}