{
  "minPB": 6.586,
  "maxPB": 7.7623,
  "medianPB": 7.52,
  "hienTaiPB": 7.719824627899965,
  "minPE": 673.5652,
  "maxPE": 12228.3799,
  "medianPE": 769.31,
  "hienTaiPE": 12183.570927201892,
  "minPS": 0.1416,
  "maxPS": 0.8667,
  "medianPS": 0.23,
  "hienTaiPS": 3.5668232460504052
}