{
  "minPB": 0.7292,
  "maxPB": 8.4146,
  "medianPB": 1.28,
  "hienTaiPB": 7.665879549588049,
  "minPE": -2162.5621,
  "maxPE": 2940.3357,
  "medianPE": -16.68,
  "hienTaiPE": 4165.520519542062,
  "minPS": 0.1416,
  "maxPS": 0.8764,
  "medianPS": 0.22,
  "hienTaiPS": 0.8177980091125143
}