{
  "minPB": 0.7292,
  "maxPB": 8.4146,
  "medianPB": 1.28,
  "hienTaiPB": 7.658453911277907,
  "minPE": -2162.5621,
  "maxPE": 2931.1786,
  "medianPE": -16.88,
  "hienTaiPE": 4161.485542400625,
  "minPS": 0.1416,
  "maxPS": 0.8764,
  "medianPS": 0.22,
  "hienTaiPS": 0.8170058401008383
}