{
  "minPB": 0.7384,
  "maxPB": 2.545,
  "medianPB": 1.21,
  "hienTaiPB": 2.698717889913992,
  "minPE": 5.4728,
  "maxPE": 49.7953,
  "medianPE": 12.1,
  "hienTaiPE": 28.191112863170655,
  "minPS": 2.9639,
  "maxPS": 13.4205,
  "medianPS": 6.57,
  "hienTaiPS": 6.92490051466422
}