{
  "minPB": 0.7303,
  "maxPB": 2.544,
  "medianPB": 1.21,
  "hienTaiPB": 2.55243224728314,
  "minPE": 5.4357,
  "maxPE": 49.7953,
  "medianPE": 12.09,
  "hienTaiPE": 26.662996464980093,
  "minPS": 2.9639,
  "maxPS": 13.4552,
  "medianPS": 6.57,
  "hienTaiPS": 6.54953207555158
}