{
  "minPB": 0.7384,
  "maxPB": 2.545,
  "medianPB": 1.21,
  "hienTaiPB": 2.6482745648688706,
  "minPE": 5.4728,
  "maxPE": 49.7953,
  "medianPE": 12.1,
  "hienTaiPE": 27.664176174139428,
  "minPS": 2.9639,
  "maxPS": 13.4552,
  "medianPS": 6.57,
  "hienTaiPS": 6.795463121866758
}