{
  "minPB": 0.7384,
  "maxPB": 2.5459,
  "medianPB": 1.21,
  "hienTaiPB": 2.673496227391431,
  "minPE": 5.4728,
  "maxPE": 49.7953,
  "medianPE": 12.1,
  "hienTaiPE": 27.92764451865504,
  "minPS": 2.9639,
  "maxPS": 13.4205,
  "medianPS": 6.57,
  "hienTaiPS": 6.860181818265489
}