{
  "minPB": 0.7384,
  "maxPB": 2.544,
  "medianPB": 1.21,
  "hienTaiPB": 2.597831239823749,
  "minPE": 5.4728,
  "maxPE": 49.7953,
  "medianPE": 12.1,
  "hienTaiPE": 27.1372394851082,
  "minPS": 2.9639,
  "maxPS": 13.4552,
  "medianPS": 6.57,
  "hienTaiPS": 6.666025729069296
}