{
  "minPB": 0.7384,
  "maxPB": 2.544,
  "medianPB": 1.21,
  "hienTaiPB": 2.6028755723282613,
  "minPE": 5.4728,
  "maxPE": 49.7953,
  "medianPE": 12.1,
  "hienTaiPE": 27.18993315401132,
  "minPS": 2.9639,
  "maxPS": 13.4552,
  "medianPS": 6.57,
  "hienTaiPS": 6.678969468349042
}