{
  "minPB": 0.7303,
  "maxPB": 2.5423,
  "medianPB": 1.21,
  "hienTaiPB": 2.547387914778628,
  "minPE": 5.4357,
  "maxPE": 49.7953,
  "medianPE": 12.06,
  "hienTaiPE": 26.610302796076972,
  "minPS": 2.9528,
  "maxPS": 13.6511,
  "medianPS": 6.48,
  "hienTaiPS": 6.5365883362718336
}