{
  "minPB": 0.4526,
  "maxPB": 1.8641,
  "medianPB": 1.1,
  "hienTaiPB": 1.2628800559539655,
  "minPE": 2.8059,
  "maxPE": 29.5084,
  "medianPE": 9.61,
  "hienTaiPE": 9.975314650046682,
  "minPS": 0.2097,
  "maxPS": 1.2337,
  "medianPS": 0.55,
  "hienTaiPS": 0.9387039316207261
}