{
  "minPB": 0.4526,
  "maxPB": 1.8641,
  "medianPB": 1.09,
  "hienTaiPB": 1.2134936850507376,
  "minPE": 2.8059,
  "maxPE": 29.5084,
  "medianPE": 9.6,
  "hienTaiPE": 12.305054734586326,
  "minPS": 0.2097,
  "maxPS": 1.2275,
  "medianPS": 0.56,
  "hienTaiPS": 0.724078235554539
}