{
  "minPB": 0.4526,
  "maxPB": 1.8641,
  "medianPB": 1.1,
  "hienTaiPB": 1.312266426857193,
  "minPE": 2.8059,
  "maxPE": 29.5084,
  "medianPE": 9.61,
  "hienTaiPE": 10.365410753679793,
  "minPS": 0.2097,
  "maxPS": 1.2275,
  "medianPS": 0.56,
  "hienTaiPS": 0.9754130239187433
}