{
  "minPB": 0.4526,
  "maxPB": 1.8641,
  "medianPB": 1.1,
  "hienTaiPB": 1.3052112310138748,
  "minPE": 2.8059,
  "maxPE": 29.5084,
  "medianPE": 9.6,
  "hienTaiPE": 10.309682738875063,
  "minPS": 0.2097,
  "maxPS": 1.2275,
  "medianPS": 0.56,
  "hienTaiPS": 0.9701688678761694
}