{
  "minPB": 0.6044,
  "maxPB": 1.414,
  "medianPB": 0.8,
  "hienTaiPB": 0.7926537328453029,
  "minPE": 3.7074,
  "maxPE": 9.5305,
  "medianPE": 4.97,
  "hienTaiPE": 5.559764507436914,
  "minPS": 0.177,
  "maxPS": 0.3545,
  "medianPS": 0.24,
  "hienTaiPS": 0.23127630476334374
}