{
  "minPB": 0.6044,
  "maxPB": 1.414,
  "medianPB": 0.8,
  "hienTaiPB": 0.7887490346539467,
  "minPE": 3.7074,
  "maxPE": 9.5305,
  "medianPE": 4.97,
  "hienTaiPE": 5.5323765049372255,
  "minPS": 0.177,
  "maxPS": 0.3545,
  "medianPS": 0.24,
  "hienTaiPS": 0.2301370126216524
}