{
  "minPB": 0.6044,
  "maxPB": 1.414,
  "medianPB": 0.8,
  "hienTaiPB": 0.7809396382712344,
  "minPE": 3.7074,
  "maxPE": 9.5305,
  "medianPE": 4.96,
  "hienTaiPE": 5.4776004999378465,
  "minPS": 0.1779,
  "maxPS": 0.3555,
  "medianPS": 0.24,
  "hienTaiPS": 0.2278584283382697
}