{
  "minPB": 0.6044,
  "maxPB": 1.414,
  "medianPB": 0.8,
  "hienTaiPB": 0.8121772238020838,
  "minPE": 3.7074,
  "maxPE": 9.5305,
  "medianPE": 4.97,
  "hienTaiPE": 5.696704519935361,
  "minPS": 0.177,
  "maxPS": 0.3545,
  "medianPS": 0.24,
  "hienTaiPS": 0.2369727654718005
}