{
  "minPB": 1.1642,
  "maxPB": 4.1687,
  "medianPB": 2.07,
  "hienTaiPB": 1.2246440409273343,
  "minPE": 11.545,
  "maxPE": 30.4612,
  "medianPE": 16.52,
  "hienTaiPE": 14.274522861846194,
  "minPS": 0.4011,
  "maxPS": 1.0203,
  "medianPS": 0.53,
  "hienTaiPS": 0.5054219930564346
}