{
  "minPB": 1.1196,
  "maxPB": 1.178,
  "medianPB": 1.15,
  "hienTaiPB": 1.1706620054271366,
  "minPE": 13.2264,
  "maxPE": 13.9155,
  "medianPE": 13.6,
  "hienTaiPE": 13.829169687709443,
  "minPS": 0.4031,
  "maxPS": 1.1155,
  "medianPS": 0.53,
  "hienTaiPS": 0.47599008255781694
}