{
  "minPB": 1.1637,
  "maxPB": 4.1717,
  "medianPB": 2.08,
  "hienTaiPB": 1.3249898740767885,
  "minPE": 11.5311,
  "maxPE": 30.4612,
  "medianPE": 16.52,
  "hienTaiPE": 15.444159786138284,
  "minPS": 0.4011,
  "maxPS": 1.0203,
  "medianPS": 0.53,
  "hienTaiPS": 0.5468356522834057
}