{
  "minPB": 1.1642,
  "maxPB": 4.1687,
  "medianPB": 2.07,
  "hienTaiPB": 1.2058994892804873,
  "minPE": 11.545,
  "maxPE": 30.4612,
  "medianPE": 16.5,
  "hienTaiPE": 14.056035267022017,
  "minPS": 0.4011,
  "maxPS": 1.0203,
  "medianPS": 0.53,
  "hienTaiPS": 0.4976859421423055
}