{
  "minPB": 1.1642,
  "maxPB": 4.1687,
  "medianPB": 2.07,
  "hienTaiPB": 1.2433885925741812,
  "minPE": 11.545,
  "maxPE": 30.4612,
  "medianPE": 16.5,
  "hienTaiPE": 14.49301045667037,
  "minPS": 0.4011,
  "maxPS": 1.0203,
  "medianPS": 0.53,
  "hienTaiPS": 0.5131580439705637
}