{
  "minPB": 1.1642,
  "maxPB": 4.1687,
  "medianPB": 2.08,
  "hienTaiPB": 1.3308631669261337,
  "minPE": 11.545,
  "maxPE": 30.4612,
  "medianPE": 16.52,
  "hienTaiPE": 15.512619232516526,
  "minPS": 0.4011,
  "maxPS": 1.0203,
  "medianPS": 0.53,
  "hienTaiPS": 0.5492596149031662
}