{
  "minPB": 1.1642,
  "maxPB": 4.1687,
  "medianPB": 2.07,
  "hienTaiPB": 1.368977088608056,
  "minPE": 11.545,
  "maxPE": 30.4612,
  "medianPE": 16.52,
  "hienTaiPE": 15.956877341992353,
  "minPS": 0.4011,
  "maxPS": 1.0203,
  "medianPS": 0.53,
  "hienTaiPS": 0.5649895850952287
}