{
  "minPB": 1.1196,
  "maxPB": 1.1785,
  "medianPB": 1.15,
  "hienTaiPB": 1.20883613570516,
  "minPE": 13.2264,
  "maxPE": 13.9215,
  "medianPE": 13.6,
  "hienTaiPE": 14.540920975441011,
  "minPS": 0.4031,
  "maxPS": 1.1155,
  "medianPS": 0.53,
  "hienTaiPS": 0.500488050393809
}