{
  "minPB": -0.2888,
  "maxPB": -0.2675,
  "medianPB": -0.27,
  "hienTaiPB": -0.2866,
  "minPE": 0.7804,
  "maxPE": 1.0768,
  "medianPE": 0.81,
  "hienTaiPE": 1.0767712545036232,
  "minPS": 0.0532,
  "maxPS": 0.6697,
  "medianPS": 0.11,
  "hienTaiPS": 0.47295620371557057
}