{
  "minPB": -0.2888,
  "maxPB": -0.2675,
  "medianPB": -0.27,
  "hienTaiPB": -0.2866,
  "minPE": 0.7804,
  "maxPE": 0.8591,
  "medianPE": 0.81,
  "hienTaiPE": 0.8590931817822983,
  "minPS": 0.0532,
  "maxPS": 0.6697,
  "medianPS": 0.11,
  "hienTaiPS": 0.43591578999943337
}