{
  "minPB": -0.2678,
  "maxPB": 1.7297,
  "medianPB": 0,
  "hienTaiPB": -0.3506,
  "minPE": -2.9799,
  "maxPE": 14.9823,
  "medianPE": -0.14,
  "hienTaiPE": 1.2351199684012149,
  "minPS": 0.0532,
  "maxPS": 0.6645,
  "medianPS": 0.12,
  "hienTaiPS": 0.5425085866149192
}