{
  "minPB": 0.8827,
  "maxPB": 1.2567,
  "medianPB": 1.04,
  "hienTaiPB": 1.2566705454398661,
  "minPE": -1.3204,
  "maxPE": -1.0054,
  "medianPE": -1.14,
  "hienTaiPE": -1.1951,
  "minPS": 0.0358,
  "maxPS": 0.6064,
  "medianPS": 0.14,
  "hienTaiPS": 0.30485909947835665
}