{
  "minPB": 0.8827,
  "maxPB": 1.241,
  "medianPB": 1.04,
  "hienTaiPB": 1.1310034908958795,
  "minPE": -1.3204,
  "maxPE": -1.0054,
  "medianPE": -1.14,
  "hienTaiPE": -1.1743,
  "minPS": 0.0358,
  "maxPS": 0.6064,
  "medianPS": 0.14,
  "hienTaiPS": 0.274373189530521
}