{
  "minPB": -6.3784,
  "maxPB": 4.3009,
  "medianPB": 0.76,
  "hienTaiPB": 4.878564221086976,
  "minPE": -21.0671,
  "maxPE": 17.1842,
  "medianPE": 1,
  "hienTaiPE": -0.8536,
  "minPS": 0.0991,
  "maxPS": 0.2908,
  "medianPS": 0.14,
  "hienTaiPS": 0.3388013690219132
}