{
  "minPB": -6.3784,
  "maxPB": 4.2846,
  "medianPB": 0.76,
  "hienTaiPB": 1.1310034908958795,
  "minPE": -21.0671,
  "maxPE": 17.1842,
  "medianPE": 1,
  "hienTaiPE": -1.1539,
  "minPS": 0.0991,
  "maxPS": 0.2902,
  "medianPS": 0.14,
  "hienTaiPS": 0.274373189530521
}