{
  "minPB": 0.383,
  "maxPB": 1.0807,
  "medianPB": 0.68,
  "hienTaiPB": 0.5777546365896842,
  "minPE": 4.6391,
  "maxPE": 16.755,
  "medianPE": 8.96,
  "hienTaiPE": 9.391215327894601,
  "minPS": 0.1882,
  "maxPS": 0.9958,
  "medianPS": 0.44,
  "hienTaiPS": 0.9523587807158183
}