{
  "minPB": 0.383,
  "maxPB": 1.0808,
  "medianPB": 0.68,
  "hienTaiPB": 0.5777546365896842,
  "minPE": 4.6391,
  "maxPE": 16.9078,
  "medianPE": 8.96,
  "hienTaiPE": 9.391215327894601,
  "minPS": 0.1867,
  "maxPS": 0.9912,
  "medianPS": 0.43,
  "hienTaiPS": 0.9523587807158183
}