{
  "minPB": 0.383,
  "maxPB": 1.0808,
  "medianPB": 0.68,
  "hienTaiPB": 0.5720342936531526,
  "minPE": 4.6391,
  "maxPE": 16.9078,
  "medianPE": 8.96,
  "hienTaiPE": 9.298232997915447,
  "minPS": 0.1867,
  "maxPS": 0.9912,
  "medianPS": 0.43,
  "hienTaiPS": 0.9429294858572458
}