{
  "minPB": 0.383,
  "maxPB": 1.0808,
  "medianPB": 0.68,
  "hienTaiPB": 0.5708902250658463,
  "minPE": 4.6391,
  "maxPE": 16.9078,
  "medianPE": 8.96,
  "hienTaiPE": 9.279636531919616,
  "minPS": 0.1867,
  "maxPS": 0.9912,
  "medianPS": 0.43,
  "hienTaiPS": 0.9410436268855313
}