{
  "minPB": 0.383,
  "maxPB": 1.0807,
  "medianPB": 0.68,
  "hienTaiPB": 0.5863351509944814,
  "minPE": 4.6391,
  "maxPE": 16.755,
  "medianPE": 8.96,
  "hienTaiPE": 9.530688822863333,
  "minPS": 0.1876,
  "maxPS": 0.9958,
  "medianPS": 0.44,
  "hienTaiPS": 0.966502723003677
}