{
  "minPB": 0.2352,
  "maxPB": 1.0107,
  "medianPB": 0.63,
  "hienTaiPB": 0.5981358208652068,
  "minPE": -113.9748,
  "maxPE": 254.9067,
  "medianPE": 5.64,
  "hienTaiPE": 11.837646642095192,
  "minPS": 0.0603,
  "maxPS": 0.5311,
  "medianPS": 0.21,
  "hienTaiPS": 0.17228561989884694
}