{
  "minPB": 0.2352,
  "maxPB": 1.0107,
  "medianPB": 0.63,
  "hienTaiPB": 0.6180736815607136,
  "minPE": -113.9748,
  "maxPE": 254.9067,
  "medianPE": 5.64,
  "hienTaiPE": 12.232234863498364,
  "minPS": 0.0603,
  "maxPS": 0.5311,
  "medianPS": 0.21,
  "hienTaiPS": 0.1780284738954752
}