{
  "minPB": 0.2352,
  "maxPB": 1.0121,
  "medianPB": 0.63,
  "hienTaiPB": 0.5781979601696998,
  "minPE": -113.9748,
  "maxPE": 254.9067,
  "medianPE": 5.64,
  "hienTaiPE": 11.443058420692019,
  "minPS": 0.0609,
  "maxPS": 0.4964,
  "medianPS": 0.21,
  "hienTaiPS": 0.16654276590221873
}