{
  "minPB": 0.5296,
  "maxPB": 3.5566,
  "medianPB": 1.19,
  "hienTaiPB": 0.4201928191269841,
  "minPE": 0,
  "maxPE": 90.1948,
  "medianPE": 16.62,
  "hienTaiPE": -24.0594,
  "minPS": 0.4219,
  "maxPS": 1.9964,
  "medianPS": 0.64,
  "hienTaiPS": 0.6981629558563933
}