{
  "minPB": 0.3608,
  "maxPB": 1.2476,
  "medianPB": 0.55,
  "hienTaiPB": 0.3562504336076604,
  "minPE": 21.9413,
  "maxPE": 29.8821,
  "medianPE": 24.59,
  "hienTaiPE": 27.885542530539265,
  "minPS": 0.4152,
  "maxPS": 1.9964,
  "medianPS": 0.6,
  "hienTaiPS": 0.5919207669217248
}