{
  "minPB": 0.5296,
  "maxPB": 3.5566,
  "medianPB": 1.18,
  "hienTaiPB": 0.383654313115942,
  "minPE": 0,
  "maxPE": 90.1948,
  "medianPE": 16.72,
  "hienTaiPE": -20.5316,
  "minPS": 0.4219,
  "maxPS": 1.9964,
  "medianPS": 0.63,
  "hienTaiPS": 0.6374531336080113
}