{
  "minPB": 0.5296,
  "maxPB": 3.5566,
  "medianPB": 1.18,
  "hienTaiPB": 0.3705461240844806,
  "minPE": 0,
  "maxPE": 90.2448,
  "medianPE": 16.73,
  "hienTaiPE": -18.9667,
  "minPS": 0.4219,
  "maxPS": 1.9964,
  "medianPS": 0.63,
  "hienTaiPS": 0.6156734848764043
}