{
  "minPB": 0.3608,
  "maxPB": 1.2596,
  "medianPB": 0.55,
  "hienTaiPB": 0.35661581866777087,
  "minPE": 21.6272,
  "maxPE": 29.8821,
  "medianPE": 24.56,
  "hienTaiPE": -19.0761,
  "minPS": 0.4152,
  "maxPS": 1.9964,
  "medianPS": 0.6,
  "hienTaiPS": 0.5925278651442086
}