{
  "minPB": 0.5291,
  "maxPB": 3.5577,
  "medianPB": 1.18,
  "hienTaiPB": 0.3431422445761991,
  "minPE": 0,
  "maxPE": 90.2948,
  "medianPE": 16.74,
  "hienTaiPE": -19.0965,
  "minPS": 0.4202,
  "maxPS": 2.0079,
  "medianPS": 0.63,
  "hienTaiPS": 0.5701411181901177
}