{
  "minPB": 0.2551,
  "maxPB": 1.0629,
  "medianPB": 0.55,
  "hienTaiPB": 0.5155336560169477,
  "minPE": 5.4526,
  "maxPE": 1731.6231,
  "medianPE": 31.43,
  "hienTaiPE": 213.97944465838307,
  "minPS": 0.0695,
  "maxPS": 0.2816,
  "medianPS": 0.19,
  "hienTaiPS": 0.2570076400333862
}