{
  "minPB": 0.4816,
  "maxPB": 0.5465,
  "medianPB": 0.51,
  "hienTaiPB": 0.4879157815874684,
  "minPE": 202.5163,
  "maxPE": 254.7477,
  "medianPE": 237.48,
  "hienTaiPE": 202.51626012311254,
  "minPS": 0.0713,
  "maxPS": 0.2816,
  "medianPS": 0.2,
  "hienTaiPS": 0.24323937360302625
}