{
  "minPB": 0.7356,
  "maxPB": 1.2988,
  "medianPB": 1.07,
  "hienTaiPB": 1.3237629359335383,
  "minPE": 21.1313,
  "maxPE": 37.31,
  "medianPE": 30.71,
  "hienTaiPE": 37.31000328003938,
  "minPS": 0.7843,
  "maxPS": 7.3382,
  "medianPS": 2.08,
  "hienTaiPS": 7.15554739946946
}