{
  "minPB": 0.7356,
  "maxPB": 1.3238,
  "medianPB": 1.07,
  "hienTaiPB": 1.3237629359335383,
  "minPE": 21.1313,
  "maxPE": 37.6725,
  "medianPE": 30.71,
  "hienTaiPE": 37.67251832509383,
  "minPS": 0.7843,
  "maxPS": 7.7501,
  "medianPS": 2.08,
  "hienTaiPS": 8.034212211085114
}