{
  "minPB": 0.6277,
  "maxPB": 2.6667,
  "medianPB": 1.16,
  "hienTaiPB": 1.3237629359335383,
  "minPE": -475.6626,
  "maxPE": 824.5351,
  "medianPE": 11.43,
  "hienTaiPE": 37.67251832509383,
  "minPS": 0.7843,
  "maxPS": 7.7501,
  "medianPS": 2.22,
  "hienTaiPS": 8.034212211085114
}