{
  "minPB": 0.5689,
  "maxPB": 1.0224,
  "medianPB": 0.68,
  "hienTaiPB": 0.6711778573497352,
  "minPE": -16.012,
  "maxPE": 225.9067,
  "medianPE": 9.16,
  "hienTaiPE": 6.391453395179059,
  "minPS": 0.0986,
  "maxPS": 0.285,
  "medianPS": 0.17,
  "hienTaiPS": 0.08764166375844264
}