{
  "minPB": 0.5689,
  "maxPB": 1.0224,
  "medianPB": 0.68,
  "hienTaiPB": 0.6472072195872447,
  "minPE": -16.012,
  "maxPE": 225.9067,
  "medianPE": 9.16,
  "hienTaiPE": 6.163187202494092,
  "minPS": 0.0991,
  "maxPS": 0.285,
  "medianPS": 0.17,
  "hienTaiPS": 0.08451160433849826
}