{
  "minPB": 0.5689,
  "maxPB": 1.0224,
  "medianPB": 0.68,
  "hienTaiPB": 0.6631876447622383,
  "minPE": -16.012,
  "maxPE": 225.9067,
  "medianPE": 9.12,
  "hienTaiPE": 6.31536466428407,
  "minPS": 0.0979,
  "maxPS": 0.285,
  "medianPS": 0.17,
  "hienTaiPS": 0.08659831061846118
}