{
  "minPB": 0.3292,
  "maxPB": 1.0891,
  "medianPB": 0.54,
  "hienTaiPB": 0.5181571693649786,
  "minPE": -68.4635,
  "maxPE": 52.5575,
  "medianPE": 6.6,
  "hienTaiPE": 1017.5403178036449,
  "minPS": 0,
  "maxPS": 18.4197,
  "medianPS": 2.85,
  "hienTaiPS": 0
}