{
  "minPB": 0.3292,
  "maxPB": 1.0891,
  "medianPB": 0.54,
  "hienTaiPB": 0.506380870061229,
  "minPE": -68.4635,
  "maxPE": 51.1144,
  "medianPE": 6.6,
  "hienTaiPE": 994.4144014899257,
  "minPS": 0,
  "maxPS": 18.4197,
  "medianPS": 2.85,
  "hienTaiPS": 0
}