{
  "minPB": 0.3292,
  "maxPB": 1.0891,
  "medianPB": 0.54,
  "hienTaiPB": 0.5652623665799766,
  "minPE": -68.4635,
  "maxPE": 52.4056,
  "medianPE": 6.6,
  "hienTaiPE": 1110.0439830585217,
  "minPS": 0,
  "maxPS": 18.4197,
  "medianPS": 2.85,
  "hienTaiPS": 0
}