{
  "minPB": 0.3292,
  "maxPB": 1.0891,
  "medianPB": 0.54,
  "hienTaiPB": 0.47105,
  "minPE": -68.4635,
  "maxPE": 50.8866,
  "medianPE": 6.6,
  "hienTaiPE": 925.03665,
  "minPS": 0.0991,
  "maxPS": 18.7964,
  "medianPS": 5.6,
  "hienTaiPS": 14.6599
}