{
  "minPB": 0.3292,
  "maxPB": 1.0891,
  "medianPB": 0.54,
  "hienTaiPB": 0.48282827145373003,
  "minPE": -68.4635,
  "maxPE": 52.6614,
  "medianPE": 6.6,
  "hienTaiPE": 948.1625688624873,
  "minPS": 0,
  "maxPS": 18.4197,
  "medianPS": 2.85,
  "hienTaiPS": 0
}