{
  "minPB": 0.3192,
  "maxPB": 1.2923,
  "medianPB": 0.57,
  "hienTaiPB": 1.154858063865693,
  "minPE": 4.0693,
  "maxPE": 37.1555,
  "medianPE": 8.39,
  "hienTaiPE": 12.339766062791165,
  "minPS": 0.1997,
  "maxPS": 1.076,
  "medianPS": 0.47,
  "hienTaiPS": 1.2065211151177944
}