{
  "minPB": 0.3192,
  "maxPB": 1.2941,
  "medianPB": 0.57,
  "hienTaiPB": 1.0318554298444949,
  "minPE": 4.0693,
  "maxPE": 37.1555,
  "medianPE": 8.38,
  "hienTaiPE": 11.025471452553052,
  "minPS": 0.1997,
  "maxPS": 1.0419,
  "medianPS": 0.46,
  "hienTaiPS": 1.0780159075904552
}