{
  "minPB": 0.3192,
  "maxPB": 1.2941,
  "medianPB": 0.57,
  "hienTaiPB": 1.014771730674884,
  "minPE": 4.0693,
  "maxPE": 37.1555,
  "medianPE": 8.38,
  "hienTaiPE": 10.842930534464426,
  "minPS": 0.1997,
  "maxPS": 1.0441,
  "medianPS": 0.46,
  "hienTaiPS": 1.060167962100547
}