{
  "minPB": 0.3192,
  "maxPB": 1.2923,
  "medianPB": 0.57,
  "hienTaiPB": 1.1446078443639263,
  "minPE": 4.0693,
  "maxPE": 37.1555,
  "medianPE": 8.39,
  "hienTaiPE": 12.230241511937988,
  "minPS": 0.1997,
  "maxPS": 1.0699,
  "medianPS": 0.47,
  "hienTaiPS": 1.1958123478238494
}