{
  "minPB": 0.3192,
  "maxPB": 1.2941,
  "medianPB": 0.57,
  "hienTaiPB": 1.0626060883497943,
  "minPE": 4.0693,
  "maxPE": 37.1555,
  "medianPE": 8.39,
  "hienTaiPE": 11.354045105112581,
  "minPS": 0.1997,
  "maxPS": 1.0677,
  "medianPS": 0.47,
  "hienTaiPS": 1.11014220947229
}