{
  "minPB": 0.3192,
  "maxPB": 1.2941,
  "medianPB": 0.57,
  "hienTaiPB": 1.018188470508806,
  "minPE": 4.0693,
  "maxPE": 37.1555,
  "medianPE": 8.38,
  "hienTaiPE": 10.87943871808215,
  "minPS": 0.1997,
  "maxPS": 1.0423,
  "medianPS": 0.46,
  "hienTaiPS": 1.0637375511985288
}