{
  "minPB": 0.3192,
  "maxPB": 1.2923,
  "medianPB": 0.57,
  "hienTaiPB": 1.2026924215406032,
  "minPE": 4.0693,
  "maxPE": 37.1555,
  "medianPE": 8.39,
  "hienTaiPE": 12.850880633439319,
  "minPS": 0.1997,
  "maxPS": 1.0731,
  "medianPS": 0.47,
  "hienTaiPS": 1.2564953624895372
}