{
  "minPB": 0.3192,
  "maxPB": 1.2923,
  "medianPB": 0.57,
  "hienTaiPB": 1.1343576248621599,
  "minPE": 4.0693,
  "maxPE": 37.1555,
  "medianPE": 8.39,
  "hienTaiPE": 12.120716961084813,
  "minPS": 0.1997,
  "maxPS": 1.0689,
  "medianPS": 0.47,
  "hienTaiPS": 1.1851035805299044
}