{
  "minPB": 2.1169,
  "maxPB": 11.7863,
  "medianPB": 6.42,
  "hienTaiPB": 11.50736443164323,
  "minPE": 10.8726,
  "maxPE": 47.7269,
  "medianPE": 21.55,
  "hienTaiPE": 47.9076050820101,
  "minPS": 0.1394,
  "maxPS": 1.5731,
  "medianPS": 0.47,
  "hienTaiPS": 0.8836182063637833
}