{
  "minPB": 2.1169,
  "maxPB": 11.8519,
  "medianPB": 6.44,
  "hienTaiPB": 11.767158847762666,
  "minPE": 10.8726,
  "maxPE": 48,
  "medianPE": 21.57,
  "hienTaiPE": 48.98918447961192,
  "minPS": 0.1385,
  "maxPS": 1.5766,
  "medianPS": 0.46,
  "hienTaiPS": 0.903567090172793
}