{
  "minPB": 2.1169,
  "maxPB": 11.8519,
  "medianPB": 6.44,
  "hienTaiPB": 11.62962062746414,
  "minPE": 10.8726,
  "maxPE": 48.2048,
  "medianPE": 21.58,
  "hienTaiPE": 48.41658362205801,
  "minPS": 0.1385,
  "maxPS": 1.5766,
  "medianPS": 0.46,
  "hienTaiPS": 0.8930059163915526
}