{
  "minPB": 2.1169,
  "maxPB": 11.8519,
  "medianPB": 6.45,
  "hienTaiPB": 11.759517835523859,
  "minPE": 10.8726,
  "maxPE": 48.3848,
  "medianPE": 21.59,
  "hienTaiPE": 48.95737332085893,
  "minPS": 0.1385,
  "maxPS": 1.5766,
  "medianPS": 0.47,
  "hienTaiPS": 0.9029803582960574
}