{
  "minPB": 2.1169,
  "maxPB": 11.7863,
  "medianPB": 6.42,
  "hienTaiPB": 12.370798814628413,
  "minPE": 10.8726,
  "maxPE": 47.1124,
  "medianPE": 21.55,
  "hienTaiPE": 51.50226602109851,
  "minPS": 0.1394,
  "maxPS": 1.5731,
  "medianPS": 0.47,
  "hienTaiPS": 0.9499189084349038
}