{
  "minPB": 2.1169,
  "maxPB": 11.8519,
  "medianPB": 6.44,
  "hienTaiPB": 11.919979092538805,
  "minPE": 10.8726,
  "maxPE": 47.9076,
  "medianPE": 21.57,
  "hienTaiPE": 49.62540765467182,
  "minPS": 0.1385,
  "maxPS": 1.5766,
  "medianPS": 0.46,
  "hienTaiPS": 0.9153017277075046
}