{
  "minPB": 2.1169,
  "maxPB": 11.7539,
  "medianPB": 6.42,
  "hienTaiPB": 12.340234765673186,
  "minPE": 10.8726,
  "maxPE": 47.1124,
  "medianPE": 21.54,
  "hienTaiPE": 51.37502138608653,
  "minPS": 0.1394,
  "maxPS": 1.5731,
  "medianPS": 0.47,
  "hienTaiPS": 0.9475719809279615
}