{
  "minPB": 2.1169,
  "maxPB": 11.8519,
  "medianPB": 6.44,
  "hienTaiPB": 11.813004921195507,
  "minPE": 10.8726,
  "maxPE": 47.9317,
  "medianPE": 21.57,
  "hienTaiPE": 49.180051432129886,
  "minPS": 0.1385,
  "maxPS": 1.5766,
  "medianPS": 0.46,
  "hienTaiPS": 0.9070874814332065
}