{
  "minPB": 2.1169,
  "maxPB": 11.8519,
  "medianPB": 6.45,
  "hienTaiPB": 11.270493052240216,
  "minPE": 10.8726,
  "maxPE": 48.3072,
  "medianPE": 21.58,
  "hienTaiPE": 46.92145916066726,
  "minPS": 0.1385,
  "maxPS": 1.5766,
  "medianPS": 0.46,
  "hienTaiPS": 0.8654295181849803
}