{
  "minPB": 4.3433,
  "maxPB": 5.1491,
  "medianPB": 4.38,
  "hienTaiPB": 4.343279083316726,
  "minPE": -65.9602,
  "maxPE": 200.0687,
  "medianPE": -56.14,
  "hienTaiPE": 200.0686737205635,
  "minPS": 5.3724,
  "maxPS": 15.1511,
  "medianPS": 8.78,
  "hienTaiPS": 4.563438740707071
}