{
  "minPB": 1.1705,
  "maxPB": 1.3905,
  "medianPB": 1.24,
  "hienTaiPB": 1.2572523056351819,
  "minPE": 9.6892,
  "maxPE": 11.5106,
  "medianPE": 10.29,
  "hienTaiPE": 10.40192373097622,
  "minPS": 0.0677,
  "maxPS": 0.6891,
  "medianPS": 0.11,
  "hienTaiPS": 0.08821969455825238
}