{
  "minPB": 1.1705,
  "maxPB": 1.3905,
  "medianPB": 1.24,
  "hienTaiPB": 1.2410631173758027,
  "minPE": 9.6892,
  "maxPE": 11.6116,
  "medianPE": 10.29,
  "hienTaiPE": 12.488023856712067,
  "minPS": 0.0677,
  "maxPS": 0.6891,
  "medianPS": 0.11,
  "hienTaiPS": 0.08849224441600226
}