{
  "minPB": -3.5076,
  "maxPB": 68.2525,
  "medianPB": 2.67,
  "hienTaiPB": 1.293519195343656,
  "minPE": -99.9199,
  "maxPE": 13.3602,
  "medianPE": 1.64,
  "hienTaiPE": 13.01585579686128,
  "minPS": 0.068,
  "maxPS": 0.7271,
  "medianPS": 0.12,
  "hienTaiPS": 0.09223255061610226
}