{
  "minPB": 1.1705,
  "maxPB": 1.3905,
  "medianPB": 1.24,
  "hienTaiPB": 1.288035150828835,
  "minPE": 9.6892,
  "maxPE": 12.488,
  "medianPE": 10.32,
  "hienTaiPE": 12.96067336675477,
  "minPS": 0.0677,
  "maxPS": 0.6891,
  "medianPS": 0.11,
  "hienTaiPS": 0.09184151860427361
}