{
  "minPB": -3.5076,
  "maxPB": 68.2525,
  "medianPB": 2.68,
  "hienTaiPB": 1.296022780883031,
  "minPE": -99.9199,
  "maxPE": 13.3602,
  "medianPE": 1.64,
  "hienTaiPE": 13.041047775822946,
  "minPS": 0.0678,
  "maxPS": 0.7275,
  "medianPS": 0.12,
  "hienTaiPS": 0.09241106523019794
}