{
  "minPB": -3.5076,
  "maxPB": 68.2525,
  "medianPB": 2.68,
  "hienTaiPB": 1.326661899150618,
  "minPE": -99.9199,
  "maxPE": 13.3493,
  "medianPE": 1.64,
  "hienTaiPE": 13.349349613591919,
  "minPS": 0.0676,
  "maxPS": 0.728,
  "medianPS": 0.12,
  "hienTaiPS": 0.09459574407889271
}