{
  "minPB": 0.3591,
  "maxPB": 2.9913,
  "medianPB": 0.7,
  "hienTaiPB": 1.7420710777590933,
  "minPE": -138.5939,
  "maxPE": 99.7213,
  "medianPE": -2.75,
  "hienTaiPE": -4.6719,
  "minPS": 0.3959,
  "maxPS": 5.6053,
  "medianPS": 2.07,
  "hienTaiPS": 3.095035647949491
}