{
  "minPB": 1.8741,
  "maxPB": 2.1891,
  "medianPB": 2.08,
  "hienTaiPB": 2.078848503954253,
  "minPE": -4.7437,
  "maxPE": -4.0612,
  "medianPE": -4.5,
  "hienTaiPE": -4.5048,
  "minPS": 0.3271,
  "maxPS": 5.5701,
  "medianPS": 0.71,
  "hienTaiPS": 3.0493832364765994
}