{
  "minPB": 0,
  "maxPB": 2.043,
  "medianPB": 0.51,
  "hienTaiPB": 0.9361084035246292,
  "minPE": -24.0094,
  "maxPE": 151.3503,
  "medianPE": 8.4,
  "hienTaiPE": -54.4559,
  "minPS": 0,
  "maxPS": 0.2296,
  "medianPS": 0.09,
  "hienTaiPS": 0.27289323665333287
}