{
  "minPB": 0.2925,
  "maxPB": 2.2511,
  "medianPB": 0.58,
  "hienTaiPB": 0.8653102889723463,
  "minPE": -24.0094,
  "maxPE": 154.3471,
  "medianPE": 9.52,
  "hienTaiPE": -48.2069,
  "minPS": 0.0315,
  "maxPS": 0.227,
  "medianPS": 0.09,
  "hienTaiPS": 0.25225425236862703
}