{
  "minPB": 0,
  "maxPB": 2.043,
  "medianPB": 0.51,
  "hienTaiPB": 0.9754406893870086,
  "minPE": -24.0094,
  "maxPE": 151.3503,
  "medianPE": 8.4,
  "hienTaiPE": -53.1168,
  "minPS": 0,
  "maxPS": 0.2275,
  "medianPS": 0.09,
  "hienTaiPS": 0.284359339033725
}