{
  "minPB": 0,
  "maxPB": 2.043,
  "medianPB": 0.51,
  "hienTaiPB": 1.069838175456719,
  "minPE": -24.5096,
  "maxPE": 151.3503,
  "medianPE": 8.4,
  "hienTaiPE": -60.705,
  "minPS": 0,
  "maxPS": 0.2309,
  "medianPS": 0.09,
  "hienTaiPS": 0.3118779847466661
}