{
  "minPB": 0,
  "maxPB": 2.043,
  "medianPB": 0.51,
  "hienTaiPB": 1.0855710898016708,
  "minPE": -24.0094,
  "maxPE": 151.3503,
  "medianPE": 8.4,
  "hienTaiPE": -57.5804,
  "minPS": 0,
  "maxPS": 0.2301,
  "medianPS": 0.09,
  "hienTaiPS": 0.316464425698823
}