{
  "minPB": 0.2925,
  "maxPB": 2.2511,
  "medianPB": 0.59,
  "hienTaiPB": 0.9361084035246292,
  "minPE": -24.5096,
  "maxPE": 154.3471,
  "medianPE": 9.52,
  "hienTaiPE": -54.0096,
  "minPS": 0.0315,
  "maxPS": 0.2311,
  "medianPS": 0.1,
  "hienTaiPS": 0.27289323665333287
}