{
  "minPB": 0,
  "maxPB": 2.043,
  "medianPB": 0.51,
  "hienTaiPB": 0.9597077750420568,
  "minPE": -24.0094,
  "maxPE": 151.3503,
  "medianPE": 8.4,
  "hienTaiPE": -55.3486,
  "minPS": 0,
  "maxPS": 0.2288,
  "medianPS": 0.09,
  "hienTaiPS": 0.27977289808156813
}