{
  "minPB": 1.2976,
  "maxPB": 1.3787,
  "medianPB": 1.3,
  "hienTaiPB": 2.093675885174927,
  "minPE": -1.7642,
  "maxPE": -1.6604,
  "medianPE": -1.66,
  "hienTaiPE": -1.7642,
  "minPS": 0.3068,
  "maxPS": 1.837,
  "medianPS": 0.89,
  "hienTaiPS": 1.0848048496632818
}