{
  "minPB": 0,
  "maxPB": 2.4869,
  "medianPB": 0.75,
  "hienTaiPB": 1.610049379075476,
  "minPE": 0,
  "maxPE": 22.3266,
  "medianPE": 8.68,
  "hienTaiPE": 21.539980058910963,
  "minPS": 0.0744,
  "maxPS": 0.3904,
  "medianPS": 0.15,
  "hienTaiPS": 0.3718799996751356
}