{
  "minPB": 0,
  "maxPB": 2.4869,
  "medianPB": 0.75,
  "hienTaiPB": 1.600742735265791,
  "minPE": 0,
  "maxPE": 22.3266,
  "medianPE": 8.69,
  "hienTaiPE": 21.41547150365714,
  "minPS": 0.0744,
  "maxPS": 0.3904,
  "medianPS": 0.16,
  "hienTaiPS": 0.36973040430129084
}