{
  "minPB": 0,
  "maxPB": 2.4869,
  "medianPB": 0.75,
  "hienTaiPB": 1.5821294476464214,
  "minPE": 0,
  "maxPE": 22.3266,
  "medianPE": 8.7,
  "hienTaiPE": 21.1664543931495,
  "minPS": 0.0744,
  "maxPS": 0.3904,
  "medianPS": 0.16,
  "hienTaiPS": 0.3654312135536014
}