{
  "minPB": 0,
  "maxPB": 2.4869,
  "medianPB": 0.75,
  "hienTaiPB": 1.591436091456106,
  "minPE": 0,
  "maxPE": 22.3266,
  "medianPE": 8.7,
  "hienTaiPE": 21.290962948403322,
  "minPS": 0.0752,
  "maxPS": 0.2674,
  "medianPS": 0.13,
  "hienTaiPS": 0.3675808089274461
}