{
  "minPB": 0,
  "maxPB": 2.4723,
  "medianPB": 0.75,
  "hienTaiPB": 1.610049379075476,
  "minPE": 0,
  "maxPE": 22.1905,
  "medianPE": 8.7,
  "hienTaiPE": 21.539980058910963,
  "minPS": 0,
  "maxPS": 0.2656,
  "medianPS": 0.11,
  "hienTaiPS": 0.3718799996751356
}