{
  "minPB": 0,
  "maxPB": 2.4869,
  "medianPB": 0.75,
  "hienTaiPB": 1.5728228038367364,
  "minPE": 0,
  "maxPE": 22.3266,
  "medianPE": 8.7,
  "hienTaiPE": 21.04194583789568,
  "minPS": 0.0744,
  "maxPS": 0.3904,
  "medianPS": 0.16,
  "hienTaiPS": 0.3632816181797567
}