{
  "minPB": 0,
  "maxPB": 2.4723,
  "medianPB": 0.75,
  "hienTaiPB": 1.6472759543142153,
  "minPE": 0,
  "maxPE": 22.1905,
  "medianPE": 8.7,
  "hienTaiPE": 22.038014279926244,
  "minPS": 0,
  "maxPS": 0.2656,
  "medianPS": 0.11,
  "hienTaiPS": 0.3804783811705144
}