{
  "minPB": 0,
  "maxPB": 2.4723,
  "medianPB": 0.75,
  "hienTaiPB": 1.7217291047916938,
  "minPE": 0,
  "maxPE": 22.1905,
  "medianPE": 8.7,
  "hienTaiPE": 23.03408272195681,
  "minPS": 0,
  "maxPS": 0.2656,
  "medianPS": 0.11,
  "hienTaiPS": 0.39767514416127214
}