{
  "minPB": 1.4793,
  "maxPB": 4.4346,
  "medianPB": 4.05,
  "hienTaiPB": 1.7084133515281859,
  "minPE": -1744.3039,
  "maxPE": 443.2357,
  "medianPE": -10.03,
  "hienTaiPE": -16.0063,
  "minPS": 10.8078,
  "maxPS": 39.3721,
  "medianPS": 22.11,
  "hienTaiPS": 22.659234924876866
}