{
  "minPB": 1.2646,
  "maxPB": 1.5186,
  "medianPB": 1.48,
  "hienTaiPB": 1.7084133515281859,
  "minPE": -34.3495,
  "maxPE": -12.5679,
  "medianPE": -34.07,
  "hienTaiPE": -12.5679,
  "minPS": 10.8103,
  "maxPS": 39.3034,
  "medianPS": 20.62,
  "hienTaiPS": 22.659234924876866
}