{
  "minPB": 0.923,
  "maxPB": 1.2182,
  "medianPB": 1.02,
  "hienTaiPB": 0.9575046334454801,
  "minPE": 4.1735,
  "maxPE": 5.5084,
  "medianPE": 4.71,
  "hienTaiPE": 4.908702862429507,
  "minPS": 0.0871,
  "maxPS": 0.1778,
  "medianPS": 0.12,
  "hienTaiPS": 0.08684990253405184
}