{
  "minPB": 0,
  "maxPB": 1.7567,
  "medianPB": 1.45,
  "hienTaiPB": 0.9801310168218031,
  "minPE": 0,
  "maxPE": 23.3876,
  "medianPE": 13.13,
  "hienTaiPE": 5.024698324974816,
  "minPS": 0.0871,
  "maxPS": 0.1778,
  "medianPS": 0.12,
  "hienTaiPS": 0.08890221551749981
}