{
  "minPB": 0,
  "maxPB": 1.7707,
  "medianPB": 1.45,
  "hienTaiPB": 0.9758009003266039,
  "minPE": 0,
  "maxPE": 23.3876,
  "medianPE": 13.13,
  "hienTaiPE": 5.002499732412237,
  "minPS": 0.0871,
  "maxPS": 0.1778,
  "medianPS": 0.12,
  "hienTaiPS": 0.08850945481177257
}