{
  "minPB": 0,
  "maxPB": 1.7567,
  "medianPB": 1.44,
  "hienTaiPB": 1.000195922834769,
  "minPE": 0,
  "maxPE": 23.3876,
  "medianPE": 13.13,
  "hienTaiPE": 5.127562225722543,
  "minPS": 0.0871,
  "maxPS": 0.1778,
  "medianPS": 0.12,
  "hienTaiPS": 0.09072219118206688
}