{
  "minPB": 0,
  "maxPB": 1.7567,
  "medianPB": 1.45,
  "hienTaiPB": 1.0306897009699754,
  "minPE": 0,
  "maxPE": 23.3876,
  "medianPE": 13.13,
  "hienTaiPE": 5.283890342360425,
  "minPS": 0.0871,
  "maxPS": 0.1778,
  "medianPS": 0.12,
  "hienTaiPS": 0.09348811164493478
}