{
  "minPB": 0,
  "maxPB": 1.7567,
  "medianPB": 1.44,
  "hienTaiPB": 1.0184921897158927,
  "minPE": 0,
  "maxPE": 23.3876,
  "medianPE": 13.13,
  "hienTaiPE": 5.221359095705272,
  "minPS": 0.0871,
  "maxPS": 0.1778,
  "medianPS": 0.12,
  "hienTaiPS": 0.09238174345978763
}