{
  "minPB": 0.4074,
  "maxPB": 0.4812,
  "medianPB": 0.44,
  "hienTaiPB": 0.4272146951380059,
  "minPE": 6.424,
  "maxPE": 11.0142,
  "medianPE": 7.31,
  "hienTaiPE": 10.640387594252616,
  "minPS": 0.0541,
  "maxPS": 0.17,
  "medianPS": 0.08,
  "hienTaiPS": 0.07213605346243865
}