{
  "minPB": 0.3311,
  "maxPB": 0.9633,
  "medianPB": 0.5,
  "hienTaiPB": 0.4466903964220053,
  "minPE": 0,
  "maxPE": 18.3183,
  "medianPE": 7.73,
  "hienTaiPE": 11.125457543133225,
  "minPS": 0.0541,
  "maxPS": 0.17,
  "medianPS": 0.08,
  "hienTaiPS": 0.07542456447348247
}