{
  "minPB": 0.3311,
  "maxPB": 0.9633,
  "medianPB": 0.5,
  "hienTaiPB": 0.45674093034150043,
  "minPE": 0,
  "maxPE": 18.3183,
  "medianPE": 7.73,
  "hienTaiPE": 11.375780337853723,
  "minPS": 0.0541,
  "maxPS": 0.17,
  "medianPS": 0.08,
  "hienTaiPS": 0.07712161717413583
}