{
  "minPB": 0.9691,
  "maxPB": 3.3706,
  "medianPB": 2.12,
  "hienTaiPB": 3.6710233482271333,
  "minPE": 3.2843,
  "maxPE": 39.6535,
  "medianPE": 6.91,
  "hienTaiPE": 12.918896688436028,
  "minPS": 1.3761,
  "maxPS": 9.8771,
  "medianPS": 3.42,
  "hienTaiPS": 6.159880708591227
}