{
  "minPB": 0.9691,
  "maxPB": 3.3491,
  "medianPB": 2.11,
  "hienTaiPB": 3.4827657406257417,
  "minPE": 3.2843,
  "maxPE": 39.8679,
  "medianPE": 6.91,
  "hienTaiPE": 12.256389165952129,
  "minPS": 1.372,
  "maxPS": 9.8771,
  "medianPS": 3.44,
  "hienTaiPS": 5.843989390201933
}