{
  "minPB": 0.9691,
  "maxPB": 3.3619,
  "medianPB": 2.12,
  "hienTaiPB": 3.766093440065836,
  "minPE": 3.2843,
  "maxPE": 39.6535,
  "medianPE": 6.91,
  "hienTaiPE": 13.253462987290398,
  "minPS": 1.3761,
  "maxPS": 9.8771,
  "medianPS": 3.42,
  "hienTaiPS": 6.31940582437782
}