{
  "minPB": 0.9691,
  "maxPB": 3.3531,
  "medianPB": 2.12,
  "hienTaiPB": 4.004239313681596,
  "minPE": 3.2843,
  "maxPE": 39.6535,
  "medianPE": 6.91,
  "hienTaiPE": 14.09153500323253,
  "minPS": 1.3761,
  "maxPS": 9.8771,
  "medianPS": 3.42,
  "hienTaiPS": 6.719008342140277
}