{
  "minPB": 0.9691,
  "maxPB": 3.3514,
  "medianPB": 2.12,
  "hienTaiPB": 3.4375839148014076,
  "minPE": 3.2843,
  "maxPE": 39.8679,
  "medianPE": 6.91,
  "hienTaiPE": 12.097387360555993,
  "minPS": 1.372,
  "maxPS": 9.8771,
  "medianPS": 3.42,
  "hienTaiPS": 5.768175473788502
}