{
  "minPB": 0.9691,
  "maxPB": 3.353,
  "medianPB": 2.12,
  "hienTaiPB": 3.7745650324078985,
  "minPE": 3.2843,
  "maxPE": 39.7607,
  "medianPE": 6.91,
  "hienTaiPE": 13.283275825802173,
  "minPS": 1.3741,
  "maxPS": 9.8771,
  "medianPS": 3.42,
  "hienTaiPS": 6.333620933705338
}