{
  "minPB": 0.9691,
  "maxPB": 3.3514,
  "medianPB": 2.12,
  "hienTaiPB": 3.5768945444264375,
  "minPE": 3.2843,
  "maxPE": 39.8679,
  "medianPE": 6.91,
  "hienTaiPE": 12.587642927194079,
  "minPS": 1.372,
  "maxPS": 9.8771,
  "medianPS": 3.44,
  "hienTaiPS": 6.00193504939658
}