{
  "minPB": 0.9691,
  "maxPB": 3.3479,
  "medianPB": 2.11,
  "hienTaiPB": 3.4479380832194844,
  "minPE": 3.2843,
  "maxPE": 39.8679,
  "medianPE": 6.91,
  "hienTaiPE": 12.133825274292608,
  "minPS": 1.372,
  "maxPS": 9.8771,
  "medianPS": 3.44,
  "hienTaiPS": 5.785549496299914
}