{
  "minPB": 0.9691,
  "maxPB": 3.353,
  "medianPB": 2.12,
  "hienTaiPB": 4.141667367230612,
  "minPE": 3.2843,
  "maxPE": 39.6535,
  "medianPE": 6.91,
  "hienTaiPE": 14.575165494645775,
  "minPS": 1.3761,
  "maxPS": 9.8771,
  "medianPS": 3.42,
  "hienTaiPS": 6.9496090045644605
}