{
  "minPB": 0.9691,
  "maxPB": 3.3444,
  "medianPB": 2.11,
  "hienTaiPB": 3.1344891665631676,
  "minPE": 3.2843,
  "maxPE": 39.8679,
  "medianPE": 6.91,
  "hienTaiPE": 11.030750249356917,
  "minPS": 1.372,
  "maxPS": 9.8771,
  "medianPS": 3.44,
  "hienTaiPS": 5.259590451181739
}