{
  "minPB": 0.9691,
  "maxPB": 3.353,
  "medianPB": 2.12,
  "hienTaiPB": 3.435701338725394,
  "minPE": 3.2843,
  "maxPE": 39.8679,
  "medianPE": 6.91,
  "hienTaiPE": 12.090762285331154,
  "minPS": 1.372,
  "maxPS": 9.8771,
  "medianPS": 3.42,
  "hienTaiPS": 5.765016560604609
}