{
  "minPB": 0.9358,
  "maxPB": 1.2708,
  "medianPB": 0.98,
  "hienTaiPB": 1.1141845225288052,
  "minPE": 10.3604,
  "maxPE": 14.0695,
  "medianPE": 10.69,
  "hienTaiPE": 10.365134316345936,
  "minPS": 0.5263,
  "maxPS": 1.1318,
  "medianPS": 0.81,
  "hienTaiPS": 0.8899562051750837
}