{
  "minPB": 0.7721,
  "maxPB": 1.626,
  "medianPB": 1.04,
  "hienTaiPB": 0.9687740000970798,
  "minPE": 2.7572,
  "maxPE": 11.5179,
  "medianPE": 6.03,
  "hienTaiPE": 9.012396447941466,
  "minPS": 0.5443,
  "maxPS": 0.9907,
  "medianPS": 0.84,
  "hienTaiPS": 0.7738093783979965
}