{
  "minPB": 0.9358,
  "maxPB": 1.2708,
  "medianPB": 0.98,
  "hienTaiPB": 1.0496562426392981,
  "minPE": 10.3294,
  "maxPE": 14.0695,
  "medianPE": 10.69,
  "hienTaiPE": 9.76483492721112,
  "minPS": 0.5263,
  "maxPS": 1.1318,
  "medianPS": 0.81,
  "hienTaiPS": 0.8384141652923166
}