{
  "minPB": 0.7721,
  "maxPB": 1.626,
  "medianPB": 1.04,
  "hienTaiPB": 1.065084865603807,
  "minPE": 2.7572,
  "maxPE": 11.5179,
  "medianPE": 6.04,
  "hienTaiPE": 9.908365685456115,
  "minPS": 0.5443,
  "maxPS": 0.9907,
  "medianPS": 0.84,
  "hienTaiPS": 0.8507377961334698
}