{
  "minPB": 0.9358,
  "maxPB": 1.2708,
  "medianPB": 0.98,
  "hienTaiPB": 1.055170511801644,
  "minPE": 9.8161,
  "maxPE": 14.0695,
  "medianPE": 10.69,
  "hienTaiPE": 9.8161335580649,
  "minPS": 0.5263,
  "maxPS": 1.1318,
  "medianPS": 0.81,
  "hienTaiPS": 0.8428186943077594
}