{
  "minPB": 0.1864,
  "maxPB": 1.9582,
  "medianPB": 0.5,
  "hienTaiPB": 0.4999362463787183,
  "minPE": -183.0001,
  "maxPE": 351.5753,
  "medianPE": 7.22,
  "hienTaiPE": -7.4012,
  "minPS": 1.18,
  "maxPS": 14.1944,
  "medianPS": 5.93,
  "hienTaiPS": 10.408034862795304
}