{
  "minPB": 0.4943,
  "maxPB": 1.1207,
  "medianPB": 0.67,
  "hienTaiPB": 0.9866205903178993,
  "minPE": 5.8134,
  "maxPE": 21.3028,
  "medianPE": 8.04,
  "hienTaiPE": 6.304317071208328,
  "minPS": 0.1176,
  "maxPS": 0.3133,
  "medianPS": 0.16,
  "hienTaiPS": 0.22000648773896325
}