{
  "minPB": 0.4943,
  "maxPB": 1.1293,
  "medianPB": 0.67,
  "hienTaiPB": 1.0757730532984324,
  "minPE": 5.8134,
  "maxPE": 21.3028,
  "medianPE": 8.03,
  "hienTaiPE": 6.873984276437996,
  "minPS": 0.1176,
  "maxPS": 0.3133,
  "medianPS": 0.16,
  "hienTaiPS": 0.239886592052725
}