{
  "minPB": 0.4943,
  "maxPB": 1.1293,
  "medianPB": 0.67,
  "hienTaiPB": 1.1114340384906456,
  "minPE": 5.8134,
  "maxPE": 21.3028,
  "medianPE": 8.04,
  "hienTaiPE": 7.101851158529864,
  "minPS": 0.1176,
  "maxPS": 0.3133,
  "medianPS": 0.16,
  "hienTaiPS": 0.2478386337782297
}