{
  "minPB": 0.4943,
  "maxPB": 1.1207,
  "medianPB": 0.67,
  "hienTaiPB": 0.7310501964403712,
  "minPE": 5.8134,
  "maxPE": 21.3028,
  "medianPE": 8.05,
  "hienTaiPE": 4.67127108288328,
  "minPS": 0.1176,
  "maxPS": 0.301,
  "medianPS": 0.16,
  "hienTaiPS": 0.16301685537284627
}