{
  "minPB": 0.4943,
  "maxPB": 1.1207,
  "medianPB": 0.67,
  "hienTaiPB": 0.8023721668247976,
  "minPE": 5.8134,
  "maxPE": 21.3028,
  "medianPE": 8.05,
  "hienTaiPE": 5.127004847067014,
  "minPS": 0.1176,
  "maxPS": 0.301,
  "medianPS": 0.16,
  "hienTaiPS": 0.17892093882385568
}