{
  "minPB": 0.4943,
  "maxPB": 1.1207,
  "medianPB": 0.67,
  "hienTaiPB": 0.8796376347412596,
  "minPE": 5.8134,
  "maxPE": 21.3028,
  "medianPE": 8.05,
  "hienTaiPE": 5.620716424932726,
  "minPS": 0.1176,
  "maxPS": 0.3008,
  "medianPS": 0.16,
  "hienTaiPS": 0.19615036256244917
}