{
  "minPB": 0.4943,
  "maxPB": 1.1207,
  "medianPB": 0.67,
  "hienTaiPB": 0.6656717235879802,
  "minPE": 5.854,
  "maxPE": 21.3028,
  "medianPE": 8.05,
  "hienTaiPE": 7.711980919400652,
  "minPS": 0.1176,
  "maxPS": 0.301,
  "medianPS": 0.16,
  "hienTaiPS": 0.17098517475828467
}