{
  "minPB": 0.1589,
  "maxPB": 1.4434,
  "medianPB": 0.38,
  "hienTaiPB": 0.5897272431370705,
  "minPE": 0,
  "maxPE": 22.8672,
  "medianPE": 1.92,
  "hienTaiPE": 15.60498066049607,
  "minPS": 0.0743,
  "maxPS": 2.491,
  "medianPS": 0.44,
  "hienTaiPS": 2.080373175302604
}