{
  "minPB": 0.1589,
  "maxPB": 1.4434,
  "medianPB": 0.38,
  "hienTaiPB": 0.5110969440521278,
  "minPE": 0,
  "maxPE": 22.8672,
  "medianPE": 1.92,
  "hienTaiPE": 13.524316572429928,
  "minPS": 0.0743,
  "maxPS": 2.491,
  "medianPS": 0.44,
  "hienTaiPS": 1.8029900852622565
}