{
  "minPB": 0.1589,
  "maxPB": 1.4434,
  "medianPB": 0.38,
  "hienTaiPB": 0.5405833062089813,
  "minPE": 0,
  "maxPE": 22.8672,
  "medianPE": 1.92,
  "hienTaiPE": 14.304565605454732,
  "minPS": 0.0743,
  "maxPS": 2.491,
  "medianPS": 0.45,
  "hienTaiPS": 1.9070087440273866
}