{
  "minPB": 0.553,
  "maxPB": 0.8364,
  "medianPB": 0.7,
  "hienTaiPB": 0.5946416368298795,
  "minPE": 13.7844,
  "maxPE": 23.2855,
  "medianPE": 19.52,
  "hienTaiPE": 15.735022166000205,
  "minPS": 0.0743,
  "maxPS": 2.491,
  "medianPS": 0.45,
  "hienTaiPS": 2.0977096184301254
}