{
  "minPB": 0.1589,
  "maxPB": 1.4434,
  "medianPB": 0.38,
  "hienTaiPB": 0.5307545188233634,
  "minPE": 0,
  "maxPE": 22.8672,
  "medianPE": 1.92,
  "hienTaiPE": 14.044482594446464,
  "minPS": 0.0743,
  "maxPS": 2.491,
  "medianPS": 0.44,
  "hienTaiPS": 1.8723358577723432
}