{
  "minPB": 1.1027,
  "maxPB": 2.9508,
  "medianPB": 1.92,
  "hienTaiPB": 1.2228957632737034,
  "minPE": 3.5779,
  "maxPE": 225.9562,
  "medianPE": 8.23,
  "hienTaiPE": 8.39694843415034,
  "minPS": 0.5464,
  "maxPS": 1.4613,
  "medianPS": 0.93,
  "hienTaiPS": 0.8199676137278225
}