{
  "minPB": 1.0225,
  "maxPB": 1.5367,
  "medianPB": 1.3,
  "hienTaiPB": 1.168608221827079,
  "minPE": 6.8334,
  "maxPE": 10.2696,
  "medianPE": 8.67,
  "hienTaiPE": 7.8095669495725915,
  "minPS": 0.5464,
  "maxPS": 1.4613,
  "medianPS": 0.92,
  "hienTaiPS": 0.6263528548833331
}