{
  "minPB": 1.0225,
  "maxPB": 1.5367,
  "medianPB": 1.3,
  "hienTaiPB": 1.4940094466409868,
  "minPE": 6.8334,
  "maxPE": 10.2696,
  "medianPE": 8.71,
  "hienTaiPE": 10.25853605870254,
  "minPS": 0.5464,
  "maxPS": 1.4613,
  "medianPS": 0.92,
  "hienTaiPS": 1.0017528865825756
}