{
  "minPB": 1.0225,
  "maxPB": 1.5367,
  "medianPB": 1.3,
  "hienTaiPB": 1.3238423475062024,
  "minPE": 6.8334,
  "maxPE": 10.2696,
  "medianPE": 8.67,
  "hienTaiPE": 9.090092762441053,
  "minPS": 0.5464,
  "maxPS": 1.4613,
  "medianPS": 0.92,
  "hienTaiPS": 0.8876536195779965
}