{
  "minPB": 1.1027,
  "maxPB": 2.9508,
  "medianPB": 1.92,
  "hienTaiPB": 1.26904277320856,
  "minPE": 3.5779,
  "maxPE": 225.9562,
  "medianPE": 8.43,
  "hienTaiPE": 8.713814412797523,
  "minPS": 0.5464,
  "maxPS": 1.4613,
  "medianPS": 0.93,
  "hienTaiPS": 0.8509097878307591
}