{
  "minPB": 1.1027,
  "maxPB": 2.9508,
  "medianPB": 1.92,
  "hienTaiPB": 1.3555684168364166,
  "minPE": 3.5779,
  "maxPE": 225.9562,
  "medianPE": 8.25,
  "hienTaiPE": 9.30793812276099,
  "minPS": 0.5464,
  "maxPS": 1.4613,
  "medianPS": 0.93,
  "hienTaiPS": 0.9089263642737654
}