{
  "minPB": 1.1027,
  "maxPB": 2.9508,
  "medianPB": 1.92,
  "hienTaiPB": 1.315189783143417,
  "minPE": 3.5779,
  "maxPE": 225.9562,
  "medianPE": 8.28,
  "hienTaiPE": 9.030680391444706,
  "minPS": 0.5464,
  "maxPS": 1.4613,
  "medianPS": 0.93,
  "hienTaiPS": 0.8818519619336959
}