{
  "minPB": 0.3879,
  "maxPB": 2.0185,
  "medianPB": 0.78,
  "hienTaiPB": 0.5657729454284066,
  "minPE": -14.2698,
  "maxPE": 17.9471,
  "medianPE": 6.65,
  "hienTaiPE": 59.212424209220714,
  "minPS": 0.1676,
  "maxPS": 0.6155,
  "medianPS": 0.25,
  "hienTaiPS": 0.3077095250015359
}