{
  "minPB": 0.5307,
  "maxPB": 0.5786,
  "medianPB": 0.55,
  "hienTaiPB": 0.5786015180282368,
  "minPE": 9.2324,
  "maxPE": 60.555,
  "medianPE": 9.64,
  "hienTaiPE": 60.55503150233677,
  "minPS": 0.0915,
  "maxPS": 0.6121,
  "medianPS": 0.24,
  "hienTaiPS": 0.31468665958005915
}