{
  "minPB": 0.3879,
  "maxPB": 2.0185,
  "medianPB": 0.77,
  "hienTaiPB": 0.5674176342232566,
  "minPE": -14.2698,
  "maxPE": 18.0813,
  "medianPE": 6.65,
  "hienTaiPE": 59.3845533493638,
  "minPS": 0.1676,
  "maxPS": 0.6155,
  "medianPS": 0.25,
  "hienTaiPS": 0.30860402943467996
}