{
  "minPB": 0.5307,
  "maxPB": 0.5707,
  "medianPB": 0.55,
  "hienTaiPB": 0.5706893823900036,
  "minPE": 9.2324,
  "maxPE": 9.9288,
  "medianPE": 9.64,
  "hienTaiPE": 9.928849462728508,
  "minPS": 0.0915,
  "maxPS": 0.6121,
  "medianPS": 0.24,
  "hienTaiPS": 0.23066651339552
}