{
  "minPB": 0.3879,
  "maxPB": 2.019,
  "medianPB": 0.78,
  "hienTaiPB": 0.5674176342232566,
  "minPE": -14.6066,
  "maxPE": 17.946,
  "medianPE": 6.64,
  "hienTaiPE": 59.3845533493638,
  "minPS": 0.1676,
  "maxPS": 0.6155,
  "medianPS": 0.25,
  "hienTaiPS": 0.30860402943467996
}