{
  "minPB": 1.2571,
  "maxPB": 1.7975,
  "medianPB": 1.57,
  "hienTaiPB": 1.367389838341637,
  "minPE": 11.9165,
  "maxPE": 58.9361,
  "medianPE": 16.97,
  "hienTaiPE": 12.984779538048269,
  "minPS": 3.1088,
  "maxPS": 4.6617,
  "medianPS": 3.67,
  "hienTaiPS": 3.3147887735081185
}