{
  "minPB": 1.2529,
  "maxPB": 1.7975,
  "medianPB": 1.57,
  "hienTaiPB": 1.3457539231780034,
  "minPE": 11.9128,
  "maxPE": 58.9361,
  "medianPE": 16.97,
  "hienTaiPE": 12.779324165610797,
  "minPS": 3.105,
  "maxPS": 4.6617,
  "medianPS": 3.67,
  "hienTaiPS": 3.2623395840538763
}