{
  "minPB": 1.1886,
  "maxPB": 1.612,
  "medianPB": 1.29,
  "hienTaiPB": 1.490189341513743,
  "minPE": 14.5218,
  "maxPE": 19.6944,
  "medianPE": 15.82,
  "hienTaiPE": 16.837195389323476,
  "minPS": 3.1188,
  "maxPS": 4.6617,
  "medianPS": 3.67,
  "hienTaiPS": 3.624002699998858
}