{
  "minPB": 1.2612,
  "maxPB": 1.7975,
  "medianPB": 1.57,
  "hienTaiPB": 1.2981549098180099,
  "minPE": 11.9201,
  "maxPE": 58.9361,
  "medianPE": 16.97,
  "hienTaiPE": 12.327322346248357,
  "minPS": 3.1126,
  "maxPS": 4.6617,
  "medianPS": 3.67,
  "hienTaiPS": 3.146951367254543
}