{
  "minPB": 1.1886,
  "maxPB": 1.612,
  "medianPB": 1.29,
  "hienTaiPB": 1.535346594286887,
  "minPE": 13.971,
  "maxPE": 19.6944,
  "medianPE": 15.77,
  "hienTaiPE": 13.970965325748137,
  "minPS": 3.1188,
  "maxPS": 4.6617,
  "medianPS": 3.67,
  "hienTaiPS": 3.5665448828884823
}