{
  "minPB": 1.1886,
  "maxPB": 1.7431,
  "medianPB": 1.29,
  "hienTaiPB": 1.743069957043348,
  "minPE": 14.5218,
  "maxPE": 19.6944,
  "medianPE": 15.82,
  "hienTaiPE": 19.69441642508746,
  "minPS": 3.1188,
  "maxPS": 4.6617,
  "medianPS": 3.67,
  "hienTaiPS": 4.238984976362301
}