{
  "minPB": 0.3311,
  "maxPB": 1.92,
  "medianPB": 0.46,
  "hienTaiPB": 0.7712812549281535,
  "minPE": -103.3858,
  "maxPE": 3865.7978,
  "medianPE": -8.82,
  "hienTaiPE": -13.4301,
  "minPS": 0.8894,
  "maxPS": 15.0861,
  "medianPS": 2.09,
  "hienTaiPS": 2.9225366697411213
}