{
  "minPB": 0.3311,
  "maxPB": 1.9232,
  "medianPB": 0.46,
  "hienTaiPB": 0.7361781271575903,
  "minPE": -103.3858,
  "maxPE": 3865.7978,
  "medianPE": -8.82,
  "hienTaiPE": -15.6369,
  "minPS": 0.8894,
  "maxPS": 15.0861,
  "medianPS": 2.09,
  "hienTaiPS": 2.7895240009169124
}