{
  "minPB": 0.442,
  "maxPB": 6.2357,
  "medianPB": 0.52,
  "hienTaiPB": 0.5835558325029679,
  "minPE": -12.77,
  "maxPE": -3.7821,
  "medianPE": -4.46,
  "hienTaiPE": -12.77,
  "minPS": 0.6952,
  "maxPS": 14.7657,
  "medianPS": 1.93,
  "hienTaiPS": 2.2112080495073085
}