{
  "minPB": 0.3311,
  "maxPB": 1.307,
  "medianPB": 0.46,
  "hienTaiPB": 0.6703709848153326,
  "minPE": -103.3858,
  "maxPE": 3865.7978,
  "medianPE": -8.82,
  "hienTaiPE": -12.011,
  "minPS": 0.8894,
  "maxPS": 15.0861,
  "medianPS": 2.09,
  "hienTaiPS": 2.540167770103242
}