{
  "minPB": 0.3311,
  "maxPB": 1.9232,
  "medianPB": 0.46,
  "hienTaiPB": 0.780528370427816,
  "minPE": -103.3858,
  "maxPE": 3865.7978,
  "medianPE": -8.82,
  "hienTaiPE": -15.4517,
  "minPS": 0.8894,
  "maxPS": 15.0861,
  "medianPS": 2.09,
  "hienTaiPS": 2.957575812679468
}