{
  "minPB": 0.3132,
  "maxPB": 1.9281,
  "medianPB": 0.65,
  "hienTaiPB": 0.8014107858767965,
  "minPE": 4.2465,
  "maxPE": 13.8076,
  "medianPE": 7.47,
  "hienTaiPE": 11.161362101039051,
  "minPS": 0.1181,
  "maxPS": 1.1398,
  "medianPS": 0.23,
  "hienTaiPS": 0.19471327373689615
}