{
  "minPB": 0.3132,
  "maxPB": 1.9281,
  "medianPB": 0.65,
  "hienTaiPB": 1.038017779802327,
  "minPE": 4.2465,
  "maxPE": 13.8843,
  "medianPE": 7.47,
  "hienTaiPE": 14.456621388012486,
  "minPS": 0.1181,
  "maxPS": 1.1457,
  "medianPS": 0.23,
  "hienTaiPS": 0.2522000497925512
}