{
  "minPB": 0.3132,
  "maxPB": 1.9281,
  "medianPB": 0.65,
  "hienTaiPB": 0.7708808511767281,
  "minPE": 4.2465,
  "maxPE": 13.8076,
  "medianPE": 7.46,
  "hienTaiPE": 10.736167354332801,
  "minPS": 0.1181,
  "maxPS": 1.1398,
  "medianPS": 0.23,
  "hienTaiPS": 0.1872956252135858
}