{
  "minPB": 0.3132,
  "maxPB": 1.9281,
  "medianPB": 0.65,
  "hienTaiPB": 1.1868512114651606,
  "minPE": 4.2465,
  "maxPE": 14.0065,
  "medianPE": 7.48,
  "hienTaiPE": 16.529445778205453,
  "minPS": 0.1181,
  "maxPS": 1.1457,
  "medianPS": 0.23,
  "hienTaiPS": 0.288361086343689
}