{
  "minPB": 0.3132,
  "maxPB": 1.9281,
  "medianPB": 0.65,
  "hienTaiPB": 0.9731416685646815,
  "minPE": 4.2465,
  "maxPE": 13.8076,
  "medianPE": 7.47,
  "hienTaiPE": 13.553082551261706,
  "minPS": 0.1181,
  "maxPS": 1.1457,
  "medianPS": 0.23,
  "hienTaiPS": 0.23643754668051672
}