{
  "minPB": 0.3132,
  "maxPB": 1.9281,
  "medianPB": 0.65,
  "hienTaiPB": 1.4120094798781653,
  "minPE": 4.2465,
  "maxPE": 14.3274,
  "medianPE": 7.49,
  "hienTaiPE": 19.665257035164043,
  "minPS": 0.1181,
  "maxPS": 1.1457,
  "medianPS": 0.23,
  "hienTaiPS": 0.3430662442031027
}