{
  "minPB": 0.3132,
  "maxPB": 1.9281,
  "medianPB": 0.65,
  "hienTaiPB": 1.354765852315537,
  "minPE": 4.2465,
  "maxPE": 14.1201,
  "medianPE": 7.48,
  "hienTaiPE": 18.868016885089826,
  "minPS": 0.1181,
  "maxPS": 1.1457,
  "medianPS": 0.23,
  "hienTaiPS": 0.32915815322189584
}