{
  "minPB": 0.3132,
  "maxPB": 1.9281,
  "medianPB": 0.65,
  "hienTaiPB": 0.763248367501711,
  "minPE": 4.2465,
  "maxPE": 13.8076,
  "medianPE": 7.46,
  "hienTaiPE": 10.62986866765624,
  "minPS": 0.1181,
  "maxPS": 1.1398,
  "medianPS": 0.23,
  "hienTaiPS": 0.1854412130827582
}