{
  "minPB": 0.3309,
  "maxPB": 15.6306,
  "medianPB": 1.03,
  "hienTaiPB": 1.415803457975572,
  "minPE": -111.1499,
  "maxPE": 93.0223,
  "medianPE": 15.06,
  "hienTaiPE": 22.352422044372513,
  "minPS": 0.35,
  "maxPS": 8.2634,
  "medianPS": 1.2,
  "hienTaiPS": 2.819178026335745
}