{
  "minPB": 0.3309,
  "maxPB": 15.6306,
  "medianPB": 1.03,
  "hienTaiPB": 1.4301528173469462,
  "minPE": -111.1499,
  "maxPE": 93.0223,
  "medianPE": 14.75,
  "hienTaiPE": 22.5789668623898,
  "minPS": 0.3488,
  "maxPS": 8.189,
  "medianPS": 1.22,
  "hienTaiPS": 2.8477507766026613
}