{
  "minPB": 0.3309,
  "maxPB": 15.6306,
  "medianPB": 1.04,
  "hienTaiPB": 1.5545139318988546,
  "minPE": -111.1499,
  "maxPE": 93.0223,
  "medianPE": 15.17,
  "hienTaiPE": 24.542355285206305,
  "minPS": 0.35,
  "maxPS": 8.2634,
  "medianPS": 1.2,
  "hienTaiPS": 3.0953812789159363
}