{
  "minPB": 0.3309,
  "maxPB": 15.6306,
  "medianPB": 1.04,
  "hienTaiPB": 1.5305983329465644,
  "minPE": -111.1499,
  "maxPE": 93.0223,
  "medianPE": 15.37,
  "hienTaiPE": 24.164780588510826,
  "minPS": 0.35,
  "maxPS": 8.2634,
  "medianPS": 1.2,
  "hienTaiPS": 3.047760028471076
}