{
  "minPB": 0.3309,
  "maxPB": 15.6306,
  "medianPB": 1.03,
  "hienTaiPB": 1.339273541328244,
  "minPE": -111.1499,
  "maxPE": 93.0223,
  "medianPE": 14.65,
  "hienTaiPE": 21.14418301494697,
  "minPS": 0.3488,
  "maxPS": 8.189,
  "medianPS": 1.22,
  "hienTaiPS": 2.666790024912191
}