{
  "minPB": 0.3309,
  "maxPB": 15.6306,
  "medianPB": 1.03,
  "hienTaiPB": 1.3918878590232822,
  "minPE": -111.1499,
  "maxPE": 93.0223,
  "medianPE": 14.51,
  "hienTaiPE": 21.97484734767703,
  "minPS": 0.3488,
  "maxPS": 8.189,
  "medianPS": 1.22,
  "hienTaiPS": 2.771556775890885
}