{
  "minPB": 0.3309,
  "maxPB": 15.6306,
  "medianPB": 1.04,
  "hienTaiPB": 1.4923333746229004,
  "minPE": -111.1499,
  "maxPE": 93.0223,
  "medianPE": 15.73,
  "hienTaiPE": 23.560661073798055,
  "minPS": 0.35,
  "maxPS": 8.2634,
  "medianPS": 1.2,
  "hienTaiPS": 2.971566027759299
}